m2n20r0 1.0000E+02 1.0000E+02  0.3  3.0 10.0  0.8 -1.0 1.0524E-10 3.4666E-09 1.2991E-06 8.4470E-08 2.2753E-02 1.0000E+03 2.9999E-01
m2n20r1 1.0000E+02 1.0000E+02  0.3  0.0  0.0  1.0  0.5 1.2933E-10 3.6518E-09 1.2991E-06 8.4470E-08 9.2261E-03 1.0000E+03 9.2214E-02
m2n20r2 1.0000E+02 1.0000E+02  0.3  0.0  0.0  1.0  1.0 9.8029E-11 3.3801E-09 1.2991E-06 8.4470E-08 2.8446E-02 1.0000E+03 4.0050E-01
m2n25r0 1.0000E+02 3.1623E+02  0.3  3.0 10.0  0.8 -1.0 4.2014E-10 5.1667E-08 1.2991E-06 2.6712E-07 4.7393E-02 1.0000E+03 2.9998E-01
m2n25r1 1.0000E+02 3.1623E+02  0.3  0.0  0.0  1.0  0.5 4.1600E-10 1.1541E-08 1.2991E-06 2.6712E-07 2.2142E-02 1.0000E+03 9.2214E-02
m2n25r2 1.0000E+02 3.1623E+02  0.3  0.0  0.0  1.0  1.0 4.2690E-10 5.6482E-08 1.2991E-06 2.6712E-07 3.0635E-02 1.0000E+03 4.0050E-01
m2n30r0 1.0000E+02 1.0000E+03  0.3  3.0 10.0  0.8 -1.0 3.3608E-09 3.9211E-07 1.2991E-06 8.4470E-07 2.4143E-01 1.0000E+03 2.9991E-01
m2n30r1 1.0000E+02 1.0000E+03  0.3  0.0  0.0  1.0  0.5 2.9609E-09 2.6398E-07 1.2991E-06 8.4470E-07 7.2252E-01 1.0000E+03 9.2187E-02
m2n30r2 1.0000E+02 1.0000E+03  0.3  0.0  0.0  1.0  1.0 3.1735E-09 3.8319E-07 1.2991E-06 8.4470E-07 9.2641E-01 1.0000E+03 4.0036E-01
m2n35r0 1.0000E+02 3.1623E+03  0.3  3.0 10.0  0.8 -1.0 9.7522E-09 9.9255E-07 1.2991E-06 2.6712E-06 3.6381E-01 1.0000E+03 2.9986E-01
m2n35r1 1.0000E+02 3.1623E+03  0.3  0.0  0.0  1.0  0.5 1.2186E-08 7.9922E-07 1.2991E-06 2.6712E-06 5.7748E-02 1.0000E+03 9.2212E-02
m2n35r2 1.0000E+02 3.1623E+03  0.3  0.0  0.0  1.0  1.0 9.8834E-09 9.6320E-07 1.2991E-06 2.6712E-06 6.0361E-01 1.0000E+03 4.0041E-01
m2n40r0 1.0000E+02 1.0000E+04  0.3  3.0 10.0  0.8 -1.0 2.5949E-08 2.0659E-06 1.2991E-06 8.4470E-06 1.2299E+00 1.0000E+03 2.9954E-01
m2n40r1 1.0000E+02 1.0000E+04  0.3  0.0  0.0  1.0  0.5 3.1904E-08 1.6211E-06 1.2991E-06 8.4470E-06 3.9141E-01 1.0000E+03 9.2200E-02
m2n40r2 1.0000E+02 1.0000E+04  0.3  0.0  0.0  1.0  1.0 2.4361E-08 1.8125E-06 1.2991E-06 8.4470E-06 4.8161E-01 1.0000E+03 4.0043E-01
m2n45r0 1.0000E+02 3.1623E+04  0.3  3.0 10.0  0.8 -1.0 7.7437E-08 5.5326E-06 1.2991E-06 2.6712E-05 2.3196E+00 1.0000E+03 2.9913E-01
m2n45r1 1.0000E+02 3.1623E+04  0.3  0.0  0.0  1.0  0.5 8.8758E-08 3.5803E-06 1.2991E-06 2.6712E-05 2.2101E+00 1.0000E+03 9.2131E-02
m2n45r2 1.0000E+02 3.1623E+04  0.3  0.0  0.0  1.0  1.0 6.5497E-08 3.7441E-06 1.2991E-06 2.6712E-05 7.1735E+00 1.0000E+03 3.9937E-01
m2n50r0 1.0000E+02 1.0000E+05  0.3  3.0 10.0  0.8 -1.0 2.1841E-07 9.5132E-06 1.2991E-06 8.4470E-05 3.5587E+00 1.0000E+03 2.9867E-01
m2n50r1 1.0000E+02 1.0000E+05  0.3  0.0  0.0  1.0  0.5 2.6867E-07 9.0037E-06 1.2991E-06 8.4470E-05 5.9529E+00 1.0000E+03 9.1989E-02
m2n50r2 1.0000E+02 1.0000E+05  0.3  0.0  0.0  1.0  1.0 1.6082E-07 4.7216E-06 1.2991E-06 8.4470E-05 1.2698E+02 1.0000E+03 3.8048E-01
m2n55r0 1.0000E+02 3.1623E+05  0.3  3.0 10.0  0.8 -1.0 4.7958E-07 2.0050E-05 1.2991E-06 2.6712E-04 2.6048E+01 1.0000E+03 2.9023E-01
m2n55r1 1.0000E+02 3.1623E+05  0.3  0.0  0.0  1.0  0.5 6.6048E-07 1.6263E-05 1.2991E-06 2.6712E-04 2.0633E+00 1.0000E+03 9.2136E-02
m2n55r2 1.0000E+02 3.1623E+05  0.3  0.0  0.0  1.0  1.0 3.3400E-07 5.9274E-06 1.2991E-06 2.6712E-04 6.1408E+01 1.0000E+03 3.9082E-01
m2n60r0 1.0000E+02 1.0000E+06  0.3  3.0 10.0  0.8 -1.0 1.0753E-06 2.2174E-05 1.2991E-06 8.4470E-04 3.1449E+01 1.0000E+03 2.8821E-01
m2n60r1 1.0000E+02 1.0000E+06  0.3  0.0  0.0  1.0  0.5 1.3575E-06 1.9886E-05 1.2991E-06 8.4470E-04 2.5055E+01 1.0000E+03 9.1264E-02
m2n60r2 1.0000E+02 1.0000E+06  0.3  0.0  0.0  1.0  1.0 6.2169E-07 6.0644E-06 1.2991E-06 8.4470E-04 6.0579E+01 1.0000E+03 3.9095E-01
m2n65r0 1.0000E+02 3.1623E+06  0.3  3.0 10.0  0.8 -1.0 1.9130E-06 2.9127E-05 1.2991E-06 2.6712E-03 4.7822E+01 1.0000E+03 2.8207E-01
m2n65r1 1.0000E+02 3.1623E+06  0.3  0.0  0.0  1.0  0.5 2.6029E-06 2.1533E-05 1.2991E-06 2.6712E-03 1.5648E+02 1.0000E+03 8.6285E-02
m2n65r2 1.0000E+02 3.1623E+06  0.3  0.0  0.0  1.0  1.0 9.9822E-07 6.7790E-06 1.2991E-06 2.6712E-03 3.4186E+02 1.0000E+03 3.4668E-01
m2n70r0 1.0000E+02 1.0000E+07  0.3  3.0 10.0  0.8 -1.0 2.9808E-06 5.5651E-05 1.2991E-06 8.4470E-03 4.0028E+02 1.0000E+03 1.4990E-01
m2n70r1 1.0000E+02 1.0000E+07  0.3  0.0  0.0  1.0  0.5 4.4529E-06 2.2208E-05 1.2991E-06 8.4470E-03 4.3907E+02 1.0000E+03 7.5615E-02
m2n70r2 1.0000E+02 1.0000E+07  0.3  0.0  0.0  1.0  1.0 1.5839E-06 1.6083E-05 1.2991E-06 8.4470E-03 2.3360E+02 1.0000E+03 3.6370E-01
m2n75r0 1.0000E+02 3.1623E+07  0.3  3.0 10.0  0.8 -1.0 9.6547E-03 2.1637E+00 1.2991E-06 2.6712E-02 7.9975E+02 1.0000E+03 1.0657E-04
m2n75r1 1.0000E+02 3.1623E+07  0.3  0.0  0.0  1.0  0.5 3.7102E-06 1.2409E+02 1.2991E-06 2.6712E-02 5.8149E-13 1.0000E+03 9.2215E-02
m2n75r2 1.0000E+02 3.1623E+07  0.3  0.0  0.0  1.0  1.0 2.7558E-06 3.7825E-05 1.2991E-06 2.6712E-02 6.3885E+02 1.0000E+03 3.0019E-01
m2n80r0 1.0000E+02 1.0000E+08  0.3  3.0 10.0  0.8 -1.0 1.1332E-02 7.3040E-01 1.2991E-06 8.4470E-02 7.9979E+02 1.0000E+03 9.1285E-05
m2n80r1 1.0000E+02 1.0000E+08  0.3  0.0  0.0  1.0  0.5 3.9074E-06 2.2880E+01 1.2991E-06 8.4470E-02 1.1965E+01 1.0000E+03 9.1761E-02
m2n80r2 1.0000E+02 1.0000E+08  0.3  0.0  0.0  1.0  1.0 1.8125E-06 5.6352E+01 1.2991E-06 8.4470E-02 3.6871E-02 1.0000E+03 4.0050E-01
m2n85r0 1.0000E+02 3.1623E+08  0.3  3.0 10.0  0.8 -1.0 1.6155E-02 6.5415E-02 1.2991E-06 2.6712E-01 7.9986E+02 1.0000E+03 6.4403E-05
m2n85r1 1.0000E+02 3.1623E+08  0.3  0.0  0.0  1.0  0.5 5.4933E-06 3.2943E+01 1.2991E-06 2.6712E-01 1.2927E-01 1.0000E+03 9.2210E-02
m2n85r2 1.0000E+02 3.1623E+08  0.3  0.0  0.0  1.0  1.0 2.1839E-06 2.2234E+01 1.2991E-06 2.6712E-01 6.0219E+02 1.0000E+03 3.0591E-01
m2n90r0 1.0000E+02 1.0000E+09  0.3  3.0 10.0  0.8 -1.0 3.8136E-02 4.2051E-02 1.2991E-06 8.4470E-01 7.9996E+02 1.0000E+03 2.7535E-05
m2n90r1 1.0000E+02 1.0000E+09  0.3  0.0  0.0  1.0  0.5 7.3113E-06 1.4996E+04 1.2991E-06 8.4470E-01 4.1801E+02 1.0000E+03 7.6408E-02
m2n90r2 1.0000E+02 1.0000E+09  0.3  0.0  0.0  1.0  1.0 2.9592E-06 6.8035E+03 1.2991E-06 8.4470E-01 2.8745E+02 1.0000E+03 3.5523E-01
m2n95r0 1.0000E+02 3.1623E+09  0.3  3.0 10.0  0.8 -1.0 1.1807E-01 1.2818E-01 1.2991E-06 2.6712E+00 8.0001E+02 1.0000E+03 9.0669E-06
m2n95r1 1.0000E+02 3.1623E+09  0.3  0.0  0.0  1.0  0.5 6.8278E-06 6.5136E+03 1.2991E-06 2.6712E+00 7.0492E+02 1.0000E+03 6.5635E-02
m2n95r2 1.0000E+02 3.1623E+09  0.3  0.0  0.0  1.0  1.0 4.0979E-06 1.4556E+04 1.2991E-06 2.6712E+00 7.8790E-06 1.0000E+03 4.0051E-01
m3n20r0 1.0000E+03 1.0000E+02  0.3  3.0 10.0  0.8 -1.0 3.3078E-08 3.9211E-06 1.2991E-05 8.4470E-06 5.4903E-01 1.0000E+04 2.9998E-01
m3n20r1 1.0000E+03 1.0000E+02  0.3  0.0  0.0  1.0  0.5 2.9655E-08 2.6368E-06 1.2991E-05 8.4470E-06 3.6578E-01 1.0000E+04 9.2213E-02
m3n20r2 1.0000E+03 1.0000E+02  0.3  0.0  0.0  1.0  1.0 3.1975E-08 3.8478E-06 1.2991E-05 8.4470E-06 3.5531E+00 1.0000E+04 4.0045E-01
m3n25r0 1.0000E+03 3.1623E+02  0.3  3.0 10.0  0.8 -1.0 9.9159E-08 9.9255E-06 1.2991E-05 2.6712E-05 3.5206E+00 1.0000E+04 2.9987E-01
m3n25r1 1.0000E+03 3.1623E+02  0.3  0.0  0.0  1.0  0.5 1.2013E-07 7.9922E-06 1.2991E-05 2.6712E-05 2.6054E+01 1.0000E+04 9.2116E-02
m3n25r2 1.0000E+03 3.1623E+02  0.3  0.0  0.0  1.0  1.0 9.8198E-08 1.0250E-05 1.2991E-05 2.6712E-05 1.8776E+00 1.0000E+04 4.0048E-01
m3n30r0 1.0000E+03 1.0000E+03  0.3  3.0 10.0  0.8 -1.0 2.6631E-07 2.0553E-05 1.2991E-05 8.4470E-05 2.7116E+01 1.0000E+04 2.9898E-01
m3n30r1 1.0000E+03 1.0000E+03  0.3  0.0  0.0  1.0  0.5 3.0414E-07 1.6211E-05 1.2991E-05 8.4470E-05 1.5210E+01 1.0000E+04 9.2157E-02
m3n30r2 1.0000E+03 1.0000E+03  0.3  0.0  0.0  1.0  1.0 2.4535E-07 1.8125E-05 1.2991E-05 8.4470E-05 2.4636E+01 1.0000E+04 4.0012E-01
m3n35r0 1.0000E+03 3.1623E+03  0.3  3.0 10.0  0.8 -1.0 7.5821E-07 4.3783E-05 1.2991E-05 2.6712E-04 2.2760E+01 1.0000E+04 2.9915E-01
m3n35r1 1.0000E+03 3.1623E+03  0.3  0.0  0.0  1.0  0.5 8.8999E-07 3.8267E-05 1.2991E-05 2.6712E-04 5.2377E+01 1.0000E+04 9.2016E-02
m3n35r2 1.0000E+03 3.1623E+03  0.3  0.0  0.0  1.0  1.0 6.5686E-07 2.9135E-05 1.2991E-05 2.6712E-04 9.2309E+02 1.0000E+04 3.8595E-01
m3n40r0 1.0000E+03 1.0000E+04  0.3  3.0 10.0  0.8 -1.0 2.1153E-06 1.0488E-04 1.2991E-05 8.4470E-04 1.5073E+03 1.0000E+04 2.4348E-01
m3n40r1 1.0000E+03 1.0000E+04  0.3  0.0  0.0  1.0  0.5 2.6166E-06 8.9942E-05 1.2991E-05 8.4470E-04 2.8514E+01 1.0000E+04 9.2106E-02
m3n40r2 1.0000E+03 1.0000E+04  0.3  0.0  0.0  1.0  1.0 1.6130E-06 4.7753E-05 1.2991E-05 8.4470E-04 4.6456E+01 1.0000E+04 3.9977E-01
m3n45r0 1.0000E+03 3.1623E+04  0.3  3.0 10.0  0.8 -1.0 5.0931E-06 2.0127E-04 1.2991E-05 2.6712E-03 1.6214E+03 1.0000E+04 2.3920E-01
m3n45r1 1.0000E+03 3.1623E+04  0.3  0.0  0.0  1.0  0.5 6.5959E-06 1.5410E-04 1.2991E-05 2.6712E-03 5.4563E+01 1.0000E+04 9.2008E-02
m3n45r2 1.0000E+03 3.1623E+04  0.3  0.0  0.0  1.0  1.0 3.3241E-06 5.8578E-05 1.2991E-05 2.6712E-03 5.9877E+02 1.0000E+04 3.9106E-01
m3n50r0 1.0000E+03 1.0000E+05  0.3  3.0 10.0  0.8 -1.0 1.0755E-05 2.2174E-04 1.2991E-05 8.4470E-03 4.0727E+02 1.0000E+04 2.8473E-01
m3n50r1 1.0000E+03 1.0000E+05  0.3  0.0  0.0  1.0  0.5 1.3520E-05 2.0041E-04 1.2991E-05 8.4470E-03 2.3896E+02 1.0000E+04 9.1308E-02
m3n50r2 1.0000E+03 1.0000E+05  0.3  0.0  0.0  1.0  1.0 6.2141E-06 6.0566E-05 1.2991E-05 8.4470E-03 2.9396E+02 1.0000E+04 3.9587E-01
m3n55r0 1.0000E+03 3.1623E+05  0.3  3.0 10.0  0.8 -1.0 1.9140E-05 2.9125E-04 1.2991E-05 2.6712E-02 1.4486E+03 1.0000E+04 2.4568E-01
m3n55r1 1.0000E+03 3.1623E+05  0.3  0.0  0.0  1.0  0.5 2.6026E-05 2.1541E-04 1.2991E-05 2.6712E-02 7.6581E+02 1.0000E+04 8.9311E-02
m3n55r2 1.0000E+03 3.1623E+05  0.3  0.0  0.0  1.0  1.0 9.9769E-06 6.8112E-05 1.2991E-05 2.6712E-02 5.8743E+02 1.0000E+04 3.9124E-01
m3n60r0 1.0000E+03 1.0000E+06  0.3  3.0 10.0  0.8 -1.0 2.9804E-05 5.5651E-04 1.2991E-05 8.4470E-02 2.1427E+03 1.0000E+04 2.1965E-01
m3n60r1 1.0000E+03 1.0000E+06  0.3  0.0  0.0  1.0  0.5 4.4520E-05 2.2223E-04 1.2991E-05 8.4470E-02 8.7616E+02 1.0000E+04 8.8893E-02
m3n60r2 1.0000E+03 1.0000E+06  0.3  0.0  0.0  1.0  1.0 1.5840E-05 1.6083E-04 1.2991E-05 8.4470E-02 4.0905E+03 1.0000E+04 3.3614E-01
m3n65r0 1.0000E+03 3.1623E+06  0.3  3.0 10.0  0.8 -1.0 9.6553E-02 2.1637E+01 1.2991E-05 2.6712E-01 7.9975E+03 1.0000E+04 1.0530E-04
m3n65r1 1.0000E+03 3.1623E+06  0.3  0.0  0.0  1.0  0.5 3.6281E-05 2.2007E+03 1.2991E-05 2.6712E-01 6.7622E+00 1.0000E+04 9.2189E-02
m3n65r2 1.0000E+03 3.1623E+06  0.3  0.0  0.0  1.0  1.0 2.7558E-05 3.7825E-04 1.2991E-05 2.6712E-01 6.3885E+03 1.0000E+04 3.0019E-01
m3n70r0 1.0000E+03 1.0000E+07  0.3  3.0 10.0  0.8 -1.0 1.1332E-01 7.3040E+00 1.2991E-05 8.4470E-01 7.9979E+03 1.0000E+04 9.1528E-05
m3n70r1 1.0000E+03 1.0000E+07  0.3  0.0  0.0  1.0  0.5 3.9502E-05 1.8596E+02 1.2991E-05 8.4470E-01 1.7715E+03 1.0000E+04 8.5503E-02
m3n70r2 1.0000E+03 1.0000E+07  0.3  0.0  0.0  1.0  1.0 1.8164E-05 2.5274E+03 1.2991E-05 8.4470E-01 6.1158E+03 1.0000E+04 3.0444E-01
m3n75r0 1.0000E+03 3.1623E+07  0.3  3.0 10.0  0.8 -1.0 1.6155E-01 6.5415E-01 1.2991E-05 2.6712E+00 7.9986E+03 1.0000E+04 6.4370E-05
m3n75r1 1.0000E+03 3.1623E+07  0.3  0.0  0.0  1.0  0.5 5.2518E-05 3.0699E+02 1.2991E-05 2.6712E+00 4.4638E+02 1.0000E+04 9.0522E-02
m3n75r2 1.0000E+03 3.1623E+07  0.3  0.0  0.0  1.0  1.0 2.2590E-05 3.0515E+02 1.2991E-05 2.6712E+00 1.7740E-13 1.0000E+04 4.0051E-01
m3n80r0 1.0000E+03 1.0000E+08  0.3  3.0 10.0  0.8 -1.0 3.8136E-01 4.2052E-01 1.2991E-05 8.4470E+00 7.9996E+03 1.0000E+04 2.7552E-05
m3n80r1 1.0000E+03 1.0000E+08  0.3  0.0  0.0  1.0  0.5 7.4140E-05 1.2817E+05 1.2991E-05 8.4470E+00 9.0493E-11 1.0000E+04 9.2215E-02
m3n80r2 1.0000E+03 1.0000E+08  0.3  0.0  0.0  1.0  1.0 4.0800E-05 9.8732E+04 1.2991E-05 8.4470E+00 2.4590E-18 1.0000E+04 4.0051E-01
m3n85r0 1.0000E+03 3.1623E+08  0.3  3.0 10.0  0.8 -1.0 1.1802E+00 1.2818E+00 1.2991E-05 2.6712E+01 8.0001E+03 1.0000E+04 9.0271E-06
m3n85r1 1.0000E+03 3.1623E+08  0.3  0.0  0.0  1.0  0.5 9.5779E-05 2.2391E+05 1.2991E-05 2.6712E+01 2.5827E-09 1.0000E+04 9.2215E-02
m3n85r2 1.0000E+03 3.1623E+08  0.3  0.0  0.0  1.0  1.0 3.0942E-05 5.0381E+04 1.2991E-05 2.6712E+01 7.9027E+03 1.0000E+04 2.7662E-01
m3n90r0 1.0000E+03 1.0000E+09  0.3  3.0 10.0  0.8 -1.0 3.8045E+00 6.8039E+00 1.2991E-05 8.4470E+01 8.0003E+03 1.0000E+04 3.1658E-06
m3n90r1 1.0000E+03 1.0000E+09  0.3  0.0  0.0  1.0  0.5 1.3168E-02 4.0296E+02 1.2991E-05 8.4470E+01 4.0231E-09 1.0000E+04 9.2215E-02
m3n90r2 1.0000E+03 1.0000E+09  0.3  0.0  0.0  1.0  1.0 5.3753E-05 7.9521E+04 1.2991E-05 8.4470E+01 8.8667E+03 1.0000E+04 2.6167E-01
m3n95r0 1.0000E+03 3.1623E+09  0.3  3.0 10.0  0.8 -1.0 9.4636E+00 1.9870E+01 1.2991E-05 2.6712E+02 8.0003E+03 1.0000E+04 9.4557E-07
m3n95r1 1.0000E+03 3.1623E+09  0.3  0.0  0.0  1.0  0.5 5.1302E-01 2.2287E+02 1.2991E-05 2.6712E+02 0.0000E+00 1.0000E+04 2.6429E-05
m3n95r2 1.0000E+03 3.1623E+09  0.3  0.0  0.0  1.0  1.0 3.9625E-01 3.3284E+02 1.2991E-05 2.6712E+02 0.0000E+00 1.0000E+04 9.9236E-07
m4n20r0 1.0000E+04 1.0000E+02  0.3  3.0 10.0  0.8 -1.0 2.5783E-06 2.0549E-04 1.2991E-04 8.4470E-04 1.0422E+03 1.0000E+05 2.9609E-01
m4n20r1 1.0000E+04 1.0000E+02  0.3  0.0  0.0  1.0  0.5 3.0846E-06 1.6211E-04 1.2991E-04 8.4470E-04 1.6038E+02 1.0000E+05 9.2154E-02
m4n20r2 1.0000E+04 1.0000E+02  0.3  0.0  0.0  1.0  1.0 2.3780E-06 1.8125E-04 1.2991E-04 8.4470E-04 1.0782E+02 1.0000E+05 4.0034E-01
m4n25r0 1.0000E+04 3.1623E+02  0.3  3.0 10.0  0.8 -1.0 7.6758E-06 4.2883E-04 1.2991E-04 2.6712E-03 7.2358E+02 1.0000E+05 2.9729E-01
m4n25r1 1.0000E+04 3.1623E+02  0.3  0.0  0.0  1.0  0.5 8.8381E-06 4.0517E-04 1.2991E-04 2.6712E-03 2.1853E+02 1.0000E+05 9.2132E-02
m4n25r2 1.0000E+04 3.1623E+02  0.3  0.0  0.0  1.0  1.0 6.5764E-06 3.4072E-04 1.2991E-04 2.6712E-03 5.4313E+02 1.0000E+05 3.9965E-01
m4n30r0 1.0000E+04 1.0000E+03  0.3  3.0 10.0  0.8 -1.0 2.0865E-05 1.3125E-03 1.2991E-04 8.4470E-03 1.9099E+02 1.0000E+05 2.9928E-01
m4n30r1 1.0000E+04 1.0000E+03  0.3  0.0  0.0  1.0  0.5 2.6434E-05 9.5301E-04 1.2991E-04 8.4470E-03 1.4382E+02 1.0000E+05 9.2160E-02
m4n30r2 1.0000E+04 1.0000E+03  0.3  0.0  0.0  1.0  1.0 1.7059E-05 4.7173E-04 1.2991E-04 8.4470E-03 1.8927E+04 1.0000E+05 3.7067E-01
m4n35r0 1.0000E+04 3.1623E+03  0.3  3.0 10.0  0.8 -1.0 5.0377E-05 1.9376E-03 1.2991E-04 2.6712E-02 5.6851E+03 1.0000E+05 2.7868E-01
m4n35r1 1.0000E+04 3.1623E+03  0.3  0.0  0.0  1.0  0.5 6.6004E-05 1.5641E-03 1.2991E-04 2.6712E-02 1.3823E+04 1.0000E+05 8.6976E-02
m4n35r2 1.0000E+04 3.1623E+03  0.3  0.0  0.0  1.0  1.0 3.3413E-05 5.9954E-04 1.2991E-04 2.6712E-02 4.9616E+02 1.0000E+05 3.9972E-01
m4n40r0 1.0000E+04 1.0000E+04  0.3  3.0 10.0  0.8 -1.0 1.0750E-04 2.2174E-03 1.2991E-04 8.4470E-02 2.2625E+03 1.0000E+05 2.9152E-01
m4n40r1 1.0000E+04 1.0000E+04  0.3  0.0  0.0  1.0  0.5 1.3479E-04 2.0423E-03 1.2991E-04 8.4470E-02 6.5026E+02 1.0000E+05 9.1968E-02
m4n40r2 1.0000E+04 1.0000E+04  0.3  0.0  0.0  1.0  1.0 6.2187E-05 6.0623E-04 1.2991E-04 8.4470E-02 1.3380E+04 1.0000E+05 3.7941E-01
m4n45r0 1.0000E+04 3.1623E+04  0.3  3.0 10.0  0.8 -1.0 1.9139E-04 2.9140E-03 1.2991E-04 2.6712E-01 2.0148E+04 1.0000E+05 2.2445E-01
m4n45r1 1.0000E+04 3.1623E+04  0.3  0.0  0.0  1.0  0.5 2.6017E-04 2.1531E-03 1.2991E-04 2.6712E-01 9.5158E+03 1.0000E+05 8.8608E-02
m4n45r2 1.0000E+04 3.1623E+04  0.3  0.0  0.0  1.0  1.0 9.9785E-05 6.7741E-04 1.2991E-04 2.6712E-01 8.3553E+03 1.0000E+05 3.8733E-01
m4n50r0 1.0000E+04 1.0000E+05  0.3  3.0 10.0  0.8 -1.0 2.9808E-04 5.5651E-03 1.2991E-04 8.4470E-01 5.4581E+04 1.0000E+05 9.5332E-02
m4n50r1 1.0000E+04 1.0000E+05  0.3  0.0  0.0  1.0  0.5 4.4523E-04 2.2233E-03 1.2991E-04 8.4470E-01 1.4617E+04 1.0000E+05 8.6676E-02
m4n50r2 1.0000E+04 1.0000E+05  0.3  0.0  0.0  1.0  1.0 1.5839E-04 1.6083E-03 1.2991E-04 8.4470E-01 2.5264E+04 1.0000E+05 3.6070E-01
m4n55r0 1.0000E+04 3.1623E+05  0.3  3.0 10.0  0.8 -1.0 9.6545E-01 2.1637E+02 1.2991E-04 2.6712E+00 7.9975E+04 1.0000E+05 1.0727E-04
m4n55r1 1.0000E+04 3.1623E+05  0.3  0.0  0.0  1.0  0.5 3.6722E-04 9.2671E+03 1.2991E-04 2.6712E+00 8.3968E-19 1.0000E+05 9.2215E-02
m4n55r2 1.0000E+04 3.1623E+05  0.3  0.0  0.0  1.0  1.0 2.7558E-04 3.7825E-03 1.2991E-04 2.6712E+00 6.3884E+04 1.0000E+05 3.0019E-01
m4n60r0 1.0000E+04 1.0000E+06  0.3  3.0 10.0  0.8 -1.0 1.1332E+00 7.3040E+01 1.2991E-04 8.4470E+00 7.9979E+04 1.0000E+05 9.2676E-05
m4n60r1 1.0000E+04 1.0000E+06  0.3  0.0  0.0  1.0  0.5 4.0540E-04 2.2832E+03 1.2991E-04 8.4470E+00 6.7258E-08 1.0000E+05 9.2215E-02
m4n60r2 1.0000E+04 1.0000E+06  0.3  0.0  0.0  1.0  1.0 1.8511E-04 7.9767E+03 1.2991E-04 8.4470E+00 8.5772E-09 1.0000E+05 4.0051E-01
m4n65r0 1.0000E+04 3.1623E+06  0.3  3.0 10.0  0.8 -1.0 1.6154E+00 6.5415E+00 1.2991E-04 2.6712E+01 7.9986E+04 1.0000E+05 6.4398E-05
m4n65r1 1.0000E+04 3.1623E+06  0.3  0.0  0.0  1.0  0.5 5.4722E-04 3.7066E+03 1.2991E-04 2.6712E+01 1.2267E-01 1.0000E+05 9.2215E-02
m4n65r2 1.0000E+04 3.1623E+06  0.3  0.0  0.0  1.0  1.0 2.2570E-04 5.2818E+03 1.2991E-04 2.6712E+01 8.2165E+04 1.0000E+05 2.7175E-01
m4n70r0 1.0000E+04 1.0000E+07  0.3  3.0 10.0  0.8 -1.0 3.8140E+00 4.2052E+00 1.2991E-04 8.4470E+01 7.9996E+04 1.0000E+05 2.7590E-05
m4n70r1 1.0000E+04 1.0000E+07  0.3  0.0  0.0  1.0  0.5 5.9986E-04 7.6770E+04 1.2991E-04 8.4470E+01 9.9090E-05 1.0000E+05 9.2215E-02
m4n70r2 1.0000E+04 1.0000E+07  0.3  0.0  0.0  1.0  1.0 3.5450E-04 7.5482E+05 1.2991E-04 8.4470E+01 3.5595E+04 1.0000E+05 3.4447E-01
m4n75r0 1.0000E+04 3.1623E+07  0.3  3.0 10.0  0.8 -1.0 1.1807E+01 1.2818E+01 1.2991E-04 2.6712E+02 8.0001E+04 1.0000E+05 9.0633E-06
m4n75r1 1.0000E+04 3.1623E+07  0.3  0.0  0.0  1.0  0.5 9.7790E-04 9.9897E+05 1.2991E-04 2.6712E+02 2.1122E-07 1.0000E+05 9.2215E-02
m4n75r2 1.0000E+04 3.1623E+07  0.3  0.0  0.0  1.0  1.0 4.3188E-04 9.8431E+05 1.2991E-04 2.6712E+02 7.9900E+04 1.0000E+05 2.7526E-01
m4n80r0 1.0000E+04 1.0000E+08  0.3  3.0 10.0  0.8 -1.0 3.8029E+01 6.9657E+01 1.2991E-04 8.4470E+02 8.0003E+04 1.0000E+05 2.3990E-06
m4n80r1 1.0000E+04 1.0000E+08  0.3  0.0  0.0  1.0  0.5 2.1938E-01 1.0020E+05 1.2991E-04 8.4470E+02 0.0000E+00 1.0000E+05 2.5940E-06
m4n80r2 1.0000E+04 1.0000E+08  0.3  0.0  0.0  1.0  1.0 1.7025E-03 1.1054E+07 1.2991E-04 8.4470E+02 3.2117E-18 1.0000E+05 4.0051E-01
m4n85r0 1.0000E+04 3.1623E+08  0.3  3.0 10.0  0.8 -1.0 9.4402E+01 1.9572E+02 1.2991E-04 2.6712E+03 8.0003E+04 1.0000E+05 9.6022E-07
m4n85r1 1.0000E+04 3.1623E+08  0.3  0.0  0.0  1.0  0.5 5.1313E+00 1.9904E+03 1.2991E-04 2.6712E+03 0.0000E+00 1.0000E+05 3.6987E-04
m4n85r2 1.0000E+04 3.1623E+08  0.3  0.0  0.0  1.0  1.0 2.8215E+00 1.6888E+04 1.2991E-04 2.6712E+03 8.9787E-16 1.0000E+05 4.0051E-01
m4n90r0 1.0000E+04 1.0000E+09  0.3  3.0 10.0  0.8 -1.0 2.1261E+02 4.1412E+02 1.2991E-04 8.4470E+03 8.0003E+04 1.0000E+05 3.7255E-07
m4n90r1 1.0000E+04 1.0000E+09  0.3  0.0  0.0  1.0  0.5 9.0008E+00 7.1061E+03 1.2991E-04 8.4470E+03 0.0000E+00 1.0000E+05 1.4561E-06
m4n90r2 1.0000E+04 1.0000E+09  0.3  0.0  0.0  1.0  1.0 6.6031E+00 1.1685E+05 1.2991E-04 8.4470E+03 4.0530E-08 1.0000E+05 4.0051E-01
m4n95r0 1.0000E+04 3.1623E+09  0.3  3.0 10.0  0.8 -1.0 7.3108E+01 1.9675E+07 1.2991E-04 2.6712E+04 4.6921E+00 1.0000E+05 2.9998E-01
m4n95r1 1.0000E+04 3.1623E+09  0.3  0.0  0.0  1.0  0.5 9.6788E-03 3.7094E+07 1.2991E-04 2.6712E+04 3.3602E-20 1.0000E+05 9.2215E-02
m4n95r2 1.0000E+04 3.1623E+09  0.3  0.0  0.0  1.0  1.0 4.2449E-03 1.5680E+05 1.2991E-04 2.6712E+04 4.6846E-17 1.0000E+05 4.0051E-01
m5n20r0 1.0000E+05 1.0000E+02  0.3  3.0 10.0  0.8 -1.0 2.2052E-04 8.4741E-03 1.2991E-03 8.4470E-02 3.6090E+03 1.0000E+06 2.9865E-01
m5n20r1 1.0000E+05 1.0000E+02  0.3  0.0  0.0  1.0  0.5 2.6674E-04 9.2740E-03 1.2991E-03 8.4470E-02 1.9327E+04 1.0000E+06 9.1482E-02
m5n20r2 1.0000E+05 1.0000E+02  0.3  0.0  0.0  1.0  1.0 1.6090E-04 5.0038E-03 1.2991E-03 8.4470E-02 2.5264E+04 1.0000E+06 3.9652E-01
m5n25r0 1.0000E+05 3.1623E+02  0.3  3.0 10.0  0.8 -1.0 5.0594E-04 1.8310E-02 1.2991E-03 2.6712E-01 3.7966E+04 1.0000E+06 2.8576E-01
m5n25r1 1.0000E+05 3.1623E+02  0.3  0.0  0.0  1.0  0.5 6.5758E-04 1.5474E-02 1.2991E-03 2.6712E-01 1.3068E+04 1.0000E+06 9.1719E-02
m5n25r2 1.0000E+05 3.1623E+02  0.3  0.0  0.0  1.0  1.0 3.3123E-04 5.7768E-03 1.2991E-03 2.6712E-01 1.4816E+05 1.0000E+06 3.7715E-01
m5n30r0 1.0000E+05 1.0000E+03  0.3  3.0 10.0  0.8 -1.0 1.0760E-03 2.2174E-02 1.2991E-03 8.4470E-01 1.5861E+05 1.0000E+06 2.4052E-01
m5n30r1 1.0000E+05 1.0000E+03  0.3  0.0  0.0  1.0  0.5 1.3614E-03 1.9890E-02 1.2991E-03 8.4470E-01 2.1245E+04 1.0000E+06 9.1409E-02
m5n30r2 1.0000E+05 1.0000E+03  0.3  0.0  0.0  1.0  1.0 6.2183E-04 6.0650E-03 1.2991E-03 8.4470E-01 9.9609E+04 1.0000E+06 3.8480E-01
m5n35r0 1.0000E+05 3.1623E+03  0.3  3.0 10.0  0.8 -1.0 1.9139E-03 2.9174E-02 1.2991E-03 2.6712E+00 4.6671E+05 1.0000E+06 1.2499E-01
m5n35r1 1.0000E+05 3.1623E+03  0.3  0.0  0.0  1.0  0.5 2.6027E-03 2.1532E-02 1.2991E-03 2.6712E+00 3.4521E+05 1.0000E+06 7.9153E-02
m5n35r2 1.0000E+05 3.1623E+03  0.3  0.0  0.0  1.0  1.0 9.9783E-04 6.8022E-03 1.2991E-03 2.6712E+00 8.9380E+04 1.0000E+06 3.8641E-01
m5n40r0 1.0000E+05 1.0000E+04  0.3  3.0 10.0  0.8 -1.0 2.9806E-03 5.5651E-02 1.2991E-03 8.4470E+00 2.1505E+05 1.0000E+06 2.1936E-01
m5n40r1 1.0000E+05 1.0000E+04  0.3  0.0  0.0  1.0  0.5 4.4528E-03 2.2243E-02 1.2991E-03 8.4470E+00 9.0898E+04 1.0000E+06 8.8769E-02
m5n40r2 1.0000E+05 1.0000E+04  0.3  0.0  0.0  1.0  1.0 1.5838E-03 1.6083E-02 1.2991E-03 8.4470E+00 2.6186E+05 1.0000E+06 3.5925E-01
m5n45r0 1.0000E+05 3.1623E+04  0.3  3.0 10.0  0.8 -1.0 9.6548E+00 2.1637E+03 1.2991E-03 2.6712E+01 7.9976E+05 1.0000E+06 1.0469E-04
m5n45r1 1.0000E+05 3.1623E+04  0.3  0.0  0.0  1.0  0.5 3.6754E-03 1.0972E+05 1.2991E-03 2.6712E+01 9.8274E-17 1.0000E+06 9.2215E-02
m5n45r2 1.0000E+05 3.1623E+04  0.3  0.0  0.0  1.0  1.0 2.7558E-03 3.7825E-02 1.2991E-03 2.6712E+01 6.3884E+05 1.0000E+06 3.0019E-01
m5n50r0 1.0000E+05 1.0000E+05  0.3  3.0 10.0  0.8 -1.0 1.1332E+01 7.3040E+02 1.2991E-03 8.4470E+01 7.9978E+05 1.0000E+06 9.5768E-05
m5n50r1 1.0000E+05 1.0000E+05  0.3  0.0  0.0  1.0  0.5 4.0721E-03 2.1959E+04 1.2991E-03 8.4470E+01 6.2325E+05 1.0000E+06 6.8693E-02
m5n50r2 1.0000E+05 1.0000E+05  0.3  0.0  0.0  1.0  1.0 1.9491E-03 2.5463E+05 1.2991E-03 8.4470E+01 3.6636E+05 1.0000E+06 3.4284E-01
m5n55r0 1.0000E+05 3.1623E+05  0.3  3.0 10.0  0.8 -1.0 1.6154E+01 6.5415E+01 1.2991E-03 2.6712E+02 7.9986E+05 1.0000E+06 6.4537E-05
m5n55r1 1.0000E+05 3.1623E+05  0.3  0.0  0.0  1.0  0.5 5.3962E-03 3.1588E+04 1.2991E-03 2.6712E+02 2.9160E+03 1.0000E+06 9.2104E-02
m5n55r2 1.0000E+05 3.1623E+05  0.3  0.0  0.0  1.0  1.0 2.1380E-03 2.5596E+04 1.2991E-03 2.6712E+02 2.7720E-06 1.0000E+06 4.0051E-01
m5n60r0 1.0000E+05 1.0000E+06  0.3  3.0 10.0  0.8 -1.0 3.8137E+01 4.2052E+01 1.2991E-03 8.4470E+02 7.9996E+05 1.0000E+06 2.7536E-05
m5n60r1 1.0000E+05 1.0000E+06  0.3  0.0  0.0  1.0  0.5 6.6046E-03 1.8293E+07 1.2991E-03 8.4470E+02 2.6376E+05 1.0000E+06 8.2229E-02
m5n60r2 1.0000E+05 1.0000E+06  0.3  0.0  0.0  1.0  1.0 4.0933E-03 1.4740E+07 1.2991E-03 8.4470E+02 3.4109E-18 1.0000E+06 4.0051E-01
m5n65r0 1.0000E+05 3.1623E+06  0.3  3.0 10.0  0.8 -1.0 1.1802E+02 1.2818E+02 1.2991E-03 2.6712E+03 8.0001E+05 1.0000E+06 9.0286E-06
m5n65r1 1.0000E+05 3.1623E+06  0.3  0.0  0.0  1.0  0.5 9.5318E-03 4.8290E+07 1.2991E-03 2.6712E+03 1.8651E+05 1.0000E+06 8.5149E-02
m5n65r2 1.0000E+05 3.1623E+06  0.3  0.0  0.0  1.0  1.0 4.3057E-03 8.1856E+06 1.2991E-03 2.6712E+03 4.4890E+05 1.0000E+06 3.2989E-01
m5n70r0 1.0000E+05 1.0000E+07  0.3  3.0 10.0  0.8 -1.0 3.8043E+02 6.7621E+02 1.2991E-03 8.4470E+03 8.0003E+05 1.0000E+06 2.6681E-06
m5n70r1 1.0000E+05 1.0000E+07  0.3  0.0  0.0  1.0  0.5 1.4748E+00 2.9289E+04 1.2991E-03 8.4470E+03 1.2404E-06 1.0000E+06 9.2215E-02
m5n70r2 1.0000E+05 1.0000E+07  0.3  0.0  0.0  1.0  1.0 1.3057E-02 6.2844E+06 1.2991E-03 8.4470E+03 4.1318E-02 1.0000E+06 4.0051E-01
m5n75r0 1.0000E+05 3.1623E+07  0.3  3.0 10.0  0.8 -1.0 9.4655E+02 1.9390E+03 1.2991E-03 2.6712E+04 8.0003E+05 1.0000E+06 8.4959E-07
m5n75r1 1.0000E+05 3.1623E+07  0.3  0.0  0.0  1.0  0.5 5.1284E+01 1.8266E+04 1.2991E-03 2.6712E+04 0.0000E+00 1.0000E+06 8.2157E-06
m5n75r2 1.0000E+05 3.1623E+07  0.3  0.0  0.0  1.0  1.0 3.9568E+01 2.4627E+04 1.2991E-03 2.6712E+04 0.0000E+00 1.0000E+06 8.8744E-05
m5n80r0 1.0000E+05 1.0000E+08  0.3  3.0 10.0  0.8 -1.0 2.1356E+03 4.1765E+03 1.2991E-03 8.4470E+04 8.0003E+05 1.0000E+06 4.5815E-07
m5n80r1 1.0000E+05 1.0000E+08  0.3  0.0  0.0  1.0  0.5 8.9936E+01 1.6449E+04 1.2991E-03 8.4470E+04 0.0000E+00 1.0000E+06 1.6959E-06
m5n80r2 1.0000E+05 1.0000E+08  0.3  0.0  0.0  1.0  1.0 7.9665E+01 2.0770E+04 1.2991E-03 8.4470E+04 0.0000E+00 1.0000E+06 1.0911E-06
m5n85r0 1.0000E+05 3.1623E+08  0.3  3.0 10.0  0.8 -1.0 6.4885E+02 9.2258E+06 1.2991E-03 2.6712E+05 7.9066E+05 1.0000E+06 3.5145E-03
m5n85r1 1.0000E+05 3.1623E+08  0.3  0.0  0.0  1.0  0.5 3.6421E-02 6.0839E+07 1.2991E-03 2.6712E+05 6.9947E-20 1.0000E+06 9.2215E-02
m5n85r2 1.0000E+05 3.1623E+08  0.3  0.0  0.0  1.0  1.0 2.8307E-01 6.8932E+08 1.2991E-03 2.6712E+05 1.4307E-08 1.0000E+06 4.0051E-01
m5n90r0 1.0000E+05 1.0000E+09  0.3  3.0 10.0  0.8 -1.0 2.2770E+01 1.4633E+09 1.2991E-03 8.4470E+05 2.4365E-09 1.0000E+06 3.0000E-01
m5n90r1 1.0000E+05 1.0000E+09  0.3  0.0  0.0  1.0  0.5 2.5175E-02 5.4748E+07 1.2991E-03 8.4470E+05 2.0971E-20 1.0000E+06 9.2215E-02
m5n90r2 1.0000E+05 1.0000E+09  0.3  0.0  0.0  1.0  1.0 2.4267E-02 6.6605E+07 1.2991E-03 8.4470E+05 1.0514E-19 1.0000E+06 4.0051E-01
m5n95r0 1.0000E+05 3.1623E+09  0.3  3.0 10.0  0.8 -1.0 4.4435E+00 3.8671E+07 1.2991E-03 2.6712E+06 3.1976E-01 1.0000E+06 3.0000E-01
m5n95r1 1.0000E+05 3.1623E+09  0.3  0.0  0.0  1.0  0.5 3.8372E-02 8.6991E+07 1.2991E-03 2.6712E+06 8.4479E-21 1.0000E+06 9.2215E-02
m5n95r2 1.0000E+05 3.1623E+09  0.3  0.0  0.0  1.0  1.0 1.0080E-01 4.4773E+08 1.2991E-03 2.6712E+06 2.8593E-20 1.0000E+06 4.0051E-01
