m2n20r0 1.0000E+02 1.0000E+02  0.1  0.0  0.0  1.0 -1.0 1.2706E-10 3.6428E-09 1.2991E-06 8.4470E-08 7.8719E-03 1.0000E+03 1.0000E-01
m2n20r1 1.0000E+02 1.0000E+02  0.3  3.0 10.0  1.0 -1.0 1.0486E-10 3.4665E-09 1.2991E-06 8.4470E-08 1.5646E-02 1.0000E+03 3.0000E-01
m2n20r2 1.0000E+02 1.0000E+02  0.3  3.0 10.0  0.6 -1.0 1.0523E-10 3.4666E-09 1.2991E-06 8.4470E-08 1.7995E-02 1.0000E+03 2.9999E-01
m2n20r3 1.0000E+02 1.0000E+02  0.3  0.0  0.0  1.0  0.0 1.3762E-10 3.6725E-09 1.2991E-06 8.4470E-08 5.6836E-03 1.0000E+03 6.3720E-02
m2n25r0 1.0000E+02 3.1623E+02  0.1  0.0  0.0  1.0 -1.0 4.1202E-10 1.1512E-08 1.2991E-06 2.6712E-07 2.7963E-02 1.0000E+03 1.0000E-01
m2n25r1 1.0000E+02 3.1623E+02  0.3  3.0 10.0  1.0 -1.0 4.2895E-10 3.0807E-08 1.2991E-06 2.6712E-07 4.3656E-02 1.0000E+03 2.9999E-01
m2n25r2 1.0000E+02 3.1623E+02  0.3  3.0 10.0  0.6 -1.0 4.2354E-10 3.5376E-08 1.2991E-06 2.6712E-07 1.2233E-01 1.0000E+03 2.9994E-01
m2n25r3 1.0000E+02 3.1623E+02  0.3  0.0  0.0  1.0  0.0 4.4538E-10 1.1609E-08 1.2991E-06 2.6712E-07 2.1928E-02 1.0000E+03 6.3719E-02
m2n30r0 1.0000E+02 1.0000E+03  0.1  0.0  0.0  1.0 -1.0 3.0197E-09 2.5833E-07 1.2991E-06 8.4470E-07 1.0071E-01 1.0000E+03 1.0000E-01
m2n30r1 1.0000E+02 1.0000E+03  0.3  3.0 10.0  1.0 -1.0 3.2495E-09 3.9133E-07 1.2991E-06 8.4470E-07 8.6785E-02 1.0000E+03 2.9997E-01
m2n30r2 1.0000E+02 1.0000E+03  0.3  3.0 10.0  0.6 -1.0 3.2914E-09 3.9569E-07 1.2991E-06 8.4470E-07 5.7820E-02 1.0000E+03 2.9997E-01
m2n30r3 1.0000E+02 1.0000E+03  0.3  0.0  0.0  1.0  0.0 2.8445E-09 2.7530E-07 1.2991E-06 8.4470E-07 2.9352E-02 1.0000E+03 6.3719E-02
m2n35r0 1.0000E+02 3.1623E+03  0.1  0.0  0.0  1.0 -1.0 1.1905E-08 8.0327E-07 1.2991E-06 2.6712E-06 3.5771E-01 1.0000E+03 1.0000E-01
m2n35r1 1.0000E+02 3.1623E+03  0.3  3.0 10.0  1.0 -1.0 1.0062E-08 9.8252E-07 1.2991E-06 2.6712E-06 1.0327E+00 1.0000E+03 2.9969E-01
m2n35r2 1.0000E+02 3.1623E+03  0.3  3.0 10.0  0.6 -1.0 1.0202E-08 1.0100E-06 1.2991E-06 2.6712E-06 1.2578E-01 1.0000E+03 2.9994E-01
m2n35r3 1.0000E+02 3.1623E+03  0.3  0.0  0.0  1.0  0.0 1.2580E-08 7.4883E-07 1.2991E-06 2.6712E-06 1.8520E+00 1.0000E+03 6.3671E-02
m2n40r0 1.0000E+02 1.0000E+04  0.1  0.0  0.0  1.0 -1.0 3.1281E-08 1.6775E-06 1.2991E-06 8.4470E-06 4.4844E-01 1.0000E+03 1.0000E-01
m2n40r1 1.0000E+02 1.0000E+04  0.3  3.0 10.0  1.0 -1.0 2.6042E-08 2.0103E-06 1.2991E-06 8.4470E-06 1.7017E+00 1.0000E+03 2.9949E-01
m2n40r2 1.0000E+02 1.0000E+04  0.3  3.0 10.0  0.6 -1.0 2.5541E-08 2.1325E-06 1.2991E-06 8.4470E-06 9.3578E-01 1.0000E+03 2.9953E-01
m2n40r3 1.0000E+02 1.0000E+04  0.3  0.0  0.0  1.0  0.0 3.1024E-08 1.5668E-06 1.2991E-06 8.4470E-06 6.8770E-02 1.0000E+03 6.3718E-02
m2n45r0 1.0000E+02 3.1623E+04  0.1  0.0  0.0  1.0 -1.0 8.7040E-08 3.5205E-06 1.2991E-06 2.6712E-05 2.2124E+00 1.0000E+03 1.0000E-01
m2n45r1 1.0000E+02 3.1623E+04  0.3  3.0 10.0  1.0 -1.0 7.6017E-08 3.9938E-06 1.2991E-06 2.6712E-05 5.4385E+00 1.0000E+03 2.9837E-01
m2n45r2 1.0000E+02 3.1623E+04  0.3  3.0 10.0  0.6 -1.0 7.9121E-08 4.4911E-06 1.2991E-06 2.6712E-05 2.4056E+00 1.0000E+03 2.9880E-01
m2n45r3 1.0000E+02 3.1623E+04  0.3  0.0  0.0  1.0  0.0 9.3706E-08 3.1638E-06 1.2991E-06 2.6712E-05 1.6277E+00 1.0000E+03 6.3677E-02
m2n50r0 1.0000E+02 1.0000E+05  0.1  0.0  0.0  1.0 -1.0 2.5418E-07 8.0179E-06 1.2991E-06 8.4470E-05 2.5014E+00 1.0000E+03 1.0000E-01
m2n50r1 1.0000E+02 1.0000E+05  0.3  3.0 10.0  1.0 -1.0 2.0696E-07 9.8299E-06 1.2991E-06 8.4470E-05 6.0911E+00 1.0000E+03 2.9817E-01
m2n50r2 1.0000E+02 1.0000E+05  0.3  3.0 10.0  0.6 -1.0 2.2597E-07 1.2564E-05 1.2991E-06 8.4470E-05 2.0703E+02 1.0000E+03 1.9649E-01
m2n50r3 1.0000E+02 1.0000E+05  0.3  0.0  0.0  1.0  0.0 2.9069E-07 9.0821E-06 1.2991E-06 8.4470E-05 6.3515E-01 1.0000E+03 6.3703E-02
m2n55r0 1.0000E+02 3.1623E+05  0.1  0.0  0.0  1.0 -1.0 6.1625E-07 1.1581E-05 1.2991E-06 2.6712E-04 4.2369E+00 1.0000E+03 1.0000E-01
m2n55r1 1.0000E+02 3.1623E+05  0.3  3.0 10.0  1.0 -1.0 4.5285E-07 1.6845E-05 1.2991E-06 2.6712E-04 2.3792E+01 1.0000E+03 2.9286E-01
m2n55r2 1.0000E+02 3.1623E+05  0.3  3.0 10.0  0.6 -1.0 5.8641E-07 2.1283E-05 1.2991E-06 2.6712E-04 2.3445E+02 1.0000E+03 1.8278E-01
m2n55r3 1.0000E+02 3.1623E+05  0.3  0.0  0.0  1.0  0.0 7.2620E-07 1.7393E-05 1.2991E-06 2.6712E-04 2.3827E+01 1.0000E+03 6.3091E-02
m2n60r0 1.0000E+02 1.0000E+06  0.1  0.0  0.0  1.0 -1.0 1.1877E-06 1.2709E-05 1.2991E-06 8.4470E-04 2.3601E+01 1.0000E+03 1.0000E-01
m2n60r1 1.0000E+02 1.0000E+06  0.3  3.0 10.0  1.0 -1.0 9.7176E-07 1.9503E-05 1.2991E-06 8.4470E-04 9.3683E+01 1.0000E+03 2.7190E-01
m2n60r2 1.0000E+02 1.0000E+06  0.3  3.0 10.0  0.6 -1.0 1.2415E-06 2.9097E-05 1.2991E-06 8.4470E-04 3.0624E+01 1.0000E+03 2.8469E-01
m2n60r3 1.0000E+02 1.0000E+06  0.3  0.0  0.0  1.0  0.0 1.6061E-06 2.4316E-05 1.2991E-06 8.4470E-04 1.3799E+01 1.0000E+03 6.3355E-02
m2n65r0 1.0000E+02 3.1623E+06  0.1  0.0  0.0  1.0 -1.0 2.2006E-06 1.3709E-05 1.2991E-06 2.6712E-03 6.1279E+01 1.0000E+03 1.0000E-01
m2n65r1 1.0000E+02 3.1623E+06  0.3  3.0 10.0  1.0 -1.0 1.6524E-06 2.1456E-05 1.2991E-06 2.6712E-03 1.9444E+02 1.0000E+03 2.4167E-01
m2n65r2 1.0000E+02 3.1623E+06  0.3  3.0 10.0  0.6 -1.0 2.1762E-06 4.0170E-05 1.2991E-06 2.6712E-03 8.2815E+01 1.0000E+03 2.5859E-01
m2n65r3 1.0000E+02 3.1623E+06  0.3  0.0  0.0  1.0  0.0 3.2131E-06 2.7956E-05 1.2991E-06 2.6712E-03 6.3816E+01 1.0000E+03 6.2035E-02
m2n70r0 1.0000E+02 1.0000E+07  0.1  0.0  0.0  1.0 -1.0 3.6420E-06 3.4013E-05 1.2991E-06 8.4470E-03 1.0211E+02 1.0000E+03 1.0000E-01
m2n70r1 1.0000E+02 1.0000E+07  0.3  3.0 10.0  1.0 -1.0 2.4545E-06 2.9751E-05 1.2991E-06 8.4470E-03 2.2769E+02 1.0000E+03 2.3170E-01
m2n70r2 1.0000E+02 1.0000E+07  0.3  3.0 10.0  0.6 -1.0 3.1937E-06 9.2159E-05 1.2991E-06 8.4470E-03 2.1796E+02 1.0000E+03 1.9102E-01
m2n70r3 1.0000E+02 1.0000E+07  0.3  0.0  0.0  1.0  0.0 5.7708E-06 2.8485E-05 1.2991E-06 8.4470E-03 7.8299E+02 1.0000E+03 4.3176E-02
m2n75r0 1.0000E+02 3.1623E+07  0.1  0.0  0.0  1.0 -1.0 5.4567E-06 1.3538E+00 1.2991E-06 2.6712E-02 5.5925E+02 1.0000E+03 1.0000E-01
m2n75r1 1.0000E+02 3.1623E+07  0.3  3.0 10.0  1.0 -1.0 5.1515E-05 4.5839E+02 1.2991E-06 2.6712E-02 2.3945E+02 1.0000E+03 2.2817E-01
m2n75r2 1.0000E+02 3.1623E+07  0.3  3.0 10.0  0.6 -1.0 9.4262E-03 6.6704E-01 1.2991E-06 2.6712E-02 5.9986E+02 1.0000E+03 8.1822E-05
m2n75r3 1.0000E+02 3.1623E+07  0.3  0.0  0.0  1.0  0.0 4.7036E-06 9.5467E+01 1.2991E-06 2.6712E-02 4.0464E+01 1.0000E+03 6.2651E-02
m2n80r0 1.0000E+02 1.0000E+08  0.1  0.0  0.0  1.0 -1.0 5.4127E-06 1.4731E+00 1.2991E-06 8.4470E-02 8.4049E+02 1.0000E+03 1.0000E-01
m2n80r1 1.0000E+02 1.0000E+08  0.3  3.0 10.0  1.0 -1.0 1.1316E-02 3.5860E+00 1.2991E-06 8.4470E-02 9.9966E+02 1.0000E+03 1.1472E-04
m2n80r2 1.0000E+02 1.0000E+08  0.3  3.0 10.0  0.6 -1.0 1.6603E-02 4.6572E-01 1.2991E-06 8.4470E-02 5.9993E+02 1.0000E+03 4.6860E-05
m2n80r3 1.0000E+02 1.0000E+08  0.3  0.0  0.0  1.0  0.0 6.3194E-06 2.8754E+01 1.2991E-06 8.4470E-02 4.7224E+02 1.0000E+03 5.1288E-02
m2n85r0 1.0000E+02 3.1623E+08  0.1  0.0  0.0  1.0 -1.0 4.8099E-06 1.7687E+00 1.2991E-06 2.6712E-01 5.5766E-19 1.0000E+03 1.0000E-01
m2n85r1 1.0000E+02 3.1623E+08  0.3  3.0 10.0  1.0 -1.0 1.1354E-02 2.1497E-01 1.2991E-06 2.6712E-01 9.9966E+02 1.0000E+03 1.1436E-04
m2n85r2 1.0000E+02 3.1623E+08  0.3  3.0 10.0  0.6 -1.0 4.4945E-02 4.7719E-02 1.2991E-06 2.6712E-01 5.9999E+02 1.0000E+03 1.7240E-05
m2n85r3 1.0000E+02 3.1623E+08  0.3  0.0  0.0  1.0  0.0 6.8358E-06 3.4299E+01 1.2991E-06 2.6712E-01 3.1667E-05 1.0000E+03 6.3720E-02
m2n90r0 1.0000E+02 1.0000E+09  0.1  0.0  0.0  1.0 -1.0 3.4197E-06 1.4140E+00 1.2991E-06 8.4470E-01 8.1918E+02 1.0000E+03 1.0000E-01
m2n90r1 1.0000E+02 1.0000E+09  0.3  3.0 10.0  1.0 -1.0 1.1399E-02 2.5892E-02 1.2991E-06 8.4470E-01 9.9966E+02 1.0000E+03 1.1381E-04
m2n90r2 1.0000E+02 1.0000E+09  0.3  3.0 10.0  0.6 -1.0 1.3656E-01 1.4334E-01 1.2991E-06 8.4470E-01 6.0002E+02 1.0000E+03 5.5228E-06
m2n90r3 1.0000E+02 1.0000E+09  0.3  0.0  0.0  1.0  0.0 1.3326E-05 8.6372E+04 1.2991E-06 8.4470E-01 7.9947E-06 1.0000E+03 6.3720E-02
m2n95r0 1.0000E+02 3.1623E+09  0.1  0.0  0.0  1.0 -1.0 3.0273E-06 1.3109E+00 1.2991E-06 2.6712E+00 1.9257E-19 1.0000E+03 1.0000E-01
m2n95r1 1.0000E+02 3.1623E+09  0.3  3.0 10.0  1.0 -1.0 1.1482E-02 1.2472E-02 1.2991E-06 2.6712E+00 9.9967E+02 1.0000E+03 1.1302E-04
m2n95r2 1.0000E+02 3.1623E+09  0.3  3.0 10.0  0.6 -1.0 3.8724E-01 5.8065E-01 1.2991E-06 2.6712E+00 6.0002E+02 1.0000E+03 1.8510E-06
m2n95r3 1.0000E+02 3.1623E+09  0.3  0.0  0.0  1.0  0.0 8.9033E-06 9.6118E+03 1.2991E-06 2.6712E+00 1.4222E+02 1.0000E+03 5.9966E-02
m3n20r0 1.0000E+03 1.0000E+02  0.1  0.0  0.0  1.0 -1.0 2.9643E-08 2.5831E-06 1.2991E-05 8.4470E-06 3.9082E-01 1.0000E+04 1.0000E-01
m3n20r1 1.0000E+03 1.0000E+02  0.3  3.0 10.0  1.0 -1.0 3.3385E-08 3.9133E-06 1.2991E-05 8.4470E-06 1.4161E+00 1.0000E+04 2.9996E-01
m3n20r2 1.0000E+03 1.0000E+02  0.3  3.0 10.0  0.6 -1.0 3.3178E-08 3.9569E-06 1.2991E-05 8.4470E-06 1.1912E+00 1.0000E+04 2.9994E-01
m3n20r3 1.0000E+03 1.0000E+02  0.3  0.0  0.0  1.0  0.0 2.8596E-08 2.7531E-06 1.2991E-05 8.4470E-06 1.6556E+00 1.0000E+04 6.3716E-02
m3n25r0 1.0000E+03 3.1623E+02  0.1  0.0  0.0  1.0 -1.0 1.1401E-07 8.0327E-06 1.2991E-05 2.6712E-05 2.0982E+01 1.0000E+04 1.0000E-01
m3n25r1 1.0000E+03 3.1623E+02  0.3  3.0 10.0  1.0 -1.0 9.6036E-08 9.8252E-06 1.2991E-05 2.6712E-05 3.1025E+00 1.0000E+04 2.9991E-01
m3n25r2 1.0000E+03 3.1623E+02  0.3  3.0 10.0  0.6 -1.0 1.0235E-07 1.0100E-05 1.2991E-05 2.6712E-05 2.1184E+00 1.0000E+04 2.9989E-01
m3n25r3 1.0000E+03 3.1623E+02  0.3  0.0  0.0  1.0  0.0 1.2521E-07 7.4883E-06 1.2991E-05 2.6712E-05 8.3294E+00 1.0000E+04 6.3698E-02
m3n30r0 1.0000E+03 1.0000E+03  0.1  0.0  0.0  1.0 -1.0 3.0875E-07 1.6775E-05 1.2991E-05 8.4470E-05 4.3749E+00 1.0000E+04 1.0000E-01
m3n30r1 1.0000E+03 1.0000E+03  0.3  3.0 10.0  1.0 -1.0 2.6084E-07 2.0102E-05 1.2991E-05 8.4470E-05 1.8725E+01 1.0000E+04 2.9944E-01
m3n30r2 1.0000E+03 1.0000E+03  0.3  3.0 10.0  0.6 -1.0 2.8171E-07 2.1325E-05 1.2991E-05 8.4470E-05 6.2446E+00 1.0000E+04 2.9969E-01
m3n30r3 1.0000E+03 1.0000E+03  0.3  0.0  0.0  1.0  0.0 3.1397E-07 1.5668E-05 1.2991E-05 8.4470E-05 7.7500E-01 1.0000E+04 6.3718E-02
m3n35r0 1.0000E+03 3.1623E+03  0.1  0.0  0.0  1.0 -1.0 8.7823E-07 3.1330E-05 1.2991E-05 2.6712E-04 2.7594E+01 1.0000E+04 1.0000E-01
m3n35r1 1.0000E+03 3.1623E+03  0.3  3.0 10.0  1.0 -1.0 7.4016E-07 3.8233E-05 1.2991E-05 2.6712E-04 3.7731E+02 1.0000E+04 2.8868E-01
m3n35r2 1.0000E+03 3.1623E+03  0.3  3.0 10.0  0.6 -1.0 7.9823E-07 4.6241E-05 1.2991E-05 2.6712E-04 4.1579E+02 1.0000E+04 2.7921E-01
m3n35r3 1.0000E+03 3.1623E+03  0.3  0.0  0.0  1.0  0.0 9.3787E-07 3.7991E-05 1.2991E-05 2.6712E-04 6.7732E+00 1.0000E+04 6.3702E-02
m3n40r0 1.0000E+03 1.0000E+04  0.1  0.0  0.0  1.0 -1.0 2.5189E-06 7.6444E-05 1.2991E-05 8.4470E-04 1.0038E+01 1.0000E+04 1.0000E-01
m3n40r1 1.0000E+03 1.0000E+04  0.3  3.0 10.0  1.0 -1.0 2.0689E-06 9.3244E-05 1.2991E-05 8.4470E-04 2.5932E+02 1.0000E+04 2.9222E-01
m3n40r2 1.0000E+03 1.0000E+04  0.3  3.0 10.0  0.6 -1.0 2.3785E-06 1.3360E-04 1.2991E-05 8.4470E-04 1.7896E+03 1.0000E+04 2.1052E-01
m3n40r3 1.0000E+03 1.0000E+04  0.3  0.0  0.0  1.0  0.0 2.7761E-06 8.7291E-05 1.2991E-05 8.4470E-04 7.6998E+02 1.0000E+04 6.1687E-02
m3n45r0 1.0000E+03 3.1623E+04  0.1  0.0  0.0  1.0 -1.0 5.9733E-06 1.1160E-04 1.2991E-05 2.6712E-03 7.1602E+02 1.0000E+04 1.0000E-01
m3n45r1 1.0000E+03 3.1623E+04  0.3  3.0 10.0  1.0 -1.0 4.5585E-06 1.7448E-04 1.2991E-05 2.6712E-03 1.4706E+02 1.0000E+04 2.9559E-01
m3n45r2 1.0000E+03 3.1623E+04  0.3  3.0 10.0  0.6 -1.0 5.9295E-06 2.4018E-04 1.2991E-05 2.6712E-03 8.1959E+02 1.0000E+04 2.5902E-01
m3n45r3 1.0000E+03 3.1623E+04  0.3  0.0  0.0  1.0  0.0 7.5891E-06 1.7610E-04 1.2991E-05 2.6712E-03 4.7165E+02 1.0000E+04 6.2474E-02
m3n50r0 1.0000E+03 1.0000E+05  0.1  0.0  0.0  1.0 -1.0 1.1934E-05 1.2852E-04 1.2991E-05 8.4470E-03 9.1410E+02 1.0000E+04 1.0000E-01
m3n50r1 1.0000E+03 1.0000E+05  0.3  3.0 10.0  1.0 -1.0 9.7169E-06 1.9503E-04 1.2991E-05 8.4470E-03 8.7385E+02 1.0000E+04 2.7379E-01
m3n50r2 1.0000E+03 1.0000E+05  0.3  3.0 10.0  0.6 -1.0 1.2426E-05 2.9097E-04 1.2991E-05 8.4470E-03 8.7838E+02 1.0000E+04 2.5608E-01
m3n50r3 1.0000E+03 1.0000E+05  0.3  0.0  0.0  1.0  0.0 1.6003E-05 2.4281E-04 1.2991E-05 8.4470E-03 5.0796E+02 1.0000E+04 6.2378E-02
m3n55r0 1.0000E+03 3.1623E+05  0.1  0.0  0.0  1.0 -1.0 2.2008E-05 1.3750E-04 1.2991E-05 2.6712E-02 8.3473E+02 1.0000E+04 1.0000E-01
m3n55r1 1.0000E+03 3.1623E+05  0.3  3.0 10.0  1.0 -1.0 1.6547E-05 2.1242E-04 1.2991E-05 2.6712E-02 4.5581E+03 1.0000E+04 1.6326E-01
m3n55r2 1.0000E+03 3.1623E+05  0.3  3.0 10.0  0.6 -1.0 2.1728E-05 4.0170E-04 1.2991E-05 2.6712E-02 1.6274E+03 1.0000E+04 2.1864E-01
m3n55r3 1.0000E+03 3.1623E+05  0.3  0.0  0.0  1.0  0.0 3.2115E-05 2.7253E-04 1.2991E-05 2.6712E-02 2.4150E+02 1.0000E+04 6.3082E-02
m3n60r0 1.0000E+03 1.0000E+06  0.1  0.0  0.0  1.0 -1.0 3.6415E-05 2.9408E-04 1.2991E-05 8.4470E-02 4.5412E+03 1.0000E+04 1.0000E-01
m3n60r1 1.0000E+03 1.0000E+06  0.3  3.0 10.0  1.0 -1.0 2.4556E-05 2.9751E-04 1.2991E-05 8.4470E-02 2.1872E+03 1.0000E+04 2.3439E-01
m3n60r2 1.0000E+03 1.0000E+06  0.3  3.0 10.0  0.6 -1.0 3.1940E-05 9.2159E-04 1.2991E-05 8.4470E-02 2.3007E+03 1.0000E+04 1.8497E-01
m3n60r3 1.0000E+03 1.0000E+06  0.3  0.0  0.0  1.0  0.0 5.7733E-05 2.8485E-04 1.2991E-05 8.4470E-02 2.2813E+03 1.0000E+04 5.7702E-02
m3n65r0 1.0000E+03 3.1623E+06  0.1  0.0  0.0  1.0 -1.0 6.0137E-05 1.2777E+01 1.2991E-05 2.6712E-01 4.2858E-19 1.0000E+04 1.0000E-01
m3n65r1 1.0000E+03 3.1623E+06  0.3  3.0 10.0  1.0 -1.0 8.2508E-04 2.8509E+03 1.2991E-05 2.6712E-01 1.6452E+03 1.0000E+04 2.5065E-01
m3n65r2 1.0000E+03 3.1623E+06  0.3  3.0 10.0  0.6 -1.0 9.3696E-02 6.6704E+00 1.2991E-05 2.6712E-01 5.9986E+03 1.0000E+04 8.1888E-05
m3n65r3 1.0000E+03 3.1623E+06  0.3  0.0  0.0  1.0  0.0 4.6204E-05 9.1017E+02 1.2991E-05 2.6712E-01 1.3248E-10 1.0000E+04 6.3720E-02
m3n70r0 1.0000E+03 1.0000E+07  0.1  0.0  0.0  1.0 -1.0 5.3848E-05 2.0037E+01 1.2991E-05 8.4470E-01 4.2660E+03 1.0000E+04 1.0000E-01
m3n70r1 1.0000E+03 1.0000E+07  0.3  3.0 10.0  1.0 -1.0 1.1314E-01 3.5860E+01 1.2991E-05 8.4470E-01 9.9966E+03 1.0000E+04 1.1475E-04
m3n70r2 1.0000E+03 1.0000E+07  0.3  3.0 10.0  0.6 -1.0 1.6582E-01 4.6572E+00 1.2991E-05 8.4470E-01 5.9993E+03 1.0000E+04 4.6893E-05
m3n70r3 1.0000E+03 1.0000E+07  0.3  0.0  0.0  1.0  0.0 6.2123E-05 2.3274E+02 1.2991E-05 8.4470E-01 5.1325E+03 1.0000E+04 5.0213E-02
m3n75r0 1.0000E+03 3.1623E+07  0.1  0.0  0.0  1.0 -1.0 4.9049E-05 1.9593E+01 1.2991E-05 2.6712E+00 4.5272E-19 1.0000E+04 1.0000E-01
m3n75r1 1.0000E+03 3.1623E+07  0.3  3.0 10.0  1.0 -1.0 1.1354E-01 2.1497E+00 1.2991E-05 2.6712E+00 9.9966E+03 1.0000E+04 1.1438E-04
m3n75r2 1.0000E+03 3.1623E+07  0.3  3.0 10.0  0.6 -1.0 4.4942E-01 4.7719E-01 1.2991E-05 2.6712E+00 5.9999E+03 1.0000E+04 1.6874E-05
m3n75r3 1.0000E+03 3.1623E+07  0.3  0.0  0.0  1.0  0.0 6.8078E-05 3.1455E+02 1.2991E-05 2.6712E+00 7.2945E+03 1.0000E+04 4.4568E-02
m3n80r0 1.0000E+03 1.0000E+08  0.1  0.0  0.0  1.0 -1.0 3.3055E-05 1.7219E+01 1.2991E-05 8.4470E+00 5.2257E-19 1.0000E+04 1.0000E-01
m3n80r1 1.0000E+03 1.0000E+08  0.3  3.0 10.0  1.0 -1.0 1.1399E-01 2.5892E-01 1.2991E-05 8.4470E+00 9.9967E+03 1.0000E+04 1.1379E-04
m3n80r2 1.0000E+03 1.0000E+08  0.3  3.0 10.0  0.6 -1.0 1.3662E+00 1.4334E+00 1.2991E-05 8.4470E+00 6.0002E+03 1.0000E+04 5.5076E-06
m3n80r3 1.0000E+03 1.0000E+08  0.3  0.0  0.0  1.0  0.0 7.8294E-05 2.6713E+03 1.2991E-05 8.4470E+00 6.4577E+03 1.0000E+04 4.6749E-02
m3n85r0 1.0000E+03 3.1623E+08  0.1  0.0  0.0  1.0 -1.0 2.9004E-05 1.6020E+01 1.2991E-05 2.6712E+01 7.9007E+03 1.0000E+04 1.0000E-01
m3n85r1 1.0000E+03 3.1623E+08  0.3  3.0 10.0  1.0 -1.0 1.1482E-01 1.2471E-01 1.2991E-05 2.6712E+01 9.9967E+03 1.0000E+04 1.1310E-04
m3n85r2 1.0000E+03 3.1623E+08  0.3  3.0 10.0  0.6 -1.0 3.8787E+00 5.7365E+00 1.2991E-05 2.6712E+01 6.0002E+03 1.0000E+04 1.5526E-06
m3n85r3 1.0000E+03 3.1623E+08  0.3  0.0  0.0  1.0  0.0 8.3834E-05 5.6673E+04 1.2991E-05 2.6712E+01 5.0244E-05 1.0000E+04 6.3720E-02
m3n90r0 1.0000E+03 1.0000E+09  0.1  0.0  0.0  1.0 -1.0 2.7414E-05 1.2348E+01 1.2991E-05 8.4470E+01 1.7353E-19 1.0000E+04 1.0000E-01
m3n90r1 1.0000E+03 1.0000E+09  0.3  3.0 10.0  1.0 -1.0 1.1842E-01 1.5076E-01 1.2991E-05 8.4470E+01 9.9968E+03 1.0000E+04 1.1031E-04
m3n90r2 1.0000E+03 1.0000E+09  0.3  3.0 10.0  0.6 -1.0 6.9159E+00 1.5749E+01 1.2991E-05 8.4470E+01 6.0002E+03 1.0000E+04 8.6503E-07
m3n90r3 1.0000E+03 1.0000E+09  0.3  0.0  0.0  1.0  0.0 8.2118E-03 4.9401E+04 1.2991E-05 8.4470E+01 3.0717E-08 1.0000E+04 6.3720E-02
m3n95r0 1.0000E+03 3.1623E+09  0.1  0.0  0.0  1.0 -1.0 1.7526E-05 1.1590E+01 1.2991E-05 2.6712E+02 1.2855E-19 1.0000E+04 1.0000E-01
m3n95r1 1.0000E+03 3.1623E+09  0.3  3.0 10.0  1.0 -1.0 1.3072E-01 2.6989E-01 1.2991E-05 2.6712E+02 9.9970E+03 1.0000E+04 1.0188E-04
m3n95r2 1.0000E+03 3.1623E+09  0.3  3.0 10.0  0.6 -1.0 1.2841E+01 2.9806E+01 1.2991E-05 2.6712E+02 6.0003E+03 1.0000E+04 3.8255E-07
m3n95r3 1.0000E+03 3.1623E+09  0.3  0.0  0.0  1.0  0.0 5.0860E-01 1.9207E+02 1.2991E-05 2.6712E+02 0.0000E+00 1.0000E+04 1.3624E-04
m4n20r0 1.0000E+04 1.0000E+02  0.1  0.0  0.0  1.0 -1.0 3.0069E-06 1.6775E-04 1.2991E-04 8.4470E-04 6.2658E+01 1.0000E+05 1.0000E-01
m4n20r1 1.0000E+04 1.0000E+02  0.3  3.0 10.0  1.0 -1.0 2.5857E-06 2.0101E-04 1.2991E-04 8.4470E-04 1.6078E+02 1.0000E+05 2.9952E-01
m4n20r2 1.0000E+04 1.0000E+02  0.3  3.0 10.0  0.6 -1.0 2.6828E-06 2.1325E-04 1.2991E-04 8.4470E-04 1.4185E+02 1.0000E+05 2.9929E-01
m4n20r3 1.0000E+04 1.0000E+02  0.3  0.0  0.0  1.0  0.0 3.2729E-06 1.5668E-04 1.2991E-04 8.4470E-04 6.2479E+00 1.0000E+05 6.3718E-02
m4n25r0 1.0000E+04 3.1623E+02  0.1  0.0  0.0  1.0 -1.0 9.0241E-06 3.6458E-04 1.2991E-04 2.6712E-03 5.9550E+01 1.0000E+05 1.0000E-01
m4n25r1 1.0000E+04 3.1623E+02  0.3  3.0 10.0  1.0 -1.0 7.6293E-06 4.2647E-04 1.2991E-04 2.6712E-03 1.1372E+02 1.0000E+05 2.9966E-01
m4n25r2 1.0000E+04 3.1623E+02  0.3  3.0 10.0  0.6 -1.0 7.8404E-06 5.5197E-04 1.2991E-04 2.6712E-03 1.2829E+04 1.0000E+05 2.3586E-01
m4n25r3 1.0000E+04 3.1623E+02  0.3  0.0  0.0  1.0  0.0 9.6262E-06 3.5797E-04 1.2991E-04 2.6712E-03 2.5059E+02 1.0000E+05 6.3654E-02
m4n30r0 1.0000E+04 1.0000E+03  0.1  0.0  0.0  1.0 -1.0 2.5323E-05 7.0641E-04 1.2991E-04 8.4470E-03 4.9401E+02 1.0000E+05 1.0000E-01
m4n30r1 1.0000E+04 1.0000E+03  0.3  3.0 10.0  1.0 -1.0 2.0472E-05 9.1479E-04 1.2991E-04 8.4470E-03 9.8346E+03 1.0000E+05 2.7050E-01
m4n30r2 1.0000E+04 1.0000E+03  0.3  3.0 10.0  0.6 -1.0 2.3998E-05 1.1751E-03 1.2991E-04 8.4470E-03 1.3490E+03 1.0000E+05 2.9326E-01
m4n30r3 1.0000E+04 1.0000E+03  0.3  0.0  0.0  1.0  0.0 2.7996E-05 9.2128E-04 1.2991E-04 8.4470E-03 6.9047E+02 1.0000E+05 6.3538E-02
m4n35r0 1.0000E+04 3.1623E+03  0.1  0.0  0.0  1.0 -1.0 6.1543E-05 1.1572E-03 1.2991E-04 2.6712E-02 3.3941E+02 1.0000E+05 1.0000E-01
m4n35r1 1.0000E+04 3.1623E+03  0.3  3.0 10.0  1.0 -1.0 4.5429E-05 1.5983E-03 1.2991E-04 2.6712E-02 7.1698E+02 1.0000E+05 2.9785E-01
m4n35r2 1.0000E+04 3.1623E+03  0.3  3.0 10.0  0.6 -1.0 5.9659E-05 2.1263E-03 1.2991E-04 2.6712E-02 1.5536E+04 1.0000E+05 2.2233E-01
m4n35r3 1.0000E+04 3.1623E+03  0.3  0.0  0.0  1.0  0.0 7.5017E-05 1.7577E-03 1.2991E-04 2.6712E-02 7.9250E+02 1.0000E+05 6.3511E-02
m4n40r0 1.0000E+04 1.0000E+04  0.1  0.0  0.0  1.0 -1.0 1.2000E-04 1.3030E-03 1.2991E-04 8.4470E-02 3.2734E+03 1.0000E+05 1.0000E-01
m4n40r1 1.0000E+04 1.0000E+04  0.3  3.0 10.0  1.0 -1.0 9.7148E-05 1.9503E-03 1.2991E-04 8.4470E-02 5.4419E+03 1.0000E+05 2.8367E-01
m4n40r2 1.0000E+04 1.0000E+04  0.3  3.0 10.0  0.6 -1.0 1.2421E-04 2.9097E-03 1.2991E-04 8.4470E-02 6.5369E+03 1.0000E+05 2.6732E-01
m4n40r3 1.0000E+04 1.0000E+04  0.3  0.0  0.0  1.0  0.0 1.6006E-04 2.4511E-03 1.2991E-04 8.4470E-02 1.0713E+03 1.0000E+05 6.3437E-02
m4n45r0 1.0000E+04 3.1623E+04  0.1  0.0  0.0  1.0 -1.0 2.2006E-04 1.3772E-03 1.2991E-04 2.6712E-01 1.2569E+04 1.0000E+05 1.0000E-01
m4n45r1 1.0000E+04 3.1623E+04  0.3  3.0 10.0  1.0 -1.0 1.6532E-04 2.1612E-03 1.2991E-04 2.6712E-01 1.4848E+04 1.0000E+05 2.5546E-01
m4n45r2 1.0000E+04 3.1623E+04  0.3  3.0 10.0  0.6 -1.0 2.1513E-04 4.0170E-03 1.2991E-04 2.6712E-01 1.4059E+04 1.0000E+05 2.2971E-01
m4n45r3 1.0000E+04 3.1623E+04  0.3  0.0  0.0  1.0  0.0 3.2134E-04 2.8531E-03 1.2991E-04 2.6712E-01 1.9192E+04 1.0000E+05 5.8656E-02
m4n50r0 1.0000E+04 1.0000E+05  0.1  0.0  0.0  1.0 -1.0 3.6406E-04 2.9160E-03 1.2991E-04 8.4470E-01 2.5315E+04 1.0000E+05 1.0000E-01
m4n50r1 1.0000E+04 1.0000E+05  0.3  3.0 10.0  1.0 -1.0 2.4548E-04 2.9751E-03 1.2991E-04 8.4470E-01 3.1346E+04 1.0000E+05 2.0596E-01
m4n50r2 1.0000E+04 1.0000E+05  0.3  3.0 10.0  0.6 -1.0 3.1930E-04 9.2159E-03 1.2991E-04 8.4470E-01 3.1164E+04 1.0000E+05 1.4419E-01
m4n50r3 1.0000E+04 1.0000E+05  0.3  0.0  0.0  1.0  0.0 5.7719E-04 2.8485E-03 1.2991E-04 8.4470E-01 3.9304E+04 1.0000E+05 5.3366E-02
m4n55r0 1.0000E+04 3.1623E+05  0.1  0.0  0.0  1.0 -1.0 5.9320E-04 9.9054E+01 1.2991E-04 2.6712E+00 6.3047E+04 1.0000E+05 1.0000E-01
m4n55r1 1.0000E+04 3.1623E+05  0.3  3.0 10.0  1.0 -1.0 1.4537E-02 6.1179E+03 1.2991E-04 2.6712E+00 9.9936E+04 1.0000E+05 2.0608E-04
m4n55r2 1.0000E+04 3.1623E+05  0.3  3.0 10.0  0.6 -1.0 9.4280E-01 6.6704E+01 1.2991E-04 2.6712E+00 5.9986E+04 1.0000E+05 8.1822E-05
m4n55r3 1.0000E+04 3.1623E+05  0.3  0.0  0.0  1.0  0.0 4.6884E-04 1.4940E+04 1.2991E-04 2.6712E+00 5.7610E-19 1.0000E+05 6.3720E-02
m4n60r0 1.0000E+04 1.0000E+06  0.1  0.0  0.0  1.0 -1.0 5.3192E-04 1.6717E+02 1.2991E-04 8.4470E+00 3.8199E+04 1.0000E+05 1.0000E-01
m4n60r1 1.0000E+04 1.0000E+06  0.3  3.0 10.0  1.0 -1.0 1.1316E+00 3.5860E+02 1.2991E-04 8.4470E+00 9.9966E+04 1.0000E+05 1.1472E-04
m4n60r2 1.0000E+04 1.0000E+06  0.3  3.0 10.0  0.6 -1.0 1.6603E+00 4.6572E+01 1.2991E-04 8.4470E+00 5.9993E+04 1.0000E+05 4.6923E-05
m4n60r3 1.0000E+04 1.0000E+06  0.3  0.0  0.0  1.0  0.0 6.0987E-04 2.1817E+03 1.2991E-04 8.4470E+00 4.0476E+04 1.0000E+05 5.3058E-02
m4n65r0 1.0000E+04 3.1623E+06  0.1  0.0  0.0  1.0 -1.0 4.5999E-04 1.3639E+02 1.2991E-04 2.6712E+01 8.0977E+04 1.0000E+05 1.0000E-01
m4n65r1 1.0000E+04 3.1623E+06  0.3  3.0 10.0  1.0 -1.0 1.1354E+00 2.1497E+01 1.2991E-04 2.6712E+01 9.9966E+04 1.0000E+05 1.1436E-04
m4n65r2 1.0000E+04 3.1623E+06  0.3  3.0 10.0  0.6 -1.0 4.4951E+00 4.7719E+00 1.2991E-04 2.6712E+01 5.9999E+04 1.0000E+05 1.7121E-05
m4n65r3 1.0000E+04 3.1623E+06  0.3  0.0  0.0  1.0  0.0 6.7086E-04 2.9380E+03 1.2991E-04 2.6712E+01 1.6292E+00 1.0000E+05 6.3720E-02
m4n70r0 1.0000E+04 1.0000E+07  0.1  0.0  0.0  1.0 -1.0 3.3911E-04 2.6720E+02 1.2991E-04 8.4470E+01 9.7838E+02 1.0000E+05 1.0000E-01
m4n70r1 1.0000E+04 1.0000E+07  0.3  3.0 10.0  1.0 -1.0 1.1407E+00 2.5892E+00 1.2991E-04 8.4470E+01 9.9966E+04 1.0000E+05 1.1381E-04
m4n70r2 1.0000E+04 1.0000E+07  0.3  3.0 10.0  0.6 -1.0 1.3660E+01 1.4334E+01 1.2991E-04 8.4470E+01 6.0002E+04 1.0000E+05 5.5208E-06
m4n70r3 1.0000E+04 1.0000E+07  0.3  0.0  0.0  1.0  0.0 8.9261E-04 1.7807E+06 1.2991E-04 8.4470E+01 1.0635E+04 1.0000E+05 6.0912E-02
m4n75r0 1.0000E+04 3.1623E+07  0.1  0.0  0.0  1.0 -1.0 2.8295E-04 1.1389E+02 1.2991E-04 2.6712E+02 5.5287E-19 1.0000E+05 1.0000E-01
m4n75r1 1.0000E+04 3.1623E+07  0.3  3.0 10.0  1.0 -1.0 1.1482E+00 1.2471E+00 1.2991E-04 2.6712E+02 9.9967E+04 1.0000E+05 1.1308E-04
m4n75r2 1.0000E+04 3.1623E+07  0.3  3.0 10.0  0.6 -1.0 3.8800E+01 5.8370E+01 1.2991E-04 2.6712E+02 6.0002E+04 1.0000E+05 1.8934E-06
m4n75r3 1.0000E+04 3.1623E+07  0.3  0.0  0.0  1.0  0.0 1.2287E-03 2.6326E+06 1.2991E-04 2.6712E+02 5.7473E-19 1.0000E+05 6.3720E-02
m4n80r0 1.0000E+04 1.0000E+08  0.1  0.0  0.0  1.0 -1.0 2.5167E-04 2.0851E+02 1.2991E-04 8.4470E+02 5.4406E-08 1.0000E+05 1.0000E-01
m4n80r1 1.0000E+04 1.0000E+08  0.3  3.0 10.0  1.0 -1.0 1.1842E+00 1.5076E+00 1.2991E-04 8.4470E+02 9.9968E+04 1.0000E+05 1.1031E-04
m4n80r2 1.0000E+04 1.0000E+08  0.3  3.0 10.0  0.6 -1.0 6.9311E+01 1.6490E+02 1.2991E-04 8.4470E+02 6.0002E+04 1.0000E+05 1.0202E-06
m4n80r3 1.0000E+04 1.0000E+08  0.3  0.0  0.0  1.0  0.0 1.1661E-01 5.9273E+04 1.2991E-04 8.4470E+02 0.0000E+00 1.0000E+05 5.5157E-06
m4n85r0 1.0000E+04 3.1623E+08  0.1  0.0  0.0  1.0 -1.0 5.8756E-05 1.8275E+02 1.2991E-04 2.6712E+03 9.3971E+04 1.0000E+05 1.0000E-01
m4n85r1 1.0000E+04 3.1623E+08  0.3  3.0 10.0  1.0 -1.0 1.3068E+00 2.6989E+00 1.2991E-04 2.6712E+03 9.9970E+04 1.0000E+05 1.0195E-04
m4n85r2 1.0000E+04 3.1623E+08  0.3  3.0 10.0  0.6 -1.0 1.2882E+02 3.1645E+02 1.2991E-04 2.6712E+03 6.0003E+04 1.0000E+05 6.8934E-07
m4n85r3 1.0000E+04 3.1623E+08  0.3  0.0  0.0  1.0  0.0 5.0871E+00 2.0334E+03 1.2991E-04 2.6712E+03 0.0000E+00 1.0000E+05 3.9502E-06
m4n90r0 1.0000E+04 1.0000E+09  0.1  0.0  0.0  1.0 -1.0 3.2093E-05 2.4479E+02 1.2991E-04 8.4470E+03 6.8972E-21 1.0000E+05 1.0000E-01
m4n90r1 1.0000E+04 1.0000E+09  0.3  3.0 10.0  1.0 -1.0 1.3044E-01 6.5799E+06 1.2991E-04 8.4470E+03 1.1705E+01 1.0000E+05 2.9996E-01
m4n90r2 1.0000E+04 1.0000E+09  0.3  3.0 10.0  0.6 -1.0 2.5854E+02 6.9671E+02 1.2991E-04 8.4470E+03 6.0003E+04 1.0000E+05 1.9253E-07
m4n90r3 1.0000E+04 1.0000E+09  0.3  0.0  0.0  1.0  0.0 8.9622E+00 2.6727E+03 1.2991E-04 8.4470E+03 0.0000E+00 1.0000E+05 7.6297E-07
m4n95r0 1.0000E+04 3.1623E+09  0.1  0.0  0.0  1.0 -1.0 2.7986E-05 8.5040E+01 1.2991E-04 2.6712E+04 5.9320E-12 1.0000E+05 1.0000E-01
m4n95r1 1.0000E+04 3.1623E+09  0.3  3.0 10.0  1.0 -1.0 2.4277E-01 4.4458E+08 1.2991E-04 2.6712E+04 1.0427E-14 1.0000E+05 3.0000E-01
m4n95r2 1.0000E+04 3.1623E+09  0.3  3.0 10.0  0.6 -1.0 8.3205E+00 2.7448E+06 1.2991E-04 2.6712E+04 5.8887E+04 1.0000E+05 5.5788E-03
m4n95r3 1.0000E+04 3.1623E+09  0.3  0.0  0.0  1.0  0.0 5.2456E-03 1.0657E+07 1.2991E-04 2.6712E+04 4.7908E-20 1.0000E+05 6.3720E-02
m5n20r0 1.0000E+05 1.0000E+02  0.1  0.0  0.0  1.0 -1.0 2.5111E-04 8.5646E-03 1.2991E-03 8.4470E-02 5.7177E+03 1.0000E+06 1.0000E-01
m5n20r1 1.0000E+05 1.0000E+02  0.3  3.0 10.0  1.0 -1.0 2.0110E-04 1.0018E-02 1.2991E-03 8.4470E-02 3.9517E+04 1.0000E+06 2.8815E-01
m5n20r2 1.0000E+05 1.0000E+02  0.3  3.0 10.0  0.6 -1.0 2.1741E-04 1.4012E-02 1.2991E-03 8.4470E-02 6.1561E+03 1.0000E+06 2.9692E-01
m5n20r3 1.0000E+05 1.0000E+02  0.3  0.0  0.0  1.0  0.0 2.8576E-04 9.4225E-03 1.2991E-03 8.4470E-02 1.4453E+03 1.0000E+06 6.3682E-02
m5n25r0 1.0000E+05 3.1623E+02  0.1  0.0  0.0  1.0 -1.0 6.1612E-04 1.1663E-02 1.2991E-03 2.6712E-01 2.5731E+03 1.0000E+06 1.0000E-01
m5n25r1 1.0000E+05 3.1623E+02  0.3  3.0 10.0  1.0 -1.0 4.5503E-04 1.7698E-02 1.2991E-03 2.6712E-01 7.3605E+03 1.0000E+06 2.9779E-01
m5n25r2 1.0000E+05 3.1623E+02  0.3  3.0 10.0  0.6 -1.0 5.6646E-04 2.5678E-02 1.2991E-03 2.6712E-01 1.2340E+04 1.0000E+06 2.9383E-01
m5n25r3 1.0000E+05 3.1623E+02  0.3  0.0  0.0  1.0  0.0 7.4442E-04 1.7833E-02 1.2991E-03 2.6712E-01 2.7925E+05 1.0000E+06 5.6357E-02
m5n30r0 1.0000E+05 1.0000E+03  0.1  0.0  0.0  1.0 -1.0 1.2091E-03 1.3143E-02 1.2991E-03 8.4470E-01 1.5029E+05 1.0000E+06 1.0000E-01
m5n30r1 1.0000E+05 1.0000E+03  0.3  3.0 10.0  1.0 -1.0 9.7101E-04 1.9503E-02 1.2991E-03 8.4470E-01 2.6936E+04 1.0000E+06 2.9192E-01
m5n30r2 1.0000E+05 1.0000E+03  0.3  3.0 10.0  0.6 -1.0 1.2432E-03 2.9097E-02 1.2991E-03 8.4470E-01 1.3773E+05 1.0000E+06 2.3114E-01
m5n30r3 1.0000E+05 1.0000E+03  0.3  0.0  0.0  1.0  0.0 1.5963E-03 2.4736E-02 1.2991E-03 8.4470E-01 2.4265E+05 1.0000E+06 5.7320E-02
m5n35r0 1.0000E+05 3.1623E+03  0.1  0.0  0.0  1.0 -1.0 2.1999E-03 1.3753E-02 1.2991E-03 2.6712E+00 3.4097E+05 1.0000E+06 1.0000E-01
m5n35r1 1.0000E+05 3.1623E+03  0.3  3.0 10.0  1.0 -1.0 1.6527E-03 2.1300E-02 1.2991E-03 2.6712E+00 1.5552E+05 1.0000E+06 2.5335E-01
m5n35r2 1.0000E+05 3.1623E+03  0.3  3.0 10.0  0.6 -1.0 2.1750E-03 4.0170E-02 1.2991E-03 2.6712E+00 1.5579E+05 1.0000E+06 2.2211E-01
m5n35r3 1.0000E+05 3.1623E+03  0.3  0.0  0.0  1.0  0.0 3.2130E-03 2.7613E-02 1.2991E-03 2.6712E+00 7.6905E+04 1.0000E+06 6.1689E-02
m5n40r0 1.0000E+05 1.0000E+04  0.1  0.0  0.0  1.0 -1.0 3.6403E-03 3.0279E-02 1.2991E-03 8.4470E+00 1.4493E+05 1.0000E+06 1.0000E-01
m5n40r1 1.0000E+05 1.0000E+04  0.3  3.0 10.0  1.0 -1.0 2.4546E-03 2.9751E-02 1.2991E-03 8.4470E+00 2.4733E+05 1.0000E+06 2.2580E-01
m5n40r2 1.0000E+05 1.0000E+04  0.3  3.0 10.0  0.6 -1.0 3.1940E-03 9.2159E-02 1.2991E-03 8.4470E+00 3.4575E+05 1.0000E+06 1.2713E-01
m5n40r3 1.0000E+05 1.0000E+04  0.3  0.0  0.0  1.0  0.0 5.7717E-03 2.8485E-02 1.2991E-03 8.4470E+00 9.3114E+04 1.0000E+06 6.1261E-02
m5n45r0 1.0000E+05 3.1623E+04  0.1  0.0  0.0  1.0 -1.0 5.7470E-03 1.1133E+03 1.2991E-03 2.6712E+01 7.2776E+05 1.0000E+06 1.0000E-01
m5n45r1 1.0000E+05 3.1623E+04  0.3  3.0 10.0  1.0 -1.0 9.6694E-02 3.5864E+04 1.2991E-03 2.6712E+01 0.0000E+00 1.0000E+06 4.3660E-03
m5n45r2 1.0000E+05 3.1623E+04  0.3  3.0 10.0  0.6 -1.0 9.4260E+00 6.6704E+02 1.2991E-03 2.6712E+01 5.9986E+05 1.0000E+06 8.1823E-05
m5n45r3 1.0000E+05 3.1623E+04  0.3  0.0  0.0  1.0  0.0 4.4909E-03 7.9300E+04 1.2991E-03 2.6712E+01 4.5740E+05 1.0000E+06 5.1677E-02
m5n50r0 1.0000E+05 1.0000E+05  0.1  0.0  0.0  1.0 -1.0 4.8788E-03 1.8921E+03 1.2991E-03 8.4470E+01 7.9657E-05 1.0000E+06 1.0000E-01
m5n50r1 1.0000E+05 1.0000E+05  0.3  3.0 10.0  1.0 -1.0 1.1316E+01 3.5860E+03 1.2991E-03 8.4470E+01 9.9966E+05 1.0000E+06 1.1470E-04
m5n50r2 1.0000E+05 1.0000E+05  0.3  3.0 10.0  0.6 -1.0 1.6603E+01 4.6572E+02 1.2991E-03 8.4470E+01 5.9993E+05 1.0000E+06 4.6856E-05
m5n50r3 1.0000E+05 1.0000E+05  0.3  0.0  0.0  1.0  0.0 6.1918E-03 2.4017E+04 1.2991E-03 8.4470E+01 4.9185E-12 1.0000E+06 6.3720E-02
m5n55r0 1.0000E+05 3.1623E+05  0.1  0.0  0.0  1.0 -1.0 4.6426E-03 1.6657E+03 1.2991E-03 2.6712E+02 1.5349E+05 1.0000E+06 1.0000E-01
m5n55r1 1.0000E+05 3.1623E+05  0.3  3.0 10.0  1.0 -1.0 1.1354E+01 2.1497E+02 1.2991E-03 2.6712E+02 9.9966E+05 1.0000E+06 1.1436E-04
m5n55r2 1.0000E+05 3.1623E+05  0.3  3.0 10.0  0.6 -1.0 4.4945E+01 4.7719E+01 1.2991E-03 2.6712E+02 5.9999E+05 1.0000E+06 1.6971E-05
m5n55r3 1.0000E+05 3.1623E+05  0.3  0.0  0.0  1.0  0.0 6.9798E-03 6.4136E+04 1.2991E-03 2.6712E+02 2.3463E+01 1.0000E+06 6.3719E-02
m5n60r0 1.0000E+05 1.0000E+06  0.1  0.0  0.0  1.0 -1.0 3.2522E-03 1.4489E+03 1.2991E-03 8.4470E+02 8.4140E-04 1.0000E+06 1.0000E-01
m5n60r1 1.0000E+05 1.0000E+06  0.3  3.0 10.0  1.0 -1.0 1.1399E+01 2.5892E+01 1.2991E-03 8.4470E+02 9.9966E+05 1.0000E+06 1.1381E-04
m5n60r2 1.0000E+05 1.0000E+06  0.3  3.0 10.0  0.6 -1.0 1.3659E+02 1.4334E+02 1.2991E-03 8.4470E+02 6.0002E+05 1.0000E+06 5.5270E-06
m5n60r3 1.0000E+05 1.0000E+06  0.3  0.0  0.0  1.0  0.0 9.2755E-03 2.4491E+06 1.2991E-03 8.4470E+02 1.8091E+05 1.0000E+06 5.8946E-02
m5n65r0 1.0000E+05 3.1623E+06  0.1  0.0  0.0  1.0 -1.0 2.8737E-03 2.5272E+03 1.2991E-03 2.6712E+03 1.3918E+00 1.0000E+06 1.0000E-01
m5n65r1 1.0000E+05 3.1623E+06  0.3  3.0 10.0  1.0 -1.0 1.1482E+01 1.2471E+01 1.2991E-03 2.6712E+03 9.9967E+05 1.0000E+06 1.1305E-04
m5n65r2 1.0000E+05 3.1623E+06  0.3  3.0 10.0  0.6 -1.0 3.8743E+02 5.8311E+02 1.2991E-03 2.6712E+03 6.0002E+05 1.0000E+06 1.8119E-06
m5n65r3 1.0000E+05 3.1623E+06  0.3  0.0  0.0  1.0  0.0 9.0835E-03 1.4277E+07 1.2991E-03 2.6712E+03 1.3598E+05 1.0000E+06 6.0131E-02
m5n70r0 1.0000E+05 1.0000E+07  0.1  0.0  0.0  1.0 -1.0 1.9586E-03 1.2837E+03 1.2991E-03 8.4470E+03 7.3178E-19 1.0000E+06 1.0000E-01
m5n70r1 1.0000E+05 1.0000E+07  0.3  3.0 10.0  1.0 -1.0 1.1842E+01 1.5076E+01 1.2991E-03 8.4470E+03 9.9968E+05 1.0000E+06 1.1030E-04
m5n70r2 1.0000E+05 1.0000E+07  0.3  3.0 10.0  0.6 -1.0 6.9276E+02 1.6428E+03 1.2991E-03 8.4470E+03 6.0002E+05 1.0000E+06 1.0688E-06
m5n70r3 1.0000E+05 1.0000E+07  0.3  0.0  0.0  1.0  0.0 2.2989E-01 4.1259E+04 1.2991E-03 8.4470E+03 2.4987E+00 1.0000E+06 6.3720E-02
m5n75r0 1.0000E+05 3.1623E+07  0.1  0.0  0.0  1.0 -1.0 2.8844E-04 2.5542E+03 1.2991E-03 2.6712E+04 3.5173E-19 1.0000E+06 1.0000E-01
m5n75r1 1.0000E+05 3.1623E+07  0.3  3.0 10.0  1.0 -1.0 1.3068E+01 2.6989E+01 1.2991E-03 2.6712E+04 9.9970E+05 1.0000E+06 1.0195E-04
m5n75r2 1.0000E+05 3.1623E+07  0.3  3.0 10.0  0.6 -1.0 1.2877E+03 2.9836E+03 1.2991E-03 2.6712E+04 6.0003E+05 1.0000E+06 5.9129E-07
m5n75r3 1.0000E+05 3.1623E+07  0.3  0.0  0.0  1.0  0.0 5.0885E+01 1.9849E+04 1.2991E-03 2.6712E+04 0.0000E+00 1.0000E+06 2.2346E-06
m5n80r0 1.0000E+05 1.0000E+08  0.1  0.0  0.0  1.0 -1.0 2.3753E-04 1.6038E+03 1.2991E-03 8.4470E+04 8.1157E-20 1.0000E+06 1.0000E-01
m5n80r1 1.0000E+05 1.0000E+08  0.3  3.0 10.0  1.0 -1.0 9.2858E-01 4.2939E+07 1.2991E-03 8.4470E+04 2.3428E+05 1.0000E+06 2.2972E-01
m5n80r2 1.0000E+05 1.0000E+08  0.3  3.0 10.0  0.6 -1.0 2.5887E+03 6.8853E+03 1.2991E-03 8.4470E+04 6.0003E+05 1.0000E+06 2.0102E-07
m5n80r3 1.0000E+05 1.0000E+08  0.3  0.0  0.0  1.0  0.0 8.9593E+01 1.6651E+04 1.2991E-03 8.4470E+04 4.0679E+06 1.0000E+06 3.5334E-05
m5n85r0 1.0000E+05 3.1623E+08  0.1  0.0  0.0  1.0 -1.0 2.0875E-04 1.4583E+03 1.2991E-03 2.6712E+05 1.4978E-20 1.0000E+06 1.0000E-01
m5n85r1 1.0000E+05 3.1623E+08  0.3  3.0 10.0  1.0 -1.0 6.9958E-01 8.7338E+07 1.2991E-03 2.6712E+05 5.6864E+00 1.0000E+06 3.0000E-01
m5n85r2 1.0000E+05 3.1623E+08  0.3  3.0 10.0  0.6 -1.0 7.0261E+01 1.7589E+07 1.2991E-03 2.6712E+05 3.9399E-07 1.0000E+06 3.0000E-01
m5n85r3 1.0000E+05 3.1623E+08  0.3  0.0  0.0  1.0  0.0 1.3396E-02 3.7865E+06 1.2991E-03 2.6712E+05 9.1900E-09 1.0000E+06 6.3720E-02
m5n90r0 1.0000E+05 1.0000E+09  0.1  0.0  0.0  1.0 -1.0 1.2461E-05 8.5002E+02 1.2991E-03 8.4470E+05 6.0084E-16 1.0000E+06 1.0000E-01
m5n90r1 1.0000E+05 1.0000E+09  0.3  3.0 10.0  1.0 -1.0 1.4651E+00 9.9970E+07 1.2991E-03 8.4470E+05 9.6450E+01 1.0000E+06 2.9997E-01
m5n90r2 1.0000E+05 1.0000E+09  0.3  3.0 10.0  0.6 -1.0 1.0837E+02 9.0506E+08 1.2991E-03 8.4470E+05 1.7777E-12 1.0000E+06 3.0000E-01
m5n90r3 1.0000E+05 1.0000E+09  0.3  0.0  0.0  1.0  0.0 5.2532E-02 1.1355E+08 1.2991E-03 8.4470E+05 1.4757E-20 1.0000E+06 6.3720E-02
m5n95r0 1.0000E+05 3.1623E+09  0.1  0.0  0.0  1.0 -1.0 1.6741E-04 2.4192E+03 1.2991E-03 2.6712E+06 1.3319E-21 1.0000E+06 1.0000E-01
m5n95r1 1.0000E+05 3.1623E+09  0.3  3.0 10.0  1.0 -1.0 3.7756E+00 5.3206E+08 1.2991E-03 2.6712E+06 5.1622E-02 1.0000E+06 3.0000E-01
m5n95r2 1.0000E+05 3.1623E+09  0.3  3.0 10.0  0.6 -1.0 2.9997E+01 1.3448E+07 1.2991E-03 2.6712E+06 2.8370E-02 1.0000E+06 3.0000E-01
m5n95r3 1.0000E+05 3.1623E+09  0.3  0.0  0.0  1.0  0.0 9.7671E-02 2.5041E+08 1.2991E-03 2.6712E+06 6.1668E-21 1.0000E+06 6.3720E-02
