m2n20r0 1.0000E+02 1.0000E+02  0.1  0.0  0.0  1.0 -1.0 1.3030E-10 3.6428E-09 1.2991E-06 8.4470E-08 1.0376E-02 1.0000E+03 1.0000E-01
m2n20r1 1.0000E+02 1.0000E+02  0.3  3.0 10.0  1.0 -1.0 1.0664E-10 3.4665E-09 1.2991E-06 8.4470E-08 1.9327E-02 1.0000E+03 2.9999E-01
m2n20r2 1.0000E+02 1.0000E+02  0.3  3.0 10.0  0.6 -1.0 1.0665E-10 3.4666E-09 1.2991E-06 8.4470E-08 2.0872E-02 1.0000E+03 2.9999E-01
m2n20r3 1.0000E+02 1.0000E+02  0.3  0.0  0.0  1.0  0.0 1.4053E-10 3.6725E-09 1.2991E-06 8.4470E-08 8.6376E-03 1.0000E+03 6.3720E-02
m2n25r0 1.0000E+02 3.1623E+02  0.1  0.0  0.0  1.0 -1.0 4.1935E-10 1.1512E-08 1.2991E-06 2.6712E-07 4.5864E-02 1.0000E+03 1.0000E-01
m2n25r1 1.0000E+02 3.1623E+02  0.3  3.0 10.0  1.0 -1.0 4.0984E-10 1.0944E-08 1.2991E-06 2.6712E-07 4.6267E-02 1.0000E+03 2.9999E-01
m2n25r2 1.0000E+02 3.1623E+02  0.3  3.0 10.0  0.6 -1.0 3.9112E-10 2.9671E-08 1.2991E-06 2.6712E-07 1.8844E-02 1.0000E+03 2.9999E-01
m2n25r3 1.0000E+02 3.1623E+02  0.3  0.0  0.0  1.0  0.0 4.5274E-10 1.1609E-08 1.2991E-06 2.6712E-07 1.4110E-02 1.0000E+03 6.3720E-02
m2n30r0 1.0000E+02 1.0000E+03  0.1  0.0  0.0  1.0 -1.0 2.9498E-09 2.5833E-07 1.2991E-06 8.4470E-07 3.8449E-02 1.0000E+03 1.0000E-01
m2n30r1 1.0000E+02 1.0000E+03  0.3  3.0 10.0  1.0 -1.0 3.1976E-09 3.9133E-07 1.2991E-06 8.4470E-07 6.3612E-02 1.0000E+03 2.9998E-01
m2n30r2 1.0000E+02 1.0000E+03  0.3  3.0 10.0  0.6 -1.0 3.2683E-09 3.9569E-07 1.2991E-06 8.4470E-07 6.8662E-02 1.0000E+03 2.9997E-01
m2n30r3 1.0000E+02 1.0000E+03  0.3  0.0  0.0  1.0  0.0 2.8035E-09 2.7530E-07 1.2991E-06 8.4470E-07 5.3582E-02 1.0000E+03 6.3719E-02
m2n35r0 1.0000E+02 3.1623E+03  0.1  0.0  0.0  1.0 -1.0 1.1641E-08 8.0327E-07 1.2991E-06 2.6712E-06 2.2392E-01 1.0000E+03 1.0000E-01
m2n35r1 1.0000E+02 3.1623E+03  0.3  3.0 10.0  1.0 -1.0 9.8545E-09 9.8252E-07 1.2991E-06 2.6712E-06 6.0794E-01 1.0000E+03 2.9982E-01
m2n35r2 1.0000E+02 3.1623E+03  0.3  3.0 10.0  0.6 -1.0 1.0365E-08 1.0100E-06 1.2991E-06 2.6712E-06 8.5467E-01 1.0000E+03 2.9957E-01
m2n35r3 1.0000E+02 3.1623E+03  0.3  0.0  0.0  1.0  0.0 1.2553E-08 7.4883E-07 1.2991E-06 2.6712E-06 1.4078E-01 1.0000E+03 6.3716E-02
m2n40r0 1.0000E+02 1.0000E+04  0.1  0.0  0.0  1.0 -1.0 3.0766E-08 1.6775E-06 1.2991E-06 8.4470E-06 1.9367E+00 1.0000E+03 1.0000E-01
m2n40r1 1.0000E+02 1.0000E+04  0.3  3.0 10.0  1.0 -1.0 2.6494E-08 2.0103E-06 1.2991E-06 8.4470E-06 6.6248E-01 1.0000E+03 2.9980E-01
m2n40r2 1.0000E+02 1.0000E+04  0.3  3.0 10.0  0.6 -1.0 2.5775E-08 2.1325E-06 1.2991E-06 8.4470E-06 1.5942E+00 1.0000E+03 2.9920E-01
m2n40r3 1.0000E+02 1.0000E+04  0.3  0.0  0.0  1.0  0.0 3.0473E-08 1.5668E-06 1.2991E-06 8.4470E-06 6.9100E-01 1.0000E+03 6.3702E-02
m2n45r0 1.0000E+02 3.1623E+04  0.1  0.0  0.0  1.0 -1.0 8.5834E-08 3.4345E-06 1.2991E-06 2.6712E-05 8.6404E-01 1.0000E+03 1.0000E-01
m2n45r1 1.0000E+02 3.1623E+04  0.3  3.0 10.0  1.0 -1.0 7.5437E-08 3.4720E-06 1.2991E-06 2.6712E-05 5.7230E+00 1.0000E+03 2.9828E-01
m2n45r2 1.0000E+02 3.1623E+04  0.3  3.0 10.0  0.6 -1.0 8.0299E-08 4.4911E-06 1.2991E-06 2.6712E-05 3.4383E-01 1.0000E+03 2.9983E-01
m2n45r3 1.0000E+02 3.1623E+04  0.3  0.0  0.0  1.0  0.0 9.2046E-08 3.1589E-06 1.2991E-06 2.6712E-05 9.0688E-01 1.0000E+03 6.3696E-02
m2n50r0 1.0000E+02 1.0000E+05  0.1  0.0  0.0  1.0 -1.0 2.5806E-07 6.4119E-06 1.2991E-06 8.4470E-05 4.8379E+00 1.0000E+03 1.0000E-01
m2n50r1 1.0000E+02 1.0000E+05  0.3  3.0 10.0  1.0 -1.0 2.0719E-07 9.8299E-06 1.2991E-06 8.4470E-05 9.5681E+01 1.0000E+03 2.7130E-01
m2n50r2 1.0000E+02 1.0000E+05  0.3  3.0 10.0  0.6 -1.0 2.1841E-07 1.0317E-05 1.2991E-06 8.4470E-05 1.6353E+00 1.0000E+03 2.9918E-01
m2n50r3 1.0000E+02 1.0000E+05  0.3  0.0  0.0  1.0  0.0 2.7732E-07 8.0606E-06 1.2991E-06 8.4470E-05 2.4591E+00 1.0000E+03 6.3655E-02
m2n55r0 1.0000E+02 3.1623E+05  0.1  0.0  0.0  1.0 -1.0 6.1822E-07 1.1178E-05 1.2991E-06 2.6712E-04 4.5229E+00 1.0000E+03 1.0000E-01
m2n55r1 1.0000E+02 3.1623E+05  0.3  3.0 10.0  1.0 -1.0 4.5081E-07 1.6442E-05 1.2991E-06 2.6712E-04 4.0431E+01 1.0000E+03 2.8787E-01
m2n55r2 1.0000E+02 3.1623E+05  0.3  3.0 10.0  0.6 -1.0 5.5274E-07 2.1283E-05 1.2991E-06 2.6712E-04 2.3830E+02 1.0000E+03 1.8086E-01
m2n55r3 1.0000E+02 3.1623E+05  0.3  0.0  0.0  1.0  0.0 7.2365E-07 1.7393E-05 1.2991E-06 2.6712E-04 2.0659E+00 1.0000E+03 6.3665E-02
m2n60r0 1.0000E+02 1.0000E+06  0.1  0.0  0.0  1.0 -1.0 1.1870E-06 1.2376E-05 1.2991E-06 8.4470E-04 1.0888E+02 1.0000E+03 1.0000E-01
m2n60r1 1.0000E+02 1.0000E+06  0.3  3.0 10.0  1.0 -1.0 9.7338E-07 1.9503E-05 1.2991E-06 8.4470E-04 1.3798E+02 1.0000E+03 2.5861E-01
m2n60r2 1.0000E+02 1.0000E+06  0.3  3.0 10.0  0.6 -1.0 1.2427E-06 2.9097E-05 1.2991E-06 8.4470E-04 2.1501E+01 1.0000E+03 2.8925E-01
m2n60r3 1.0000E+02 1.0000E+06  0.3  0.0  0.0  1.0  0.0 1.5881E-06 2.4316E-05 1.2991E-06 8.4470E-04 6.6371E+00 1.0000E+03 6.3545E-02
m2n65r0 1.0000E+02 3.1623E+06  0.1  0.0  0.0  1.0 -1.0 2.1996E-06 1.3709E-05 1.2991E-06 2.6712E-03 5.3137E+01 1.0000E+03 1.0000E-01
m2n65r1 1.0000E+02 3.1623E+06  0.3  3.0 10.0  1.0 -1.0 1.6510E-06 2.1456E-05 1.2991E-06 2.6712E-03 1.5808E+02 1.0000E+03 2.5258E-01
m2n65r2 1.0000E+02 3.1623E+06  0.3  3.0 10.0  0.6 -1.0 2.1712E-06 4.0170E-05 1.2991E-06 2.6712E-03 1.9925E+02 1.0000E+03 2.0038E-01
m2n65r3 1.0000E+02 3.1623E+06  0.3  0.0  0.0  1.0  0.0 3.2143E-06 2.7956E-05 1.2991E-06 2.6712E-03 2.2917E+02 1.0000E+03 5.7675E-02
m2n70r0 1.0000E+02 1.0000E+07  0.1  0.0  0.0  1.0 -1.0 3.6453E-06 3.4013E-05 1.2991E-06 8.4470E-03 8.6668E+02 1.0000E+03 1.0000E-01
m2n70r1 1.0000E+02 1.0000E+07  0.3  3.0 10.0  1.0 -1.0 2.4562E-06 2.9751E-05 1.2991E-06 8.4470E-03 5.6933E+02 1.0000E+03 1.2921E-01
m2n70r2 1.0000E+02 1.0000E+07  0.3  3.0 10.0  0.6 -1.0 3.1860E-06 9.2159E-05 1.2991E-06 8.4470E-03 3.9448E+02 1.0000E+03 1.0277E-01
m2n70r3 1.0000E+02 1.0000E+07  0.3  0.0  0.0  1.0  0.0 5.7694E-06 2.8485E-05 1.2991E-06 8.4470E-03 2.1470E+02 1.0000E+03 5.8056E-02
m2n75r0 1.0000E+02 3.1623E+07  0.1  0.0  0.0  1.0 -1.0 5.6244E-06 8.6437E-01 1.2991E-06 2.6712E-02 2.3415E+02 1.0000E+03 1.0000E-01
m2n75r1 1.0000E+02 3.1623E+07  0.3  3.0 10.0  1.0 -1.0 6.1332E-05 4.0287E+01 1.2991E-06 2.6712E-02 1.4324E-04 1.0000E+03 3.0000E-01
m2n75r2 1.0000E+02 3.1623E+07  0.3  3.0 10.0  0.6 -1.0 9.3369E-03 6.6704E-01 1.2991E-06 2.6712E-02 5.9986E+02 1.0000E+03 8.1804E-05
m2n75r3 1.0000E+02 3.1623E+07  0.3  0.0  0.0  1.0  0.0 4.5918E-06 8.2954E+01 1.2991E-06 2.6712E-02 9.4460E-17 1.0000E+03 6.3720E-02
m2n80r0 1.0000E+02 1.0000E+08  0.1  0.0  0.0  1.0 -1.0 5.3979E-06 1.4731E+00 1.2991E-06 8.4470E-02 8.8169E-19 1.0000E+03 1.0000E-01
m2n80r1 1.0000E+02 1.0000E+08  0.3  3.0 10.0  1.0 -1.0 1.1311E-02 3.5860E+00 1.2991E-06 8.4470E-02 9.9966E+02 1.0000E+03 1.1472E-04
m2n80r2 1.0000E+02 1.0000E+08  0.3  3.0 10.0  0.6 -1.0 1.6571E-02 4.6572E-01 1.2991E-06 8.4470E-02 5.9993E+02 1.0000E+03 4.6872E-05
m2n80r3 1.0000E+02 1.0000E+08  0.3  0.0  0.0  1.0  0.0 6.3302E-06 2.8754E+01 1.2991E-06 8.4470E-02 3.9933E+02 1.0000E+03 5.3200E-02
m2n85r0 1.0000E+02 3.1623E+08  0.1  0.0  0.0  1.0 -1.0 4.6546E-06 1.6082E+00 1.2991E-06 2.6712E-01 4.0913E-02 1.0000E+03 1.0000E-01
m2n85r1 1.0000E+02 3.1623E+08  0.3  3.0 10.0  1.0 -1.0 1.1354E-02 2.1497E-01 1.2991E-06 2.6712E-01 9.9966E+02 1.0000E+03 1.1436E-04
m2n85r2 1.0000E+02 3.1623E+08  0.3  3.0 10.0  0.6 -1.0 4.4559E-02 4.7719E-02 1.2991E-06 2.6712E-01 5.9999E+02 1.0000E+03 1.6986E-05
m2n85r3 1.0000E+02 3.1623E+08  0.3  0.0  0.0  1.0  0.0 7.0968E-06 3.4299E+01 1.2991E-06 2.6712E-01 5.4973E-05 1.0000E+03 6.3720E-02
m2n90r0 1.0000E+02 1.0000E+09  0.1  0.0  0.0  1.0 -1.0 3.4558E-06 1.0842E+00 1.2991E-06 8.4470E-01 5.1226E-19 1.0000E+03 1.0000E-01
m2n90r1 1.0000E+02 1.0000E+09  0.3  3.0 10.0  1.0 -1.0 1.1387E-02 2.5892E-02 1.2991E-06 8.4470E-01 9.9967E+02 1.0000E+03 1.1371E-04
m2n90r2 1.0000E+02 1.0000E+09  0.3  3.0 10.0  0.6 -1.0 1.3195E-01 1.4334E-01 1.2991E-06 8.4470E-01 6.0002E+02 1.0000E+03 5.4911E-06
m2n90r3 1.0000E+02 1.0000E+09  0.3  0.0  0.0  1.0  0.0 8.5929E-06 6.0287E+01 1.2991E-06 8.4470E-01 7.9434E+02 1.0000E+03 4.2882E-02
m2n95r0 1.0000E+02 3.1623E+09  0.1  0.0  0.0  1.0 -1.0 2.9180E-06 1.3109E+00 1.2991E-06 2.6712E+00 2.5172E-03 1.0000E+03 1.0000E-01
m2n95r1 1.0000E+02 3.1623E+09  0.3  3.0 10.0  1.0 -1.0 1.1477E-02 1.2472E-02 1.2991E-06 2.6712E+00 9.9967E+02 1.0000E+03 1.1305E-04
m2n95r2 1.0000E+02 3.1623E+09  0.3  3.0 10.0  0.6 -1.0 3.3659E-01 5.7993E-01 1.2991E-06 2.6712E+00 6.0002E+02 1.0000E+03 1.7975E-06
m2n95r3 1.0000E+02 3.1623E+09  0.3  0.0  0.0  1.0  0.0 8.2604E-06 5.4841E+02 1.2991E-06 2.6712E+00 4.0483E+02 1.0000E+03 5.3056E-02
m3n20r0 1.0000E+03 1.0000E+02  0.1  0.0  0.0  1.0 -1.0 2.9306E-08 2.5831E-06 1.2991E-05 8.4470E-06 4.6873E-01 1.0000E+04 1.0000E-01
m3n20r1 1.0000E+03 1.0000E+02  0.3  3.0 10.0  1.0 -1.0 3.2027E-08 3.9133E-06 1.2991E-05 8.4470E-06 6.5785E-01 1.0000E+04 2.9998E-01
m3n20r2 1.0000E+03 1.0000E+02  0.3  3.0 10.0  0.6 -1.0 3.2655E-08 3.9569E-06 1.2991E-05 8.4470E-06 7.0994E-01 1.0000E+04 2.9996E-01
m3n20r3 1.0000E+03 1.0000E+02  0.3  0.0  0.0  1.0  0.0 2.8033E-08 2.7531E-06 1.2991E-05 8.4470E-06 8.0436E-01 1.0000E+04 6.3718E-02
m3n25r0 1.0000E+03 3.1623E+02  0.1  0.0  0.0  1.0 -1.0 1.1703E-07 8.0327E-06 1.2991E-05 2.6712E-05 8.8509E-01 1.0000E+04 1.0000E-01
m3n25r1 1.0000E+03 3.1623E+02  0.3  3.0 10.0  1.0 -1.0 9.3676E-08 9.8252E-06 1.2991E-05 2.6712E-05 3.5606E+00 1.0000E+04 2.9989E-01
m3n25r2 1.0000E+03 3.1623E+02  0.3  3.0 10.0  0.6 -1.0 9.6317E-08 1.0100E-05 1.2991E-05 2.6712E-05 1.0182E+00 1.0000E+04 2.9995E-01
m3n25r3 1.0000E+03 3.1623E+02  0.3  0.0  0.0  1.0  0.0 1.2555E-07 7.4883E-06 1.2991E-05 2.6712E-05 1.2253E+01 1.0000E+04 6.3688E-02
m3n30r0 1.0000E+03 1.0000E+03  0.1  0.0  0.0  1.0 -1.0 3.0933E-07 1.6775E-05 1.2991E-05 8.4470E-05 1.6641E+00 1.0000E+04 1.0000E-01
m3n30r1 1.0000E+03 1.0000E+03  0.3  3.0 10.0  1.0 -1.0 2.6345E-07 2.0102E-05 1.2991E-05 8.4470E-05 3.2989E+01 1.0000E+04 2.9901E-01
m3n30r2 1.0000E+03 1.0000E+03  0.3  3.0 10.0  0.6 -1.0 2.8933E-07 2.1325E-05 1.2991E-05 8.4470E-05 6.2620E+00 1.0000E+04 2.9969E-01
m3n30r3 1.0000E+03 1.0000E+03  0.3  0.0  0.0  1.0  0.0 3.1332E-07 1.5668E-05 1.2991E-05 8.4470E-05 1.0009E+00 1.0000E+04 6.3717E-02
m3n35r0 1.0000E+03 3.1623E+03  0.1  0.0  0.0  1.0 -1.0 8.9930E-07 3.1330E-05 1.2991E-05 2.6712E-04 8.8188E+01 1.0000E+04 1.0000E-01
m3n35r1 1.0000E+03 3.1623E+03  0.3  3.0 10.0  1.0 -1.0 7.2167E-07 3.4235E-05 1.2991E-05 2.6712E-04 1.9282E+01 1.0000E+04 2.9942E-01
m3n35r2 1.0000E+03 3.1623E+03  0.3  3.0 10.0  0.6 -1.0 7.8364E-07 3.9509E-05 1.2991E-05 2.6712E-04 4.4786E+02 1.0000E+04 2.7761E-01
m3n35r3 1.0000E+03 3.1623E+03  0.3  0.0  0.0  1.0  0.0 9.1542E-07 3.7991E-05 1.2991E-05 2.6712E-04 6.8276E+00 1.0000E+04 6.3702E-02
m3n40r0 1.0000E+03 1.0000E+04  0.1  0.0  0.0  1.0 -1.0 2.5329E-06 6.4681E-05 1.2991E-05 8.4470E-04 3.7072E+01 1.0000E+04 1.0000E-01
m3n40r1 1.0000E+03 1.0000E+04  0.3  3.0 10.0  1.0 -1.0 1.9964E-06 9.3244E-05 1.2991E-05 8.4470E-04 1.0292E+02 1.0000E+04 2.9691E-01
m3n40r2 1.0000E+03 1.0000E+04  0.3  3.0 10.0  0.6 -1.0 2.2847E-06 1.3360E-04 1.2991E-05 8.4470E-04 7.3316E+01 1.0000E+04 2.9633E-01
m3n40r3 1.0000E+03 1.0000E+04  0.3  0.0  0.0  1.0  0.0 2.6820E-06 8.7291E-05 1.2991E-05 8.4470E-04 6.3663E+00 1.0000E+04 6.3703E-02
m3n45r0 1.0000E+03 3.1623E+04  0.1  0.0  0.0  1.0 -1.0 6.0725E-06 1.0962E-04 1.2991E-05 2.6712E-03 8.4252E+01 1.0000E+04 1.0000E-01
m3n45r1 1.0000E+03 3.1623E+04  0.3  3.0 10.0  1.0 -1.0 4.5827E-06 1.2731E-04 1.2991E-05 2.6712E-03 3.2230E+03 1.0000E+04 2.0331E-01
m3n45r2 1.0000E+03 3.1623E+04  0.3  3.0 10.0  0.6 -1.0 5.8060E-06 2.4018E-04 1.2991E-05 2.6712E-03 1.6045E+03 1.0000E+04 2.1978E-01
m3n45r3 1.0000E+03 3.1623E+04  0.3  0.0  0.0  1.0  0.0 7.4848E-06 1.7046E-04 1.2991E-05 2.6712E-03 6.4411E+01 1.0000E+04 6.3550E-02
m3n50r0 1.0000E+03 1.0000E+05  0.1  0.0  0.0  1.0 -1.0 1.1938E-05 1.2799E-04 1.2991E-05 8.4470E-03 1.8978E+02 1.0000E+04 1.0000E-01
m3n50r1 1.0000E+03 1.0000E+05  0.3  3.0 10.0  1.0 -1.0 9.7097E-06 1.9503E-04 1.2991E-05 8.4470E-03 2.3071E+02 1.0000E+04 2.9308E-01
m3n50r2 1.0000E+03 1.0000E+05  0.3  3.0 10.0  0.6 -1.0 1.2429E-05 2.9097E-04 1.2991E-05 8.4470E-03 2.5420E+02 1.0000E+04 2.8729E-01
m3n50r3 1.0000E+03 1.0000E+05  0.3  0.0  0.0  1.0  0.0 1.6021E-05 2.4125E-04 1.2991E-05 8.4470E-03 5.2103E+01 1.0000E+04 6.3582E-02
m3n55r0 1.0000E+03 3.1623E+05  0.1  0.0  0.0  1.0 -1.0 2.1991E-05 1.3750E-04 1.2991E-05 2.6712E-02 4.5531E+02 1.0000E+04 1.0000E-01
m3n55r1 1.0000E+03 3.1623E+05  0.3  3.0 10.0  1.0 -1.0 1.6557E-05 2.1242E-04 1.2991E-05 2.6712E-02 4.3054E+03 1.0000E+04 1.7084E-01
m3n55r2 1.0000E+03 3.1623E+05  0.3  3.0 10.0  0.6 -1.0 2.1625E-05 4.0170E-04 1.2991E-05 2.6712E-02 9.2696E+02 1.0000E+04 2.5365E-01
m3n55r3 1.0000E+03 3.1623E+05  0.3  0.0  0.0  1.0  0.0 3.2139E-05 2.7140E-04 1.2991E-05 2.6712E-02 2.5748E+03 1.0000E+04 5.6929E-02
m3n60r0 1.0000E+03 1.0000E+06  0.1  0.0  0.0  1.0 -1.0 3.6446E-05 2.9408E-04 1.2991E-05 8.4470E-02 2.0668E+03 1.0000E+04 1.0000E-01
m3n60r1 1.0000E+03 1.0000E+06  0.3  3.0 10.0  1.0 -1.0 2.4592E-05 2.9751E-04 1.2991E-05 8.4470E-02 5.6848E+03 1.0000E+04 1.2946E-01
m3n60r2 1.0000E+03 1.0000E+06  0.3  3.0 10.0  0.6 -1.0 3.1858E-05 9.2159E-04 1.2991E-05 8.4470E-02 2.2234E+03 1.0000E+04 1.8884E-01
m3n60r3 1.0000E+03 1.0000E+06  0.3  0.0  0.0  1.0  0.0 5.7715E-05 2.8485E-04 1.2991E-05 8.4470E-02 1.5768E+03 1.0000E+04 5.9558E-02
m3n65r0 1.0000E+03 3.1623E+06  0.1  0.0  0.0  1.0 -1.0 6.2130E-05 1.2777E+01 1.2991E-05 2.6712E-01 7.9155E-19 1.0000E+04 1.0000E-01
m3n65r1 1.0000E+03 3.1623E+06  0.3  3.0 10.0  1.0 -1.0 8.6670E-04 3.9586E+02 1.2991E-05 2.6712E-01 2.6261E+03 1.0000E+04 2.2122E-01
m3n65r2 1.0000E+03 3.1623E+06  0.3  3.0 10.0  0.6 -1.0 9.1441E-02 6.6704E+00 1.2991E-05 2.6712E-01 5.9986E+03 1.0000E+04 8.1772E-05
m3n65r3 1.0000E+03 3.1623E+06  0.3  0.0  0.0  1.0  0.0 4.6066E-05 4.8116E+02 1.2991E-05 2.6712E-01 2.6162E+03 1.0000E+04 5.6820E-02
m3n70r0 1.0000E+03 1.0000E+07  0.1  0.0  0.0  1.0 -1.0 5.0197E-05 1.6026E+01 1.2991E-05 8.4470E-01 7.2706E+03 1.0000E+04 1.0000E-01
m3n70r1 1.0000E+03 1.0000E+07  0.3  3.0 10.0  1.0 -1.0 1.1306E-01 3.5860E+01 1.2991E-05 8.4470E-01 9.9966E+03 1.0000E+04 1.1475E-04
m3n70r2 1.0000E+03 1.0000E+07  0.3  3.0 10.0  0.6 -1.0 1.6500E-01 4.6572E+00 1.2991E-05 8.4470E-01 5.9993E+03 1.0000E+04 4.6920E-05
m3n70r3 1.0000E+03 1.0000E+07  0.3  0.0  0.0  1.0  0.0 6.5597E-05 2.3274E+02 1.2991E-05 8.4470E-01 4.0107E-14 1.0000E+04 6.3720E-02
m3n75r0 1.0000E+03 3.1623E+07  0.1  0.0  0.0  1.0 -1.0 4.9017E-05 1.7351E+01 1.2991E-05 2.6712E+00 4.0863E-19 1.0000E+04 1.0000E-01
m3n75r1 1.0000E+03 3.1623E+07  0.3  3.0 10.0  1.0 -1.0 1.1354E-01 2.1497E+00 1.2991E-05 2.6712E+00 9.9966E+03 1.0000E+04 1.1438E-04
m3n75r2 1.0000E+03 3.1623E+07  0.3  3.0 10.0  0.6 -1.0 4.4557E-01 4.7719E-01 1.2991E-05 2.6712E+00 5.9999E+03 1.0000E+04 1.7184E-05
m3n75r3 1.0000E+03 3.1623E+07  0.3  0.0  0.0  1.0  0.0 7.0144E-05 3.1455E+02 1.2991E-05 2.6712E+00 6.8079E+03 1.0000E+04 4.5836E-02
m3n80r0 1.0000E+03 1.0000E+08  0.1  0.0  0.0  1.0 -1.0 3.3626E-05 1.4116E+01 1.2991E-05 8.4470E+00 9.5794E-20 1.0000E+04 1.0000E-01
m3n80r1 1.0000E+03 1.0000E+08  0.3  3.0 10.0  1.0 -1.0 1.1387E-01 2.5892E-01 1.2991E-05 8.4470E+00 9.9967E+03 1.0000E+04 1.1370E-04
m3n80r2 1.0000E+03 1.0000E+08  0.3  3.0 10.0  0.6 -1.0 1.3195E+00 1.4334E+00 1.2991E-05 8.4470E+00 6.0002E+03 1.0000E+04 5.4857E-06
m3n80r3 1.0000E+03 1.0000E+08  0.3  0.0  0.0  1.0  0.0 9.1744E-05 4.1659E+02 1.2991E-05 8.4470E+00 3.2056E-06 1.0000E+04 6.3720E-02
m3n85r0 1.0000E+03 3.1623E+08  0.1  0.0  0.0  1.0 -1.0 2.4516E-05 1.6020E+01 1.2991E-05 2.6712E+01 6.0489E+00 1.0000E+04 1.0000E-01
m3n85r1 1.0000E+03 3.1623E+08  0.3  3.0 10.0  1.0 -1.0 1.1477E-01 1.2471E-01 1.2991E-05 2.6712E+01 9.9967E+03 1.0000E+04 1.1297E-04
m3n85r2 1.0000E+03 3.1623E+08  0.3  3.0 10.0  0.6 -1.0 3.3617E+00 5.5470E+00 1.2991E-05 2.6712E+01 6.0002E+03 1.0000E+04 1.8030E-06
m3n85r3 1.0000E+03 3.1623E+08  0.3  0.0  0.0  1.0  0.0 1.0272E-04 5.6673E+04 1.2991E-05 2.6712E+01 1.2240E-13 1.0000E+04 6.3720E-02
m3n90r0 1.0000E+03 1.0000E+09  0.1  0.0  0.0  1.0 -1.0 1.9949E-05 1.2348E+01 1.2991E-05 8.4470E+01 3.2038E-08 1.0000E+04 1.0000E-01
m3n90r1 1.0000E+03 1.0000E+09  0.3  3.0 10.0  1.0 -1.0 1.1889E-01 1.5076E-01 1.2991E-05 8.4470E+01 9.9968E+03 1.0000E+04 1.1025E-04
m3n90r2 1.0000E+03 1.0000E+09  0.3  3.0 10.0  0.6 -1.0 5.6887E+00 1.2756E+01 1.2991E-05 8.4470E+01 6.0002E+03 1.0000E+04 1.1048E-06
m3n90r3 1.0000E+03 1.0000E+09  0.3  0.0  0.0  1.0  0.0 1.6179E-02 4.9401E+04 1.2991E-05 8.4470E+01 3.0378E-06 1.0000E+04 6.3720E-02
m3n95r0 1.0000E+03 3.1623E+09  0.1  0.0  0.0  1.0 -1.0 2.8805E-05 9.5172E+00 1.2991E-05 2.6712E+02 1.0328E-19 1.0000E+04 1.0000E-01
m3n95r1 1.0000E+03 3.1623E+09  0.3  3.0 10.0  1.0 -1.0 1.3369E-01 2.6989E-01 1.2991E-05 2.6712E+02 9.9971E+03 1.0000E+04 1.0165E-04
m3n95r2 1.0000E+03 3.1623E+09  0.3  3.0 10.0  0.6 -1.0 1.0555E+01 2.8855E+01 1.2991E-05 2.6712E+02 6.0003E+03 1.0000E+04 4.6779E-07
m3n95r3 1.0000E+03 3.1623E+09  0.3  0.0  0.0  1.0  0.0 5.0898E-01 1.9207E+02 1.2991E-05 2.6712E+02 0.0000E+00 1.0000E+04 8.1207E-07
m4n20r0 1.0000E+04 1.0000E+02  0.1  0.0  0.0  1.0 -1.0 2.9508E-06 1.6775E-04 1.2991E-04 8.4470E-04 2.9534E+01 1.0000E+05 1.0000E-01
m4n20r1 1.0000E+04 1.0000E+02  0.3  3.0 10.0  1.0 -1.0 2.6243E-06 2.0101E-04 1.2991E-04 8.4470E-04 1.1231E+03 1.0000E+05 2.9663E-01
m4n20r2 1.0000E+04 1.0000E+02  0.3  3.0 10.0  0.6 -1.0 2.6824E-06 2.1325E-04 1.2991E-04 8.4470E-04 8.2420E+01 1.0000E+05 2.9959E-01
m4n20r3 1.0000E+04 1.0000E+02  0.3  0.0  0.0  1.0  0.0 3.2655E-06 1.5668E-04 1.2991E-04 8.4470E-04 2.3507E+01 1.0000E+05 6.3714E-02
m4n25r0 1.0000E+04 3.1623E+02  0.1  0.0  0.0  1.0 -1.0 8.8455E-06 2.8828E-04 1.2991E-04 2.6712E-03 2.9583E+02 1.0000E+05 1.0000E-01
m4n25r1 1.0000E+04 3.1623E+02  0.3  3.0 10.0  1.0 -1.0 7.5471E-06 4.2647E-04 1.2991E-04 2.6712E-03 3.2134E+02 1.0000E+05 2.9904E-01
m4n25r2 1.0000E+04 3.1623E+02  0.3  3.0 10.0  0.6 -1.0 7.3181E-06 4.5168E-04 1.2991E-04 2.6712E-03 1.4765E+02 1.0000E+05 2.9926E-01
m4n25r3 1.0000E+04 3.1623E+02  0.3  0.0  0.0  1.0  0.0 9.8068E-06 3.5797E-04 1.2991E-04 2.6712E-03 2.7630E+01 1.0000E+05 6.3713E-02
m4n30r0 1.0000E+04 1.0000E+03  0.1  0.0  0.0  1.0 -1.0 2.5017E-05 7.0641E-04 1.2991E-04 8.4470E-03 8.1381E+02 1.0000E+05 1.0000E-01
m4n30r1 1.0000E+04 1.0000E+03  0.3  3.0 10.0  1.0 -1.0 1.9540E-05 9.1479E-04 1.2991E-04 8.4470E-03 1.1206E+03 1.0000E+05 2.9664E-01
m4n30r2 1.0000E+04 1.0000E+03  0.3  3.0 10.0  0.6 -1.0 2.3067E-05 1.1751E-03 1.2991E-04 8.4470E-03 6.1509E+02 1.0000E+05 2.9692E-01
m4n30r3 1.0000E+04 1.0000E+03  0.3  0.0  0.0  1.0  0.0 2.6179E-05 7.6927E-04 1.2991E-04 8.4470E-03 4.0945E+03 1.0000E+05 6.2638E-02
m4n35r0 1.0000E+04 3.1623E+03  0.1  0.0  0.0  1.0 -1.0 6.0910E-05 1.1226E-03 1.2991E-04 2.6712E-02 1.6806E+03 1.0000E+05 1.0000E-01
m4n35r1 1.0000E+04 3.1623E+03  0.3  3.0 10.0  1.0 -1.0 4.5554E-05 1.5983E-03 1.2991E-04 2.6712E-02 2.9326E+04 1.0000E+05 2.1203E-01
m4n35r2 1.0000E+04 3.1623E+03  0.3  3.0 10.0  0.6 -1.0 5.8387E-05 2.1263E-03 1.2991E-04 2.6712E-02 2.7396E+04 1.0000E+05 1.6302E-01
m4n35r3 1.0000E+04 3.1623E+03  0.3  0.0  0.0  1.0  0.0 7.4210E-05 1.5700E-03 1.2991E-04 2.6712E-02 7.6801E+02 1.0000E+05 6.3517E-02
m4n40r0 1.0000E+04 1.0000E+04  0.1  0.0  0.0  1.0 -1.0 1.2021E-04 1.2993E-03 1.2991E-04 8.4470E-02 1.9667E+04 1.0000E+05 1.0000E-01
m4n40r1 1.0000E+04 1.0000E+04  0.3  3.0 10.0  1.0 -1.0 9.7116E-05 1.9503E-03 1.2991E-04 8.4470E-02 2.6962E+03 1.0000E+05 2.9191E-01
m4n40r2 1.0000E+04 1.0000E+04  0.3  3.0 10.0  0.6 -1.0 1.2443E-04 2.9097E-03 1.2991E-04 8.4470E-02 3.2129E+04 1.0000E+05 1.3936E-01
m4n40r3 1.0000E+04 1.0000E+04  0.3  0.0  0.0  1.0  0.0 1.6014E-04 2.4165E-03 1.2991E-04 8.4470E-02 1.7505E+04 1.0000E+05 5.9101E-02
m4n45r0 1.0000E+04 3.1623E+04  0.1  0.0  0.0  1.0 -1.0 2.1996E-04 1.3772E-03 1.2991E-04 2.6712E-01 2.0899E+03 1.0000E+05 1.0000E-01
m4n45r1 1.0000E+04 3.1623E+04  0.3  3.0 10.0  1.0 -1.0 1.6528E-04 2.1612E-03 1.2991E-04 2.6712E-01 3.5358E+04 1.0000E+05 1.9393E-01
m4n45r2 1.0000E+04 3.1623E+04  0.3  3.0 10.0  0.6 -1.0 2.1543E-04 4.0170E-03 1.2991E-04 2.6712E-01 8.7898E+03 1.0000E+05 2.5605E-01
m4n45r3 1.0000E+04 3.1623E+04  0.3  0.0  0.0  1.0  0.0 3.2114E-04 2.8531E-03 1.2991E-04 2.6712E-01 1.8556E+03 1.0000E+05 6.3230E-02
m4n50r0 1.0000E+04 1.0000E+05  0.1  0.0  0.0  1.0 -1.0 3.6433E-04 2.9160E-03 1.2991E-04 8.4470E-01 1.2988E+04 1.0000E+05 1.0000E-01
m4n50r1 1.0000E+04 1.0000E+05  0.3  3.0 10.0  1.0 -1.0 2.4563E-04 2.9751E-03 1.2991E-04 8.4470E-01 2.1572E+04 1.0000E+05 2.3529E-01
m4n50r2 1.0000E+04 1.0000E+05  0.3  3.0 10.0  0.6 -1.0 3.1805E-04 9.2159E-03 1.2991E-04 8.4470E-01 4.1913E+04 1.0000E+05 9.0445E-02
m4n50r3 1.0000E+04 1.0000E+05  0.3  0.0  0.0  1.0  0.0 5.7705E-04 2.8485E-03 1.2991E-04 8.4470E-01 1.6837E+04 1.0000E+05 5.9277E-02
m4n55r0 1.0000E+04 3.1623E+05  0.1  0.0  0.0  1.0 -1.0 6.0729E-04 9.7327E+01 1.2991E-04 2.6712E+00 1.7085E+04 1.0000E+05 1.0000E-01
m4n55r1 1.0000E+04 3.1623E+05  0.3  3.0 10.0  1.0 -1.0 1.3515E-02 6.1179E+03 1.2991E-04 2.6712E+00 1.0815E-01 1.0000E+05 3.0000E-01
m4n55r2 1.0000E+04 3.1623E+05  0.3  3.0 10.0  0.6 -1.0 9.3383E-01 6.6704E+01 1.2991E-04 2.6712E+00 5.9986E+04 1.0000E+05 8.1802E-05
m4n55r3 1.0000E+04 3.1623E+05  0.3  0.0  0.0  1.0  0.0 4.8296E-04 7.7332E+03 1.2991E-04 2.6712E+00 1.9446E-08 1.0000E+05 6.3720E-02
m4n60r0 1.0000E+04 1.0000E+06  0.1  0.0  0.0  1.0 -1.0 5.3662E-04 9.5028E+01 1.2991E-04 8.4470E+00 2.7464E-02 1.0000E+05 1.0000E-01
m4n60r1 1.0000E+04 1.0000E+06  0.3  3.0 10.0  1.0 -1.0 1.1313E+00 3.5860E+02 1.2991E-04 8.4470E+00 9.9966E+04 1.0000E+05 1.1472E-04
m4n60r2 1.0000E+04 1.0000E+06  0.3  3.0 10.0  0.6 -1.0 1.6571E+00 4.6572E+01 1.2991E-04 8.4470E+00 5.9993E+04 1.0000E+05 4.6947E-05
m4n60r3 1.0000E+04 1.0000E+06  0.3  0.0  0.0  1.0  0.0 6.1406E-04 2.1817E+03 1.2991E-04 8.4470E+00 2.1253E+03 1.0000E+05 6.3159E-02
m4n65r0 1.0000E+04 3.1623E+06  0.1  0.0  0.0  1.0 -1.0 4.7103E-04 1.3046E+02 1.2991E-04 2.6712E+01 4.2667E+04 1.0000E+05 1.0000E-01
m4n65r1 1.0000E+04 3.1623E+06  0.3  3.0 10.0  1.0 -1.0 1.1354E+00 2.1497E+01 1.2991E-04 2.6712E+01 9.9966E+04 1.0000E+05 1.1436E-04
m4n65r2 1.0000E+04 3.1623E+06  0.3  3.0 10.0  0.6 -1.0 4.4558E+00 4.7719E+00 1.2991E-04 2.6712E+01 5.9999E+04 1.0000E+05 1.7074E-05
m4n65r3 1.0000E+04 3.1623E+06  0.3  0.0  0.0  1.0  0.0 7.1407E-04 2.9380E+03 1.2991E-04 2.6712E+01 1.0169E-10 1.0000E+05 6.3720E-02
m4n70r0 1.0000E+04 1.0000E+07  0.1  0.0  0.0  1.0 -1.0 3.5102E-04 1.6025E+02 1.2991E-04 8.4470E+01 7.7299E-07 1.0000E+05 1.0000E-01
m4n70r1 1.0000E+04 1.0000E+07  0.3  3.0 10.0  1.0 -1.0 1.1401E+00 2.5892E+00 1.2991E-04 8.4470E+01 9.9967E+04 1.0000E+05 1.1376E-04
m4n70r2 1.0000E+04 1.0000E+07  0.3  3.0 10.0  0.6 -1.0 1.3189E+01 1.4334E+01 1.2991E-04 8.4470E+01 6.0002E+04 1.0000E+05 5.4939E-06
m4n70r3 1.0000E+04 1.0000E+07  0.3  0.0  0.0  1.0  0.0 1.1663E-03 1.7807E+06 1.2991E-04 8.4470E+01 1.3147E-12 1.0000E+05 6.3720E-02
m4n75r0 1.0000E+04 3.1623E+07  0.1  0.0  0.0  1.0 -1.0 2.6903E-04 1.1389E+02 1.2991E-04 2.6712E+02 5.5709E-19 1.0000E+05 1.0000E-01
m4n75r1 1.0000E+04 3.1623E+07  0.3  3.0 10.0  1.0 -1.0 1.1477E+00 1.2471E+00 1.2991E-04 2.6712E+02 9.9967E+04 1.0000E+05 1.1298E-04
m4n75r2 1.0000E+04 3.1623E+07  0.3  3.0 10.0  0.6 -1.0 3.3643E+01 5.5969E+01 1.2991E-04 2.6712E+02 6.0002E+04 1.0000E+05 2.0133E-06
m4n75r3 1.0000E+04 3.1623E+07  0.3  0.0  0.0  1.0  0.0 9.3359E-04 1.1909E+05 1.2991E-04 2.6712E+02 2.2793E+04 1.0000E+05 5.7707E-02
m4n80r0 1.0000E+04 1.0000E+08  0.1  0.0  0.0  1.0 -1.0 9.1027E-05 1.5723E+02 1.2991E-04 8.4470E+02 7.8282E-19 1.0000E+05 1.0000E-01
m4n80r1 1.0000E+04 1.0000E+08  0.3  3.0 10.0  1.0 -1.0 1.1889E+00 1.5076E+00 1.2991E-04 8.4470E+02 9.9968E+04 1.0000E+05 1.1024E-04
m4n80r2 1.0000E+04 1.0000E+08  0.3  3.0 10.0  0.6 -1.0 5.6946E+01 1.3171E+02 1.2991E-04 8.4470E+02 6.0002E+04 1.0000E+05 1.1248E-06
m4n80r3 1.0000E+04 1.0000E+08  0.3  0.0  0.0  1.0  0.0 1.6320E-02 5.9273E+04 1.2991E-04 8.4470E+02 6.1291E-03 1.0000E+05 6.3720E-02
m4n85r0 1.0000E+04 3.1623E+08  0.1  0.0  0.0  1.0 -1.0 3.0733E-05 1.8275E+02 1.2991E-04 2.6712E+03 2.0903E-19 1.0000E+05 1.0000E-01
m4n85r1 1.0000E+04 3.1623E+08  0.3  3.0 10.0  1.0 -1.0 1.3369E+00 2.6989E+00 1.2991E-04 2.6712E+03 9.9971E+04 1.0000E+05 1.0165E-04
m4n85r2 1.0000E+04 3.1623E+08  0.3  3.0 10.0  0.6 -1.0 1.0550E+02 2.8186E+02 1.2991E-04 2.6712E+03 6.0003E+04 1.0000E+05 5.7488E-07
m4n85r3 1.0000E+04 3.1623E+08  0.3  0.0  0.0  1.0  0.0 5.0887E+00 1.6922E+03 1.2991E-04 2.6712E+03 0.0000E+00 1.0000E+05 3.7871E-04
m4n90r0 1.0000E+04 1.0000E+09  0.1  0.0  0.0  1.0 -1.0 3.0458E-06 1.5116E+02 1.2991E-04 8.4470E+03 2.1439E-05 1.0000E+05 1.0000E-01
m4n90r1 1.0000E+04 1.0000E+09  0.3  3.0 10.0  1.0 -1.0 2.3927E-01 6.5799E+06 1.2991E-04 8.4470E+03 4.4896E-03 1.0000E+05 3.0000E-01
m4n90r2 1.0000E+04 1.0000E+09  0.3  3.0 10.0  0.6 -1.0 2.0890E+02 5.7611E+02 1.2991E-04 8.4470E+03 6.0003E+04 1.0000E+05 2.2934E-07
m4n90r3 1.0000E+04 1.0000E+09  0.3  0.0  0.0  1.0  0.0 8.9630E+00 2.6727E+03 1.2991E-04 8.4470E+03 0.0000E+00 1.0000E+05 1.0704E-06
m4n95r0 1.0000E+04 3.1623E+09  0.1  0.0  0.0  1.0 -1.0 5.9514E-06 8.5040E+01 1.2991E-04 2.6712E+04 2.4648E-13 1.0000E+05 1.0000E-01
m4n95r1 1.0000E+04 3.1623E+09  0.3  3.0 10.0  1.0 -1.0 1.2085E-01 1.0598E+06 1.2991E-04 2.6712E+04 2.5565E-11 1.0000E+05 3.0000E-01
m4n95r2 1.0000E+04 3.1623E+09  0.3  3.0 10.0  0.6 -1.0 1.5257E+01 2.7448E+06 1.2991E-04 2.6712E+04 2.6001E+03 1.0000E+05 2.8700E-01
m4n95r3 1.0000E+04 3.1623E+09  0.3  0.0  0.0  1.0  0.0 9.7910E-03 1.0657E+07 1.2991E-04 2.6712E+04 1.1611E-20 1.0000E+05 6.3720E-02
m5n20r0 1.0000E+05 1.0000E+02  0.1  0.0  0.0  1.0 -1.0 2.4852E-04 7.2347E-03 1.2991E-03 8.4470E-02 1.2758E+04 1.0000E+06 1.0000E-01
m5n20r1 1.0000E+05 1.0000E+02  0.3  3.0 10.0  1.0 -1.0 1.9742E-04 1.0018E-02 1.2991E-03 8.4470E-02 2.5482E+03 1.0000E+06 2.9924E-01
m5n20r2 1.0000E+05 1.0000E+02  0.3  3.0 10.0  0.6 -1.0 2.1312E-04 1.4012E-02 1.2991E-03 8.4470E-02 1.8759E+03 1.0000E+06 2.9906E-01
m5n20r3 1.0000E+05 1.0000E+02  0.3  0.0  0.0  1.0  0.0 2.8735E-04 8.9759E-03 1.2991E-03 8.4470E-02 1.8174E+04 1.0000E+06 6.3240E-02
m5n25r0 1.0000E+05 3.1623E+02  0.1  0.0  0.0  1.0 -1.0 6.1744E-04 1.1663E-02 1.2991E-03 2.6712E-01 2.3478E+03 1.0000E+06 1.0000E-01
m5n25r1 1.0000E+05 3.1623E+02  0.3  3.0 10.0  1.0 -1.0 4.6230E-04 1.7698E-02 1.2991E-03 2.6712E-01 6.0123E+04 1.0000E+06 2.8196E-01
m5n25r2 1.0000E+05 3.1623E+02  0.3  3.0 10.0  0.6 -1.0 5.4323E-04 2.5678E-02 1.2991E-03 2.6712E-01 4.9000E+03 1.0000E+06 2.9755E-01
m5n25r3 1.0000E+05 3.1623E+02  0.3  0.0  0.0  1.0  0.0 7.4751E-04 1.7833E-02 1.2991E-03 2.6712E-01 2.2441E+04 1.0000E+06 6.3127E-02
m5n30r0 1.0000E+05 1.0000E+03  0.1  0.0  0.0  1.0 -1.0 1.2148E-03 1.2950E-02 1.2991E-03 8.4470E-01 1.4050E+04 1.0000E+06 1.0000E-01
m5n30r1 1.0000E+05 1.0000E+03  0.3  3.0 10.0  1.0 -1.0 9.7210E-04 1.9503E-02 1.2991E-03 8.4470E-01 4.6781E+05 1.0000E+06 1.5966E-01
m5n30r2 1.0000E+05 1.0000E+03  0.3  3.0 10.0  0.6 -1.0 1.2418E-03 2.9097E-02 1.2991E-03 8.4470E-01 2.4573E+04 1.0000E+06 2.8771E-01
m5n30r3 1.0000E+05 1.0000E+03  0.3  0.0  0.0  1.0  0.0 1.5938E-03 2.4696E-02 1.2991E-03 8.4470E-01 2.2962E+05 1.0000E+06 5.7663E-02
m5n35r0 1.0000E+05 3.1623E+03  0.1  0.0  0.0  1.0 -1.0 2.2004E-03 1.3753E-02 1.2991E-03 2.6712E+00 5.7761E+04 1.0000E+06 1.0000E-01
m5n35r1 1.0000E+05 3.1623E+03  0.3  3.0 10.0  1.0 -1.0 1.6519E-03 2.1300E-02 1.2991E-03 2.6712E+00 2.1219E+05 1.0000E+06 2.3635E-01
m5n35r2 1.0000E+05 3.1623E+03  0.3  3.0 10.0  0.6 -1.0 2.1679E-03 4.0170E-02 1.2991E-03 2.6712E+00 2.3778E+05 1.0000E+06 1.8112E-01
m5n35r3 1.0000E+05 3.1623E+03  0.3  0.0  0.0  1.0  0.0 3.2118E-03 2.7613E-02 1.2991E-03 2.6712E+00 2.8130E+05 1.0000E+06 5.6303E-02
m5n40r0 1.0000E+05 1.0000E+04  0.1  0.0  0.0  1.0 -1.0 3.6443E-03 3.0279E-02 1.2991E-03 8.4470E+00 3.4209E+05 1.0000E+06 1.0000E-01
m5n40r1 1.0000E+05 1.0000E+04  0.3  3.0 10.0  1.0 -1.0 2.4565E-03 2.9751E-02 1.2991E-03 8.4470E+00 2.5337E+05 1.0000E+06 2.2399E-01
m5n40r2 1.0000E+05 1.0000E+04  0.3  3.0 10.0  0.6 -1.0 3.1858E-03 9.2159E-02 1.2991E-03 8.4470E+00 2.2935E+05 1.0000E+06 1.8533E-01
m5n40r3 1.0000E+05 1.0000E+04  0.3  0.0  0.0  1.0  0.0 5.7696E-03 2.8485E-02 1.2991E-03 8.4470E+00 1.5613E+05 1.0000E+06 5.9599E-02
m5n45r0 1.0000E+05 3.1623E+04  0.1  0.0  0.0  1.0 -1.0 5.7042E-03 1.1133E+03 1.2991E-03 2.6712E+01 1.8252E+05 1.0000E+06 1.0000E-01
m5n45r1 1.0000E+05 3.1623E+04  0.3  3.0 10.0  1.0 -1.0 8.8792E-02 3.0362E+04 1.2991E-03 2.6712E+01 1.8620E+05 1.0000E+06 2.4414E-01
m5n45r2 1.0000E+05 3.1623E+04  0.3  3.0 10.0  0.6 -1.0 9.3370E+00 6.6704E+02 1.2991E-03 2.6712E+01 5.9986E+05 1.0000E+06 8.1804E-05
m5n45r3 1.0000E+05 3.1623E+04  0.3  0.0  0.0  1.0  0.0 4.7086E-03 7.9300E+04 1.2991E-03 2.6712E+01 5.6501E+02 1.0000E+06 6.3705E-02
m5n50r0 1.0000E+05 1.0000E+05  0.1  0.0  0.0  1.0 -1.0 4.7734E-03 1.8921E+03 1.2991E-03 8.4470E+01 1.5533E+05 1.0000E+06 1.0000E-01
m5n50r1 1.0000E+05 1.0000E+05  0.3  3.0 10.0  1.0 -1.0 1.1313E+01 3.5860E+03 1.2991E-03 8.4470E+01 9.9966E+05 1.0000E+06 1.1470E-04
m5n50r2 1.0000E+05 1.0000E+05  0.3  3.0 10.0  0.6 -1.0 1.6571E+01 4.6572E+02 1.2991E-03 8.4470E+01 5.9993E+05 1.0000E+06 4.6870E-05
m5n50r3 1.0000E+05 1.0000E+05  0.3  0.0  0.0  1.0  0.0 5.8460E-03 2.1539E+04 1.2991E-03 8.4470E+01 2.7790E-01 1.0000E+06 6.3720E-02
m5n55r0 1.0000E+05 3.1623E+05  0.1  0.0  0.0  1.0 -1.0 4.7107E-03 1.2181E+03 1.2991E-03 2.6712E+02 3.8750E+05 1.0000E+06 1.0000E-01
m5n55r1 1.0000E+05 3.1623E+05  0.3  3.0 10.0  1.0 -1.0 1.1354E+01 2.1497E+02 1.2991E-03 2.6712E+02 9.9966E+05 1.0000E+06 1.1436E-04
m5n55r2 1.0000E+05 3.1623E+05  0.3  3.0 10.0  0.6 -1.0 4.4557E+01 4.7719E+01 1.2991E-03 2.6712E+02 5.9999E+05 1.0000E+06 1.6997E-05
m5n55r3 1.0000E+05 3.1623E+05  0.3  0.0  0.0  1.0  0.0 7.1186E-03 6.4136E+04 1.2991E-03 2.6712E+02 4.4999E+05 1.0000E+06 5.1871E-02
m5n60r0 1.0000E+05 1.0000E+06  0.1  0.0  0.0  1.0 -1.0 3.4678E-03 1.4489E+03 1.2991E-03 8.4470E+02 1.0331E-01 1.0000E+06 1.0000E-01
m5n60r1 1.0000E+05 1.0000E+06  0.3  3.0 10.0  1.0 -1.0 1.1386E+01 2.5892E+01 1.2991E-03 8.4470E+02 9.9967E+05 1.0000E+06 1.1372E-04
m5n60r2 1.0000E+05 1.0000E+06  0.3  3.0 10.0  0.6 -1.0 1.3186E+02 1.4334E+02 1.2991E-03 8.4470E+02 6.0002E+05 1.0000E+06 5.4983E-06
m5n60r3 1.0000E+05 1.0000E+06  0.3  0.0  0.0  1.0  0.0 9.3870E-03 4.6002E+04 1.2991E-03 8.4470E+02 6.3670E-02 1.0000E+06 6.3720E-02
m5n65r0 1.0000E+05 3.1623E+06  0.1  0.0  0.0  1.0 -1.0 2.6470E-03 9.0708E+02 1.2991E-03 2.6712E+03 3.5371E-14 1.0000E+06 1.0000E-01
m5n65r1 1.0000E+05 3.1623E+06  0.3  3.0 10.0  1.0 -1.0 1.1476E+01 1.2471E+01 1.2991E-03 2.6712E+03 9.9967E+05 1.0000E+06 1.1304E-04
m5n65r2 1.0000E+05 3.1623E+06  0.3  3.0 10.0  0.6 -1.0 3.3541E+02 5.6474E+02 1.2991E-03 2.6712E+03 6.0002E+05 1.0000E+06 1.7303E-06
m5n65r3 1.0000E+05 3.1623E+06  0.3  0.0  0.0  1.0  0.0 1.2304E-02 1.0831E+07 1.2991E-03 2.6712E+03 2.4625E-03 1.0000E+06 6.3720E-02
m5n70r0 1.0000E+05 1.0000E+07  0.1  0.0  0.0  1.0 -1.0 2.8270E-03 6.7210E+02 1.2991E-03 8.4470E+03 6.4535E+05 1.0000E+06 1.0000E-01
m5n70r1 1.0000E+05 1.0000E+07  0.3  3.0 10.0  1.0 -1.0 1.1890E+01 1.5076E+01 1.2991E-03 8.4470E+03 9.9968E+05 1.0000E+06 1.1021E-04
m5n70r2 1.0000E+05 1.0000E+07  0.3  3.0 10.0  0.6 -1.0 5.6856E+02 1.3055E+03 1.2991E-03 8.4470E+03 6.0002E+05 1.0000E+06 1.2509E-06
m5n70r3 1.0000E+05 1.0000E+07  0.3  0.0  0.0  1.0  0.0 4.2345E-01 4.1259E+04 1.2991E-03 8.4470E+03 1.1502E-04 1.0000E+06 6.3720E-02
m5n75r0 1.0000E+05 3.1623E+07  0.1  0.0  0.0  1.0 -1.0 3.5262E-04 2.5542E+03 1.2991E-03 2.6712E+04 1.2436E-20 1.0000E+06 1.0000E-01
m5n75r1 1.0000E+05 3.1623E+07  0.3  3.0 10.0  1.0 -1.0 1.3370E+01 2.6989E+01 1.2991E-03 2.6712E+04 9.9971E+05 1.0000E+06 1.0163E-04
m5n75r2 1.0000E+05 3.1623E+07  0.3  3.0 10.0  0.6 -1.0 1.0534E+03 2.7363E+03 1.2991E-03 2.6712E+04 6.0003E+05 1.0000E+06 5.3119E-07
m5n75r3 1.0000E+05 3.1623E+07  0.3  0.0  0.0  1.0  0.0 5.0885E+01 1.9849E+04 1.2991E-03 2.6712E+04 0.0000E+00 1.0000E+06 5.9141E-06
m5n80r0 1.0000E+05 1.0000E+08  0.1  0.0  0.0  1.0 -1.0 1.4361E-04 1.2112E+03 1.2991E-03 8.4470E+04 5.5425E+04 1.0000E+06 1.0000E-01
m5n80r1 1.0000E+05 1.0000E+08  0.3  3.0 10.0  1.0 -1.0 1.7354E+00 4.2939E+07 1.2991E-03 8.4470E+04 1.4098E+01 1.0000E+06 3.0000E-01
m5n80r2 1.0000E+05 1.0000E+08  0.3  3.0 10.0  0.6 -1.0 2.0913E+03 5.7896E+03 1.2991E-03 8.4470E+04 6.0003E+05 1.0000E+06 3.7543E-07
m5n80r3 1.0000E+05 1.0000E+08  0.3  0.0  0.0  1.0  0.0 8.9557E+01 1.6651E+04 1.2991E-03 8.4470E+04 0.0000E+00 1.0000E+06 8.1258E-06
m5n85r0 1.0000E+05 3.1623E+08  0.1  0.0  0.0  1.0 -1.0 1.4484E-04 1.3702E+03 1.2991E-03 2.6712E+05 2.9623E+05 1.0000E+06 1.0000E-01
m5n85r1 1.0000E+05 3.1623E+08  0.3  3.0 10.0  1.0 -1.0 1.3097E+00 8.7338E+07 1.2991E-03 2.6712E+05 2.6130E+01 1.0000E+06 2.9999E-01
m5n85r2 1.0000E+05 3.1623E+08  0.3  3.0 10.0  0.6 -1.0 1.3804E+02 1.7589E+07 1.2991E-03 2.6712E+05 1.8261E-06 1.0000E+06 3.0000E-01
m5n85r3 1.0000E+05 3.1623E+08  0.3  0.0  0.0  1.0  0.0 2.5370E-02 3.7865E+06 1.2991E-03 2.6712E+05 6.3135E-21 1.0000E+06 6.3720E-02
m5n90r0 1.0000E+05 1.0000E+09  0.1  0.0  0.0  1.0 -1.0 2.4056E-05 8.5002E+02 1.2991E-03 8.4470E+05 1.4867E-20 1.0000E+06 1.0000E-01
m5n90r1 1.0000E+05 1.0000E+09  0.3  3.0 10.0  1.0 -1.0 2.6291E+00 9.9970E+07 1.2991E-03 8.4470E+05 2.5372E+03 1.0000E+06 2.9924E-01
m5n90r2 1.0000E+05 1.0000E+09  0.3  3.0 10.0  0.6 -1.0 1.6054E+02 2.7725E+07 1.2991E-03 8.4470E+05 5.8936E+05 1.0000E+06 5.3336E-03
m5n90r3 1.0000E+05 1.0000E+09  0.3  0.0  0.0  1.0  0.0 1.0051E-01 1.1355E+08 1.2991E-03 8.4470E+05 7.9049E-21 1.0000E+06 6.3720E-02
m5n95r0 1.0000E+05 3.1623E+09  0.1  0.0  0.0  1.0 -1.0 1.3657E-04 2.4192E+03 1.2991E-03 2.6712E+06 1.7978E-21 1.0000E+06 1.0000E-01
m5n95r1 1.0000E+05 3.1623E+09  0.3  3.0 10.0  1.0 -1.0 3.5678E-01 3.1737E+06 1.2991E-03 2.6712E+06 5.7155E-07 1.0000E+06 3.0000E-01
m5n95r2 1.0000E+05 3.1623E+09  0.3  3.0 10.0  0.6 -1.0 5.8037E+01 1.3448E+07 1.2991E-03 2.6712E+06 9.7053E-02 1.0000E+06 3.0000E-01
m5n95r3 1.0000E+05 3.1623E+09  0.3  0.0  0.0  1.0  0.0 1.8874E-01 2.5041E+08 1.2991E-03 2.6712E+06 1.9036E-21 1.0000E+06 6.3720E-02
