 1.00000E+01  4.16212E-01
 1.09750E+01  4.29311E-01
 1.20450E+01  4.42821E-01
 1.32194E+01  4.56753E-01
 1.45083E+01  4.71122E-01
 1.59228E+01  4.85939E-01
 1.74753E+01  5.01219E-01
 1.91791E+01  5.16974E-01
 2.10490E+01  5.33220E-01
 2.31013E+01  5.49969E-01
 2.53536E+01  5.67237E-01
 2.78256E+01  5.85037E-01
 3.05386E+01  6.03385E-01
 3.35160E+01  6.22295E-01
 3.67838E+01  6.41780E-01
 4.03702E+01  6.61857E-01
 4.43062E+01  6.82538E-01
 4.86260E+01  7.03837E-01
 5.33670E+01  7.25766E-01
 5.85702E+01  7.48338E-01
 6.42807E+01  7.71564E-01
 7.05480E+01  7.95451E-01
 7.74264E+01  8.20008E-01
 8.49753E+01  8.45238E-01
 9.32603E+01  8.71144E-01
 1.02353E+02  8.97723E-01
 1.12332E+02  9.24969E-01
 1.23285E+02  9.52869E-01
 1.35305E+02  9.81403E-01
 1.48497E+02  1.01055E+00
 1.62975E+02  1.04026E+00
 1.78865E+02  1.07050E+00
 1.96304E+02  1.10119E+00
 2.15443E+02  1.13228E+00
 2.36449E+02  1.16365E+00
 2.59502E+02  1.19518E+00
 2.84804E+02  1.22675E+00
 3.12572E+02  1.25816E+00
 3.43047E+02  1.28922E+00
 3.76494E+02  1.31968E+00
 4.13201E+02  1.34924E+00
 4.53488E+02  1.37758E+00
 4.97702E+02  1.40430E+00
 5.46228E+02  1.42895E+00
 5.99484E+02  1.45101E+00
 6.57933E+02  1.46992E+00
 7.22081E+02  1.48502E+00
 7.92483E+02  1.49561E+00
 8.69749E+02  1.50091E+00
 9.54548E+02  1.50011E+00
 1.04762E+03  1.49236E+00
 1.14976E+03  1.47680E+00
 1.26186E+03  1.45260E+00
 1.38489E+03  1.41901E+00
 1.51991E+03  1.37539E+00
 1.66810E+03  1.32130E+00
 1.83074E+03  1.25659E+00
 2.00923E+03  1.18143E+00
 2.20513E+03  1.09644E+00
 2.42013E+03  1.00271E+00
 2.65609E+03  9.01889E-01
 2.91505E+03  7.96134E-01
 3.19927E+03  6.88087E-01
 3.51119E+03  5.80737E-01
 3.85353E+03  4.77235E-01
 4.22924E+03  3.80646E-01
 4.64159E+03  2.93643E-01
 5.09414E+03  2.18253E-01
 5.59081E+03  1.55643E-01
 6.13591E+03  1.06011E-01
 6.73415E+03  6.86233E-02
 7.39072E+03  4.19903E-02
 8.11131E+03  2.41454E-02
 8.90215E+03  1.29642E-02
 9.77010E+03  6.45438E-03
 1.07227E+04  2.95694E-03
 1.17681E+04  1.23619E-03
 1.29155E+04  4.67326E-04
 1.41747E+04  1.58160E-04
 1.55568E+04  4.73981E-05
 1.70735E+04  1.24278E-05
 1.87382E+04  2.81371E-06
 2.05651E+04  5.42186E-07
 2.25702E+04  8.75244E-08
 2.47708E+04  1.16328E-08
 2.71859E+04  1.24896E-09
 2.98365E+04  1.06084E-10
 3.27455E+04  6.96693E-12
 3.59381E+04  3.44992E-13
 3.94421E+04  1.25306E-14
 4.32876E+04  3.23877E-16
 4.75081E+04  5.76238E-18
 5.21401E+04  6.36838E-20
 5.72237E+04  4.74062E-22
 6.28029E+04  2.15028E-24
 6.89261E+04  5.66251E-27
 7.56463E+04  8.20990E-30
 8.30218E+04  6.18292E-33
 9.11163E+04  2.26895E-36
 1.00000E+05  3.78249E-40
