# MB= 1.00000E+02 LAM= 1.00000E+00 TE= 1.00000E+01
 1.00000E-01  3.57839E+21
 1.09750E-01  4.30429E+21
 1.20450E-01  5.17650E+21
 1.32194E-01  6.22427E+21
 1.45083E-01  7.48265E+21
 1.59228E-01  8.99359E+21
 1.74753E-01  1.08073E+22
 1.91791E-01  1.29838E+22
 2.10490E-01  1.56170E+22
 2.31013E-01  1.88219E+22
 2.53536E-01  2.26802E+22
 2.78256E-01  2.73241E+22
 3.05386E-01  3.29122E+22
 3.35160E-01  3.96343E+22
 3.67838E-01  4.77181E+22
 4.03702E-01  5.74362E+22
 4.43062E-01  6.91148E+22
 4.86260E-01  8.31440E+22
 5.33670E-01  9.99474E+22
 5.85702E-01  1.20055E+23
 6.42807E-01  1.44153E+23
 7.05480E-01  1.73017E+23
 7.74264E-01  2.07571E+23
 8.49753E-01  2.48907E+23
 9.32603E-01  2.98323E+23
 1.02353E+00  3.57353E+23
 1.12332E+00  4.27807E+23
 1.23285E+00  5.11820E+23
 1.35305E+00  6.11900E+23
 1.48497E+00  7.30990E+23
 1.62975E+00  8.72532E+23
 1.78865E+00  1.04054E+24
 1.96304E+00  1.23978E+24
 2.15443E+00  1.48084E+24
 2.36449E+00  1.76684E+24
 2.59502E+00  2.10554E+24
 2.84804E+00  2.50585E+24
 3.12572E+00  2.97793E+24
 3.43047E+00  3.53327E+24
 3.76494E+00  4.18475E+24
 4.13201E+00  4.94668E+24
 4.53488E+00  5.83472E+24
 4.97702E+00  6.86495E+24
 5.46228E+00  8.04979E+24
 5.99484E+00  9.41126E+24
 6.57933E+00  1.09669E+25
 7.22081E+00  1.27329E+25
 7.92483E+00  1.47235E+25
 8.69749E+00  1.69484E+25
 9.54548E+00  1.94110E+25
 1.04762E+01  2.21060E+25
 1.14976E+01  2.50164E+25
 1.26186E+01  2.81099E+25
 1.38489E+01  3.13354E+25
 1.51991E+01  3.46202E+25
 1.66810E+01  3.78665E+25
 1.83074E+01  4.09513E+25
 2.00923E+01  4.38400E+25
 2.20513E+01  4.63321E+25
 2.42013E+01  4.81899E+25
 2.65609E+01  4.92291E+25
 2.91505E+01  4.92841E+25
 3.19927E+01  4.82310E+25
 3.51119E+01  4.60133E+25
 3.85353E+01  4.26634E+25
 4.22924E+01  3.83174E+25
 4.64159E+01  3.32144E+25
 5.09414E+01  2.76594E+25
 5.59081E+01  2.20433E+25
 6.13591E+01  1.67379E+25
 6.73415E+01  1.20486E+25
 7.39072E+01  8.17746E+24
 8.11131E+01  5.20220E+24
 8.90215E+01  3.08213E+24
 9.77010E+01  1.68876E+24
 1.07227E+02  8.49209E+23
 1.17681E+02  3.88636E+23
 1.29155E+02  1.60384E+23
 1.41747E+02  5.90855E+22
 1.55568E+02  1.92171E+22
 1.70735E+02  5.45113E+21
 1.87382E+02  1.33410E+21
 2.05651E+02  2.78920E+20
 2.25702E+02  4.87545E+19
 2.47708E+02  7.00297E+18
 2.71859E+02  8.11050E+17
 2.98365E+02  7.41793E+16
 3.27455E+02  5.23711E+15
 3.59381E+02  2.78369E+14
 3.94421E+02  1.08386E+13
 4.32876E+02  2.99983E+11
 4.75081E+02  5.70999E+09
 5.21401E+02  6.69534E+07
 5.72237E+02  5.32608E+05
 6.28029E+02  2.58285E+03
 6.89261E+02  7.27864E+00
 7.56463E+02  1.13092E-02
 8.30218E+02  9.14500E-06
 9.11163E+02  3.61248E-09
 1.00000E+03  6.50278E-13
