task=2, bh mass&mdot: 0.0713781 2.0791e-05 1.06457 0.996467 279.242 6.64309e+06 3.53437e+12 7.9226e+14
task=2, bh mass&mdot: 0.0713796 2.0791e-05 1.06457 0.995285 97.0385 1.98616e+06 1.12223e+12 2.36871e+14
task=2, bh mass&mdot: 0.0713799 2.07979e-05 1.06493 0.994894 55.867 1.69944e+06 8.18944e+11 2.02542e+14
task=2, bh mass&mdot: 0.0713803 2.07996e-05 1.06501 0.994549 34.8333 1.51593e+06 6.32911e+11 1.80641e+14
task=3, bh mass&mdot: 0.071381 2.08013e-05 1.0651 0.994028 8.29306 2.16989e+06 4.41991e+11 2.58525e+14
task=3, bh mass&mdot: 0.0713814 2.08048e-05 1.06528 0.993845 14.4359 1.23319e+06 3.92931e+11 1.46876e+14
task=3, bh mass&mdot: 0.0713817 2.08065e-05 1.06537 0.993705 9.53057 1.40537e+06 3.59891e+11 1.67355e+14
task=3, bh mass&mdot: 0.0713821 2.08082e-05 1.06546 0.993546 8.40636 1.30038e+06 3.26634e+11 1.54827e+14
task=39, bh mass&mdot: 0.0713824 2.08099e-05 1.06554 0.99331 1.55995 3.16622e+06 2.8397e+11 3.76917e+14
task=39, bh mass&mdot: 0.0713828 2.08117e-05 1.06563 0.993003 4.83167 1.11675e+06 2.38806e+11 1.3292e+14
task=39, bh mass&mdot: 0.0713832 2.08134e-05 1.06572 0.992672 2.54982 1.27079e+06 1.99806e+11 1.51228e+14
task=32, bh mass&mdot: 0.0713839 2.08151e-05 1.06581 0.992076 1.28444 1.22005e+06 1.48184e+11 1.45167e+14
task=32, bh mass&mdot: 0.0713846 2.08186e-05 1.06599 0.991531 1.75865 650931 1.15222e+11 7.74246e+13
task=67, bh mass&mdot: 0.0713853 2.0822e-05 1.06616 0.991131 0.612675 986127 9.69284e+10 1.17255e+14
task=67, bh mass&mdot: 0.071386 2.08255e-05 1.06634 0.99096 1.31269 527428 9.02854e+10 6.26929e+13
task=57, bh mass&mdot: 0.0713868 2.0829e-05 1.06652 0.990863 0.662549 779516 8.67947e+10 9.26267e+13
task=57, bh mass&mdot: 0.0713875 2.08324e-05 1.06669 0.990536 1.52651 359915 7.6202e+10 4.2753e+13
task=141, bh mass&mdot: 0.0713882 2.08359e-05 1.06687 0.990076 0.757329 430027 6.40374e+10 5.10644e+13
task=141, bh mass&mdot: 0.0713889 2.08393e-05 1.06705 0.98923 0.994357 219255 4.76503e+10 2.60273e+13
task=133, bh mass&mdot: 0.0713896 2.08428e-05 1.06723 0.988469 0.510635 228661 3.74191e+10 2.71347e+13
task=123, bh mass&mdot: 0.0713911 2.08463e-05 1.0674 0.98875 0.690621 216229 4.08164e+10 2.5651e+13
task=114, bh mass&mdot: 0.0713925 2.08532e-05 1.06776 0.988764 0.591219 241879 4.09977e+10 2.86748e+13
task=114, bh mass&mdot: 0.0713939 2.08601e-05 1.06811 0.988581 0.427662 273163 3.87174e+10 3.2362e+13
task=142, bh mass&mdot: 0.0713954 2.0867e-05 1.06847 0.9888 0.460506 291691 4.14546e+10 3.45341e+13
task=366, bh mass&mdot: 0.0713983 2.0874e-05 1.06882 0.987091 0.19529 227574 2.53269e+10 2.69252e+13
task=230, bh mass&mdot: 0.0714011 2.08878e-05 1.06953 0.984937 0.126327 129812 1.51721e+10 1.53381e+13
task=333, bh mass&mdot: 0.071404 2.09017e-05 1.07024 0.98404 0.124782 96237.2 1.25994e+10 1.1356e+13
task=425, bh mass&mdot: 0.0714069 2.09156e-05 1.07095 0.981696 0.0845095 61341.8 8.21715e+09 7.22872e+12
task=510, bh mass&mdot: 0.0714098 2.09295e-05 1.07167 0.980643 0.0605737 57857.3 6.93516e+09 6.80904e+12
task=510, bh mass&mdot: 0.0714112 2.09434e-05 1.07238 0.980418 0.0586287 55932 6.69871e+09 6.57372e+12
task=324, bh mass&mdot: 0.0714126 2.09504e-05 1.07273 0.9803 0.0601105 53446.7 6.57953e+09 6.27745e+12
task=483, bh mass&mdot: 0.0714155 2.09573e-05 1.07309 0.980358 0.0585836 55234.5 6.63759e+09 6.48313e+12
task=331, bh mass&mdot: 0.0714184 2.09713e-05 1.0738 0.980544 0.0593787 57539.6 6.83013e+09 6.74472e+12
task=382, bh mass&mdot: 0.0714213 2.09852e-05 1.07452 0.977053 0.0295903 40853.4 4.20355e+09 4.78242e+12
task=285, bh mass&mdot: 0.0714241 2.09992e-05 1.07523 0.974427 0.0229141 29008.6 3.08602e+09 3.39132e+12
task=483, bh mass&mdot: 0.0714299 2.10131e-05 1.07595 0.970559 0.0196411 16732 2.08286e+09 1.9535e+12
task=438, bh mass&mdot: 0.0714328 2.10411e-05 1.07738 0.968576 0.0124934 16851.5 1.74087e+09 1.96223e+12
task=293, bh mass&mdot: 0.0714357 2.1055e-05 1.07809 0.967919 0.0127506 15159.8 1.64499e+09 1.7629e+12
task=302, bh mass&mdot: 0.0714414 2.1069e-05 1.07881 0.965955 0.00961958 13989.7 1.39863e+09 1.62466e+12
task=369, bh mass&mdot: 0.0714443 2.10971e-05 1.08025 0.965242 0.0087593 13615.7 1.32194e+09 1.57703e+12
task=228, bh mass&mdot: 0.0714472 2.11111e-05 1.08096 0.964599 0.0113093 10586.7 1.25735e+09 1.22458e+12
task=259, bh mass&mdot: 0.0714529 2.11251e-05 1.08168 0.961572 0.00634972 10763.8 1.00677e+09 1.24341e+12
task=381, bh mass&mdot: 0.0714587 2.11532e-05 1.08312 0.959558 0.00642442 8519.45 8.76743e+08 9.8153e+11
task=390, bh mass&mdot: 0.0714616 2.11814e-05 1.08456 0.958857 0.00479313 9627.93 8.3696e+08 1.10629e+12
task=472, bh mass&mdot: 0.0714644 2.11955e-05 1.08528 0.95857 0.00453866 9697.8 8.21362e+08 1.11284e+12
task=377, bh mass&mdot: 0.0714673 2.12096e-05 1.08601 0.958474 0.0040972 10297 8.16212e+08 1.18003e+12
task=264, bh mass&mdot: 0.0714702 2.12237e-05 1.08673 0.958486 0.00418142 10194.9 8.16891e+08 1.16678e+12
task=201, bh mass&mdot: 0.071476 2.12378e-05 1.08745 0.957573 0.00589606 7366.26 7.70193e+08 8.41925e+11
task=381, bh mass&mdot: 0.0714817 2.12661e-05 1.0889 0.954938 0.00411102 7170.62 6.54312e+08 8.17387e+11
task=73, bh mass&mdot: 0.0714932 2.12944e-05 1.09035 0.947695 0.00225004 5481.54 4.36448e+08 6.23186e+11
task=295, bh mass&mdot: 0.0715047 2.13511e-05 1.09325 0.943877 0.00130272 5773.41 3.59919e+08 6.52887e+11
task=440, bh mass&mdot: 0.0715076 2.1408e-05 1.09616 0.943206 0.000780674 7760.8 3.48359e+08 8.72975e+11
task=417, bh mass&mdot: 0.0715105 2.14222e-05 1.09689 0.942685 0.00094214 6580.51 3.39718e+08 7.39225e+11
task=131, bh mass&mdot: 0.0715163 2.14365e-05 1.09763 0.940144 0.000674512 6751.29 3.01416e+08 7.57401e+11
task=506, bh mass&mdot: 0.071522 2.1465e-05 1.09909 0.936817 0.00108376 3848.52 2.59377e+08 4.30602e+11
task=276, bh mass&mdot: 0.0715278 2.14936e-05 1.10055 0.933686 0.000677971 4220.72 2.26643e+08 4.70991e+11
task=452, bh mass&mdot: 0.0715336 2.15223e-05 1.10202 0.931909 0.000370797 5599.63 2.10387e+08 6.23202e+11
task=275, bh mass&mdot: 0.0715393 2.1551e-05 1.10349 0.93152 0.00044322 4861.61 2.07028e+08 5.39626e+11
task=296, bh mass&mdot: 0.0715451 2.15797e-05 1.10496 0.931139 0.000251435 6942.8 2.0382e+08 7.68582e+11
task=320, bh mass&mdot: 0.0715508 2.16085e-05 1.10643 0.930289 0.000254501 6529.26 1.96876e+08 7.2088e+11
task=115, bh mass&mdot: 0.0715624 2.16373e-05 1.10791 0.924525 0.000180689 5652.15 1.57016e+08 6.2238e+11
task=166, bh mass&mdot: 0.0715681 2.1695e-05 1.11086 0.92321 0.000221324 4585.59 1.49409e+08 5.02254e+11
task=353, bh mass&mdot: 0.0715739 2.17239e-05 1.11234 0.922299 0.000227111 4278.31 1.44421e+08 4.67351e+11
task=82, bh mass&mdot: 0.0715797 2.17529e-05 1.11382 0.920309 0.000131171 5483.92 1.34216e+08 5.97454e+11
task=456, bh mass&mdot: 0.0715826 2.17819e-05 1.11531 0.918595 0.000112823 5492.59 1.26148e+08 5.96805e+11
task=220, bh mass&mdot: 0.0715854 2.17964e-05 1.11605 0.916541 0.00028328 2638.86 1.17277e+08 2.86347e+11
task=381, bh mass&mdot: 0.0715912 2.18109e-05 1.1168 0.912777 0.000124954 3671.51 1.02921e+08 3.97871e+11
task=450, bh mass&mdot: 0.071597 2.184e-05 1.11829 0.907832 0.000125044 2797.14 8.72155e+07 3.02311e+11
task=345, bh mass&mdot: 0.0716027 2.18692e-05 1.11978 0.904442 8.67728e-05 2983.02 7.81138e+07 3.21541e+11
task=163, bh mass&mdot: 0.0716085 2.18984e-05 1.12128 0.900986 6.70208e-05 2963.81 6.99868e+07 3.18619e+11
task=197, bh mass&mdot: 0.0716143 2.19276e-05 1.12277 0.897829 4.19834e-05 3450.94 6.34246e+07 3.7e+11
task=428, bh mass&mdot: 0.07162 2.19569e-05 1.12427 0.895633 0.000159392 1272.6 5.92797e+07 1.36081e+11
task=376, bh mass&mdot: 0.0716316 2.19862e-05 1.12577 0.890708 3.38381e-05 2801.84 5.1071e+07 2.98806e+11
task=258, bh mass&mdot: 0.0716374 2.20449e-05 1.12878 0.888613 2.23271e-05 3360.48 4.79737e+07 3.56476e+11
task=484, bh mass&mdot: 0.0716431 2.20743e-05 1.13029 0.885743 5.01157e-05 1708.92 4.40649e+07 1.80797e+11
task=428, bh mass&mdot: 0.0716547 2.21038e-05 1.1318 0.882474 7.73404e-06 5083.04 4.00265e+07 5.36333e+11
task=391, bh mass&mdot: 0.0716604 2.21629e-05 1.13482 0.881102 2.45234e-05 2222.47 3.84527e+07 2.33254e+11
task=343, bh mass&mdot: 0.0716662 2.21925e-05 1.13634 0.879919 1.51953e-05 2899.08 3.71427e+07 3.03455e+11
task=243, bh mass&mdot: 0.071672 2.22222e-05 1.13785 0.878623 7.04337e-06 4564.71 3.5763e+07 4.76526e+11
task=363, bh mass&mdot: 0.0716778 2.22519e-05 1.13937 0.877099 6.56933e-06 4459.73 3.42064e+07 4.64326e+11
task=494, bh mass&mdot: 0.0716835 2.22816e-05 1.1409 0.871262 9.73176e-06 2593.56 2.88382e+07 2.69308e+11
task=227, bh mass&mdot: 0.0716893 2.23114e-05 1.14242 0.869032 1.22189e-05 2006.41 2.70058e+07 2.07785e+11
task=213, bh mass&mdot: 0.0716951 2.23412e-05 1.14395 0.866434 6.44277e-06 2715.23 2.50004e+07 2.8044e+11
task=292, bh mass&mdot: 0.0717009 2.23711e-05 1.14548 0.863554 7.32971e-06 2166.3 2.29265e+07 2.23147e+11
task=336, bh mass&mdot: 0.0717066 2.2401e-05 1.14701 0.859147 1.64892e-05 1010.37 2.00114e+07 1.03798e+11
task=510, bh mass&mdot: 0.0717124 2.2431e-05 1.14855 0.856872 1.06923e-05 1200.51 1.86122e+07 1.23003e+11
task=356, bh mass&mdot: 0.0717182 2.24721e-05 1.15065 0.854621 8.63216e-06 1231.8 1.72875e+07 1.25748e+11
task=314, bh mass&mdot: 0.071724 2.25021e-05 1.15219 0.852434 1.85553e-05 656.308 1.60491e+07 6.682e+10
task=408, bh mass&mdot: 0.0717298 2.25322e-05 1.15373 0.852087 8.38651e-06 1097.11 1.5857e+07 1.11401e+11
task=350, bh mass&mdot: 0.0717355 2.25624e-05 1.15527 0.850662 1.82494e-05 603.198 1.50748e+07 6.10852e+10
task=249, bh mass&mdot: 0.0717413 2.25926e-05 1.15682 0.849547 6.84588e-06 1088.4 1.44731e+07 1.09927e+11
task=490, bh mass&mdot: 0.0717442 2.26228e-05 1.15837 0.849134 6.74321e-06 1076.31 1.42515e+07 1.08415e+11
task=260, bh mass&mdot: 0.0717471 2.26379e-05 1.15914 0.848808 6.3905e-06 1095.41 1.40777e+07 1.10192e+11
task=200, bh mass&mdot: 0.0717529 2.26531e-05 1.15992 0.848534 7.15523e-06 1000.6 1.39314e+07 1.0052e+11
task=418, bh mass&mdot: 0.0717587 2.26834e-05 1.16147 0.848506 5.90284e-06 1140.62 1.39168e+07 1.1428e+11
task=501, bh mass&mdot: 0.0717615 2.27138e-05 1.16303 0.848262 5.4314e-06 1192.35 1.37871e+07 1.19143e+11
task=489, bh mass&mdot: 0.0717644 2.2729e-05 1.16381 0.84793 5.32593e-06 1185.07 1.3611e+07 1.18257e+11
task=469, bh mass&mdot: 0.0717673 2.27442e-05 1.16459 0.847474 4.94419e-06 1211.37 1.33693e+07 1.2072e+11
task=333, bh mass&mdot: 0.0717702 2.27595e-05 1.16537 0.846935 1.4368e-05 575.144 1.30842e+07 5.724e+10
task=297, bh mass&mdot: 0.0717731 2.27747e-05 1.16615 0.846334 3.92066e-06 1315.15 1.27664e+07 1.30712e+11
task=233, bh mass&mdot: 0.071776 2.27899e-05 1.16693 0.845679 3.82563e-06 1279.85 1.24204e+07 1.27034e+11
task=127, bh mass&mdot: 0.0717818 2.28052e-05 1.16771 0.846066 1.09214e-05 655.154 1.26269e+07 6.49414e+10
task=325, bh mass&mdot: 0.0717933 2.28358e-05 1.16927 0.843579 4.42856e-06 998.466 1.13011e+07 9.87072e+10
task=496, bh mass&mdot: 0.0717962 2.28969e-05 1.17241 0.842856 3.89971e-06 1033.57 1.09071e+07 1.01632e+11
task=119, bh mass&mdot: 0.0717991 2.29123e-05 1.17319 0.842021 3.94079e-06 956.754 1.04429e+07 9.39528e+10
task=451, bh mass&mdot: 0.071802 2.29276e-05 1.17398 0.841142 3.20596e-06 1013.02 9.93762e+06 9.93452e+10
task=505, bh mass&mdot: 0.0718049 2.2943e-05 1.17476 0.841696 6.87568e-06 643.674 1.02582e+07 6.30393e+10
task=309, bh mass&mdot: 0.0718165 2.29584e-05 1.17555 0.838966 9.32259e-06 386.202 8.51662e+06 3.77728e+10
task=192, bh mass&mdot: 0.0718223 2.30199e-05 1.1787 0.839494 4.28766e-06 703.607 8.89866e+06 6.84492e+10
task=253, bh mass&mdot: 0.0718281 2.30508e-05 1.18028 0.839076 4.62804e-06 634.938 8.60344e+06 6.16036e+10
task=454, bh mass&mdot: 0.0718338 2.30817e-05 1.18187 0.838931 3.50411e-06 751.246 8.49202e+06 7.2693e+10
task=343, bh mass&mdot: 0.0718396 2.31126e-05 1.18345 0.838894 3.70391e-06 723.484 8.4658e+06 6.98193e+10
task=273, bh mass&mdot: 0.0718454 2.31436e-05 1.18504 0.83885 3.45654e-06 755.495 8.42904e+06 7.27134e+10
task=292, bh mass&mdot: 0.0718512 2.31747e-05 1.18663 0.838652 6.82267e-06 468.074 8.27922e+06 4.49297e+10
task=412, bh mass&mdot: 0.0718541 2.32058e-05 1.18822 0.838536 2.79781e-06 833.807 8.17374e+06 7.98215e+10
task=253, bh mass&mdot: 0.071857 2.32213e-05 1.18902 0.83842 2.65819e-06 846.867 8.07226e+06 8.0963e+10
task=437, bh mass&mdot: 0.0718599 2.32369e-05 1.18981 0.838302 2.60733e-06 840.588 7.96375e+06 8.0255e+10
task=423, bh mass&mdot: 0.0718628 2.32525e-05 1.19061 0.838193 3.46292e-06 682.013 7.85885e+06 6.50278e+10
task=445, bh mass&mdot: 0.0718657 2.32681e-05 1.19141 0.838079 2.05431e-06 943.71 7.73916e+06 8.98592e+10
task=377, bh mass&mdot: 0.0718686 2.32837e-05 1.19221 0.837968 1.89806e-06 970.11 7.61303e+06 9.22492e+10
task=408, bh mass&mdot: 0.0718715 2.32993e-05 1.19301 0.837861 1.8466e-06 961.768 7.48084e+06 9.13334e+10
task=351, bh mass&mdot: 0.0718744 2.3315e-05 1.19381 0.837752 2.68276e-06 726.442 7.33044e+06 6.88934e+10
task=381, bh mass&mdot: 0.0718802 2.33306e-05 1.19461 0.837763 2.30501e-06 808.41 7.34585e+06 7.65641e+10
task=305, bh mass&mdot: 0.0718859 2.33619e-05 1.19621 0.837545 5.61745e-06 403.091 6.89106e+06 3.80743e+10
task=304, bh mass&mdot: 0.0718917 2.33933e-05 1.19782 0.837529 1.63559e-06 816.614 6.40831e+06 7.69273e+10
task=155, bh mass&mdot: 0.0718975 2.34247e-05 1.19943 0.837778 1.79285e-06 685.333 5.96837e+06 6.43872e+10
task=440, bh mass&mdot: 0.0719033 2.34562e-05 1.20104 0.837724 2.28318e-06 595.675 6.02774e+06 5.58138e+10
task=280, bh mass&mdot: 0.0719091 2.34877e-05 1.20265 0.837999 3.9776e-06 381.667 5.7468e+06 3.56657e+10
task=254, bh mass&mdot: 0.0719149 2.35192e-05 1.20427 0.838306 1.49185e-06 694.217 5.54355e+06 6.46988e+10
task=480, bh mass&mdot: 0.0719207 2.35508e-05 1.20589 0.838477 2.86209e-06 438.197 5.4439e+06 4.0729e+10
task=351, bh mass&mdot: 0.0719265 2.35824e-05 1.20751 0.838576 1.39414e-06 700.221 5.39426e+06 6.49089e+10
task=171, bh mass&mdot: 0.0719323 2.36141e-05 1.20913 0.838562 1.37335e-06 712.003 5.40137e+06 6.5824e+10
task=242, bh mass&mdot: 0.0719381 2.36459e-05 1.21075 0.838518 2.11701e-06 537.878 5.41297e+06 4.9593e+10
task=411, bh mass&mdot: 0.071941 2.36776e-05 1.21238 0.838514 1.21579e-06 781.931 5.4127e+06 7.19015e+10
task=247, bh mass&mdot: 0.0719439 2.36935e-05 1.21319 0.838543 2.78376e-06 450.481 5.4081e+06 4.13678e+10
task=202, bh mass&mdot: 0.0719497 2.37095e-05 1.21401 0.838678 1.2757e-06 741.871 5.3321e+06 6.80348e+10
task=308, bh mass&mdot: 0.0719555 2.37413e-05 1.21564 0.838969 4.36026e-06 315.571 5.20594e+06 2.88624e+10
task=97, bh mass&mdot: 0.0719613 2.37733e-05 1.21728 0.839443 1.19439e-06 709.099 5.02749e+06 6.46809e+10
task=150, bh mass&mdot: 0.0719671 2.38052e-05 1.21891 0.840071 3.02213e-06 358.905 4.83075e+06 3.26498e+10
task=427, bh mass&mdot: 0.0719729 2.38372e-05 1.22055 0.840753 1.03622e-06 689.849 4.64694e+06 6.25876e+10
task=354, bh mass&mdot: 0.0719787 2.38693e-05 1.22219 0.841383 1.49488e-06 515.601 4.50607e+06 4.66531e+10
task=460, bh mass&mdot: 0.0719845 2.39014e-05 1.22384 0.841795 2.03934e-06 406.999 4.41521e+06 3.67277e+10
task=258, bh mass&mdot: 0.0719903 2.39335e-05 1.22548 0.840851 2.93206e-06 346.615 4.62391e+06 3.11946e+10
task=315, bh mass&mdot: 0.0720019 2.39657e-05 1.22713 0.841616 3.72786e-06 278.757 4.45434e+06 2.50202e+10
task=438, bh mass&mdot: 0.0720077 2.40302e-05 1.23043 0.842174 9.70991e-07 661.173 4.34315e+06 5.90262e+10
task=474, bh mass&mdot: 0.0720135 2.40626e-05 1.23209 0.842804 1.1843e-06 556.759 4.23006e+06 4.95712e+10
