#     0	 0	   26	 2	 8.2591E+02	  100	1
 8.3000E+02  7.3222E-02  1.0551E+01  7.1020E-02  1.0242E+01  1.0000E+00
 8.8000E+02  7.7586E-02  1.0544E+01  7.0029E-02  9.5251E+00  1.0000E+00
 9.3000E+02  8.1819E-02  1.0521E+01  8.9523E-02  1.0521E+01  1.0000E+00
 9.8000E+02  8.5940E-02  1.0486E+01  8.8805E-02  1.0486E+01  1.0000E+00
 1.0300E+03  8.9956E-02  1.0443E+01  9.1817E-02  1.0443E+01  1.0000E+00
 1.0800E+03  9.3872E-02  1.0393E+01  9.5294E-02  1.0393E+01  1.0000E+00
 1.1300E+03  9.7692E-02  1.0337E+01  9.8865E-02  1.0337E+01  1.0000E+00
 1.1800E+03  1.0142E-01  1.0276E+01  1.0243E-01  1.0276E+01  1.0000E+00
 1.2300E+03  1.0507E-01  1.0212E+01  1.0596E-01  1.0212E+01  1.0000E+00
 1.2800E+03  1.0863E-01  1.0146E+01  1.0943E-01  1.0146E+01  1.0000E+00
 1.3300E+03  1.1212E-01  1.0077E+01  1.1285E-01  1.0077E+01  1.0000E+00
 1.3800E+03  1.1554E-01  1.0008E+01  1.1620E-01  1.0008E+01  1.0000E+00
 1.4300E+03  1.1888E-01  9.9367E+00  1.1949E-01  9.9367E+00  1.0000E+00
 1.4800E+03  1.2216E-01  9.8652E+00  1.2272E-01  9.8652E+00  1.0000E+00
 1.5300E+03  1.2540E-01  9.7952E+00  1.2591E-01  9.7952E+00  1.0000E+00
 1.5800E+03  1.2857E-01  9.7251E+00  1.2905E-01  9.7251E+00  1.0000E+00
 1.6300E+03  1.3169E-01  9.6546E+00  1.3212E-01  9.6546E+00  1.0000E+00
 1.6800E+03  1.3474E-01  9.5839E+00  1.3514E-01  9.5839E+00  1.0000E+00
 1.7300E+03  1.3773E-01  9.5134E+00  1.3810E-01  9.5134E+00  1.0000E+00
 1.7800E+03  1.4067E-01  9.4431E+00  1.4100E-01  9.4431E+00  1.0000E+00
 1.8300E+03  1.4356E-01  9.3731E+00  1.4385E-01  9.3731E+00  1.0000E+00
 1.8800E+03  1.4640E-01  9.3036E+00  1.4666E-01  9.3036E+00  1.0000E+00
 1.9300E+03  1.4919E-01  9.2347E+00  1.4941E-01  9.2347E+00  1.0000E+00
 1.9800E+03  1.5193E-01  9.1664E+00  1.5211E-01  9.1664E+00  1.0000E+00
 2.0300E+03  1.5462E-01  9.0987E+00  1.5477E-01  9.0987E+00  1.0000E+00
 2.0800E+03  1.5727E-01  9.0318E+00  1.5739E-01  9.0318E+00  1.0000E+00
 2.1300E+03  1.5988E-01  8.9657E+00  1.5997E-01  8.9657E+00  1.0000E+00
 2.1800E+03  1.6245E-01  8.9003E+00  1.6250E-01  8.9003E+00  1.0000E+00
 2.2300E+03  1.6498E-01  8.8358E+00  1.6499E-01  8.8358E+00  1.0000E+00
 2.2800E+03  1.6747E-01  8.7720E+00  1.6745E-01  8.7720E+00  1.0000E+00
 2.3300E+03  1.6992E-01  8.7092E+00  1.6987E-01  8.7092E+00  1.0000E+00
 2.3800E+03  1.7234E-01  8.6471E+00  1.7225E-01  8.6471E+00  1.0000E+00
 2.4300E+03  1.7472E-01  8.5859E+00  1.7460E-01  8.5859E+00  1.0000E+00
 2.4800E+03  1.7707E-01  8.5254E+00  1.7691E-01  8.5254E+00  1.0000E+00
 2.5300E+03  1.7938E-01  8.4653E+00  1.7918E-01  8.4653E+00  1.0000E+00
 2.5800E+03  1.8165E-01  8.4060E+00  1.8141E-01  8.4060E+00  1.0000E+00
 2.6300E+03  1.8389E-01  8.3474E+00  1.8361E-01  8.3474E+00  1.0000E+00
 2.6800E+03  1.8610E-01  8.2897E+00  1.8578E-01  8.2897E+00  1.0000E+00
 2.7300E+03  1.8827E-01  8.2327E+00  1.8792E-01  8.2327E+00  1.0000E+00
 2.7800E+03  1.9042E-01  8.1765E+00  1.9003E-01  8.1765E+00  1.0000E+00
 2.8300E+03  1.9254E-01  8.1211E+00  1.9212E-01  8.1211E+00  1.0000E+00
 2.8800E+03  1.9464E-01  8.0665E+00  1.9417E-01  8.0665E+00  1.0000E+00
 2.9300E+03  1.9670E-01  8.0126E+00  1.9620E-01  8.0126E+00  1.0000E+00
 2.9800E+03  1.9874E-01  7.9595E+00  1.9820E-01  7.9595E+00  1.0000E+00
 3.0300E+03  2.0076E-01  7.9071E+00  2.0017E-01  7.9071E+00  1.0000E+00
 3.0800E+03  2.0275E-01  7.8555E+00  2.0212E-01  7.8547E+00  1.0000E+00
 3.1300E+03  2.0471E-01  7.8046E+00  2.0404E-01  7.8028E+00  1.0000E+00
 3.1800E+03  2.0666E-01  7.7544E+00  2.0594E-01  7.7517E+00  1.0000E+00
 3.2300E+03  2.0858E-01  7.7049E+00  2.0782E-01  7.7013E+00  1.0000E+00
 3.2800E+03  2.1047E-01  7.6561E+00  2.0968E-01  7.6515E+00  1.0000E+00
 3.3300E+03  2.1235E-01  7.6080E+00  2.1151E-01  7.6025E+00  1.0000E+00
 3.3800E+03  2.1421E-01  7.5605E+00  2.1332E-01  7.5542E+00  1.0000E+00
 3.4300E+03  2.1604E-01  7.5137E+00  2.1511E-01  7.5066E+00  1.0000E+00
 3.4800E+03  2.1785E-01  7.4676E+00  2.1688E-01  7.4596E+00  1.0000E+00
 3.5300E+03  2.1965E-01  7.4221E+00  2.1863E-01  7.4133E+00  1.0000E+00
 3.5800E+03  2.2142E-01  7.3773E+00  2.2036E-01  7.3676E+00  1.0000E+00
 3.6300E+03  2.2318E-01  7.3330E+00  2.2207E-01  7.3225E+00  1.0000E+00
 3.6800E+03  2.2492E-01  7.2894E+00  2.2377E-01  7.2781E+00  1.0000E+00
 3.7300E+03  2.2664E-01  7.2463E+00  2.2544E-01  7.2343E+00  1.0000E+00
 3.7800E+03  2.2834E-01  7.2038E+00  2.2710E-01  7.1910E+00  1.0000E+00
 3.8300E+03  2.3003E-01  7.1619E+00  2.2874E-01  7.1484E+00  1.0000E+00
 3.8800E+03  2.3170E-01  7.1206E+00  2.3036E-01  7.1063E+00  1.0000E+00
 3.9300E+03  2.3334E-01  7.0796E+00  2.3196E-01  7.0646E+00  1.0000E+00
 3.9800E+03  2.3497E-01  7.0391E+00  2.3354E-01  7.0234E+00  1.0000E+00
 4.0300E+03  2.3659E-01  6.9992E+00  2.3510E-01  6.9827E+00  1.0000E+00
 4.0800E+03  2.3818E-01  6.9598E+00  2.3665E-01  6.9426E+00  1.0000E+00
 4.1300E+03  2.3977E-01  6.9208E+00  2.3818E-01  6.9030E+00  1.0000E+00
 4.1800E+03  2.4133E-01  6.8825E+00  2.3970E-01  6.8639E+00  1.0000E+00
 4.2300E+03  2.4289E-01  6.8446E+00  2.4121E-01  6.8253E+00  1.0000E+00
 4.2800E+03  2.4443E-01  6.8071E+00  2.4270E-01  6.7872E+00  1.0000E+00
 4.3300E+03  2.4595E-01  6.7702E+00  2.4417E-01  6.7497E+00  1.0000E+00
 4.3800E+03  2.4747E-01  6.7338E+00  2.4563E-01  6.7125E+00  1.0000E+00
 4.4300E+03  2.4897E-01  6.6978E+00  2.4708E-01  6.6759E+00  1.0000E+00
 4.4800E+03  2.5045E-01  6.6622E+00  2.4852E-01  6.6397E+00  1.0000E+00
 4.5300E+03  2.5192E-01  6.6271E+00  2.4994E-01  6.6040E+00  1.0000E+00
 4.5800E+03  2.5339E-01  6.5924E+00  2.5135E-01  6.5687E+00  1.0000E+00
 4.6300E+03  2.5483E-01  6.5582E+00  2.5274E-01  6.5339E+00  1.0000E+00
 4.6800E+03  2.5627E-01  6.5244E+00  2.5413E-01  6.4995E+00  1.0000E+00
 4.7300E+03  2.5769E-01  6.4910E+00  2.5550E-01  6.4655E+00  1.0000E+00
 4.7800E+03  2.5911E-01  6.4580E+00  2.5686E-01  6.4319E+00  1.0000E+00
 4.8300E+03  2.6051E-01  6.4254E+00  2.5821E-01  6.3987E+00  1.0000E+00
 4.8800E+03  2.6190E-01  6.3932E+00  2.5954E-01  6.3659E+00  1.0000E+00
 4.9300E+03  2.6328E-01  6.3614E+00  2.6087E-01  6.3335E+00  1.0000E+00
 4.9800E+03  2.6465E-01  6.3299E+00  2.6218E-01  6.3015E+00  1.0000E+00
 5.0300E+03  2.6600E-01  6.2988E+00  2.6348E-01  6.2698E+00  1.0000E+00
 5.0800E+03  2.6735E-01  6.2681E+00  2.6477E-01  6.2386E+00  1.0000E+00
 5.1300E+03  2.6869E-01  6.2378E+00  2.6606E-01  6.2077E+00  1.0000E+00
 5.1800E+03  2.7001E-01  6.2077E+00  2.6733E-01  6.1771E+00  1.0000E+00
 5.2300E+03  2.7133E-01  6.1781E+00  2.6859E-01  6.1469E+00  1.0000E+00
 5.2800E+03  2.7264E-01  6.1487E+00  2.6984E-01  6.1170E+00  1.0000E+00
 5.3300E+03  2.7393E-01  6.1197E+00  2.7108E-01  6.0875E+00  1.0000E+00
 5.3800E+03  2.7522E-01  6.0911E+00  2.7231E-01  6.0583E+00  1.0000E+00
 5.4300E+03  2.7650E-01  6.0627E+00  2.7353E-01  6.0294E+00  1.0000E+00
 5.4800E+03  2.7777E-01  6.0347E+00  2.7474E-01  6.0009E+00  1.0000E+00
 5.5300E+03  2.7903E-01  6.0069E+00  2.7594E-01  5.9727E+00  1.0000E+00
 5.5800E+03  2.8028E-01  5.9795E+00  2.7714E-01  5.9447E+00  1.0000E+00
 5.6300E+03  2.8152E-01  5.9524E+00  2.7832E-01  5.9171E+00  1.0000E+00
 5.6800E+03  2.8276E-01  5.9256E+00  2.7950E-01  5.8898E+00  1.0000E+00
 5.7300E+03  2.8398E-01  5.8990E+00  2.8066E-01  5.8627E+00  1.0000E+00
 5.7800E+03  2.8520E-01  5.8728E+00  2.8182E-01  5.8360E+00  1.0000E+00


