#     0	 0	   22	 2	 8.1253E+02	   50	1
 8.5000E+02  2.3777E-02  3.3455E+00  2.2040E-02  3.1035E+00  1.0000E+00
 8.6000E+02  2.4014E-02  3.3395E+00  2.1364E-02  2.9734E+00  1.0000E+00
 8.7000E+02  2.4250E-02  3.3335E+00  1.8894E-02  2.5994E+00  1.0000E+00
 8.8000E+02  2.4485E-02  3.3275E+00 -2.9189E-01 -3.9701E+01  1.0000E+00
 8.9000E+02  2.4719E-02  3.3215E+00  3.0475E-02  3.3215E+00  1.0000E+00
 9.0000E+02  2.4952E-02  3.3155E+00  2.7855E-02  3.3155E+00  1.0000E+00
 9.1000E+02  2.5183E-02  3.3095E+00  2.7147E-02  3.3095E+00  1.0000E+00
 9.2000E+02  2.5414E-02  3.3034E+00  2.6910E-02  3.3034E+00  1.0000E+00
 9.3000E+02  2.5644E-02  3.2974E+00  2.6859E-02  3.2974E+00  1.0000E+00
 9.4000E+02  2.5872E-02  3.2914E+00  2.6901E-02  3.2914E+00  1.0000E+00
 9.5000E+02  2.6100E-02  3.2853E+00  2.6995E-02  3.2853E+00  1.0000E+00
 9.6000E+02  2.6326E-02  3.2793E+00  2.7121E-02  3.2793E+00  1.0000E+00
 9.7000E+02  2.6552E-02  3.2733E+00  2.7269E-02  3.2733E+00  1.0000E+00
 9.8000E+02  2.6776E-02  3.2672E+00  2.7431E-02  3.2672E+00  1.0000E+00
 9.9000E+02  2.7000E-02  3.2612E+00  2.7603E-02  3.2612E+00  1.0000E+00
 1.0000E+03  2.7222E-02  3.2552E+00  2.7783E-02  3.2552E+00  1.0000E+00
 1.0100E+03  2.7444E-02  3.2492E+00  2.7969E-02  3.2492E+00  1.0000E+00
 1.0200E+03  2.7665E-02  3.2431E+00  2.8158E-02  3.2431E+00  1.0000E+00
 1.0300E+03  2.7884E-02  3.2371E+00  2.8351E-02  3.2371E+00  1.0000E+00
 1.0400E+03  2.8103E-02  3.2311E+00  2.8546E-02  3.2311E+00  1.0000E+00
 1.0500E+03  2.8321E-02  3.2251E+00  2.8743E-02  3.2251E+00  1.0000E+00
 1.0600E+03  2.8538E-02  3.2191E+00  2.8941E-02  3.2191E+00  1.0000E+00
 1.0700E+03  2.8754E-02  3.2132E+00  2.9140E-02  3.2132E+00  1.0000E+00
 1.0800E+03  2.8969E-02  3.2072E+00  2.9340E-02  3.2072E+00  1.0000E+00
 1.0900E+03  2.9183E-02  3.2012E+00  2.9540E-02  3.2012E+00  1.0000E+00
 1.1000E+03  2.9397E-02  3.1953E+00  2.9741E-02  3.1953E+00  1.0000E+00
 1.1100E+03  2.9609E-02  3.1893E+00  2.9942E-02  3.1893E+00  1.0000E+00
 1.1200E+03  2.9820E-02  3.1834E+00  3.0143E-02  3.1834E+00  1.0000E+00
 1.1300E+03  3.0031E-02  3.1775E+00  3.0343E-02  3.1775E+00  1.0000E+00
 1.1400E+03  3.0241E-02  3.1716E+00  3.0544E-02  3.1716E+00  1.0000E+00
 1.1500E+03  3.0450E-02  3.1657E+00  3.0744E-02  3.1657E+00  1.0000E+00
 1.1600E+03  3.0658E-02  3.1598E+00  3.0944E-02  3.1598E+00  1.0000E+00
 1.1700E+03  3.0865E-02  3.1540E+00  3.1144E-02  3.1540E+00  1.0000E+00
 1.1800E+03  3.1072E-02  3.1481E+00  3.1343E-02  3.1481E+00  1.0000E+00
 1.1900E+03  3.1277E-02  3.1423E+00  3.1542E-02  3.1423E+00  1.0000E+00
 1.2000E+03  3.1482E-02  3.1365E+00  3.1740E-02  3.1365E+00  1.0000E+00
 1.2100E+03  3.1686E-02  3.1307E+00  3.1938E-02  3.1307E+00  1.0000E+00
 1.2200E+03  3.1889E-02  3.1249E+00  3.2136E-02  3.1249E+00  1.0000E+00
 1.2300E+03  3.2091E-02  3.1191E+00  3.2333E-02  3.1191E+00  1.0000E+00
 1.2400E+03  3.2293E-02  3.1134E+00  3.2529E-02  3.1134E+00  1.0000E+00
 1.2500E+03  3.2494E-02  3.1076E+00  3.2725E-02  3.1076E+00  1.0000E+00
 1.2600E+03  3.2693E-02  3.1019E+00  3.2920E-02  3.1019E+00  1.0000E+00
 1.2700E+03  3.2893E-02  3.0962E+00  3.3115E-02  3.0962E+00  1.0000E+00
 1.2800E+03  3.3091E-02  3.0905E+00  3.3309E-02  3.0905E+00  1.0000E+00
 1.2900E+03  3.3289E-02  3.0848E+00  3.3502E-02  3.0848E+00  1.0000E+00
 1.3000E+03  3.3486E-02  3.0792E+00  3.3695E-02  3.0792E+00  1.0000E+00
 1.3100E+03  3.3682E-02  3.0736E+00  3.3887E-02  3.0736E+00  1.0000E+00
 1.3200E+03  3.3877E-02  3.0679E+00  3.4079E-02  3.0679E+00  1.0000E+00
 1.3300E+03  3.4072E-02  3.0623E+00  3.4270E-02  3.0623E+00  1.0000E+00
 1.3400E+03  3.4266E-02  3.0567E+00  3.4460E-02  3.0567E+00  1.0000E+00


