Hotspot profile
Species = Kr02
Ncell   = 50


3.000000E-03 5.277607E+24 1.000000E-04 1.162791E+07 0.000000E+00 8.413627E+01
2.943441E-03 3.927686E+24 1.000000E-04 1.580128E+07 0.000000E+00 5.966824E+01
2.886883E-03 3.234197E+24 1.000000E-04 1.909610E+07 0.000000E+00 4.754510E+01
2.830324E-03 2.938586E+24 1.000000E-04 2.115571E+07 0.000000E+00 4.254599E+01
2.773766E-03 2.644643E+24 1.000000E-04 2.320543E+07 0.000000E+00 3.757535E+01
2.717207E-03 2.584439E+24 1.000000E-04 2.387023E+07 0.000000E+00 3.659557E+01
2.660649E-03 2.524236E+24 1.000000E-04 2.453502E+07 0.000000E+00 3.561580E+01
2.604090E-03 2.464033E+24 1.000000E-04 2.519981E+07 0.000000E+00 3.463602E+01
2.547532E-03 2.403829E+24 1.000000E-04 2.586460E+07 0.000000E+00 3.365624E+01
2.490973E-03 2.343626E+24 1.000000E-04 2.652939E+07 0.000000E+00 3.267647E+01
2.434414E-03 2.283422E+24 1.000000E-04 2.719418E+07 0.000000E+00 3.169669E+01
2.377856E-03 2.223219E+24 1.000000E-04 2.785898E+07 0.000000E+00 3.071692E+01
2.321297E-03 2.163015E+24 1.000000E-04 2.852377E+07 0.000000E+00 2.973714E+01
2.264739E-03 2.102812E+24 1.000000E-04 2.918856E+07 0.000000E+00 2.875736E+01
2.208180E-03 2.030330E+24 1.000000E-04 3.044572E+07 0.000000E+00 2.762109E+01
2.151622E-03 1.957478E+24 1.000000E-04 3.172070E+07 0.000000E+00 2.648010E+01
2.095063E-03 1.884626E+24 1.000000E-04 3.299569E+07 0.000000E+00 2.533912E+01
2.038504E-03 1.811774E+24 1.000000E-04 3.427068E+07 0.000000E+00 2.419813E+01
1.981946E-03 1.738922E+24 1.000000E-04 3.554566E+07 0.000000E+00 2.305715E+01
1.925387E-03 1.668096E+24 1.000000E-04 3.679369E+07 0.000000E+00 2.194838E+01
1.868829E-03 1.646929E+24 1.000000E-04 3.738080E+07 0.000000E+00 2.162935E+01
1.812270E-03 1.625762E+24 1.000000E-04 3.796792E+07 0.000000E+00 2.131032E+01
1.755712E-03 1.604595E+24 1.000000E-04 3.855504E+07 0.000000E+00 2.099129E+01
1.699153E-03 1.583428E+24 1.000000E-04 3.914215E+07 0.000000E+00 2.067226E+01
1.642595E-03 1.562261E+24 1.000000E-04 3.972927E+07 0.000000E+00 2.035323E+01
1.586036E-03 1.541094E+24 1.000000E-04 4.031639E+07 0.000000E+00 2.003420E+01
1.529477E-03 1.519927E+24 1.000000E-04 4.090350E+07 0.000000E+00 1.971517E+01
1.472919E-03 1.498760E+24 1.000000E-04 4.149062E+07 0.000000E+00 1.939614E+01
1.416360E-03 1.477593E+24 1.000000E-04 4.207774E+07 0.000000E+00 1.907711E+01
1.359802E-03 1.456426E+24 1.000000E-04 4.266486E+07 0.000000E+00 1.875807E+01
1.303243E-03 1.435259E+24 1.000000E-04 4.325197E+07 0.000000E+00 1.843904E+01
1.246685E-03 1.414092E+24 1.000000E-04 4.383909E+07 0.000000E+00 1.812001E+01
1.190126E-03 1.392925E+24 1.000000E-04 4.442621E+07 0.000000E+00 1.780098E+01
1.133567E-03 1.371758E+24 1.000000E-04 4.501332E+07 0.000000E+00 1.748195E+01
1.077009E-03 1.350590E+24 1.000000E-04 4.560044E+07 0.000000E+00 1.716292E+01
1.020450E-03 1.329423E+24 1.000000E-04 4.618756E+07 0.000000E+00 1.684389E+01
9.638918E-04 1.296676E+24 1.000000E-04 4.756635E+07 0.000000E+00 1.636677E+01
9.073332E-04 1.261436E+24 1.000000E-04 4.911551E+07 0.000000E+00 1.585563E+01
8.507747E-04 1.226196E+24 1.000000E-04 5.066468E+07 0.000000E+00 1.534450E+01
7.942161E-04 1.190957E+24 1.000000E-04 5.221384E+07 0.000000E+00 1.483336E+01
7.376575E-04 1.155717E+24 1.000000E-04 5.376300E+07 0.000000E+00 1.432222E+01
6.810990E-04 1.120477E+24 1.000000E-04 5.531216E+07 0.000000E+00 1.381108E+01
6.245404E-04 1.085238E+24 1.000000E-04 5.686132E+07 0.000000E+00 1.329994E+01
5.679819E-04 1.046699E+24 1.000000E-04 5.871809E+07 0.000000E+00 1.274441E+01
5.114233E-04 9.730016E+23 1.000000E-04 6.385278E+07 0.000000E+00 1.171570E+01
4.548647E-04 8.993046E+23 1.000000E-04 6.898747E+07 0.000000E+00 1.068700E+01
3.983062E-04 8.216533E+23 1.000000E-04 7.500043E+07 0.000000E+00 9.610880E+00
3.417476E-04 7.210640E+23 1.000000E-04 8.610792E+07 0.000000E+00 8.259667E+00
2.851891E-04 6.228689E+23 1.000000E-04 9.963413E+07 0.000000E+00 6.961623E+00
2.286305E-04 5.277607E+23 1.000000E-04 1.162791E+08 0.000000E+00 5.732137E+00
