!ION
Kr02
!MOLECULAR WEIGHT
 83.8
!NUMBER OF ENERGY LEVELS
31
!LEVEL + ENERGIES(cm^-1) + WEIGHT + J
    1  0.00000000E+00  1.0  0.0
    2  1.04672973E+08  3.0  1.0
    3  1.05030401E+08  1.0  0.0
    4  1.05052959E+08  3.0  1.0
    5  1.05061854E+08  1.0  0.0
    6  1.05574187E+08  5.0  2.0
    7  1.05768395E+08  3.0  1.0
    8  1.24164110E+08  3.0  1.0
    9  1.24262454E+08  1.0  0.0
   10  1.24266302E+08  1.0  0.0
   11  1.24268634E+08  3.0  1.0
   12  1.24424184E+08  5.0  2.0
   13  1.24472634E+08  5.0  2.0
   14  1.24475295E+08  3.0  1.0
   15  1.24477039E+08  3.0  1.0
   16  1.24526579E+08  7.0  3.0
   17  1.24531103E+08  5.0  2.0
   18  1.30917769E+08  3.0  1.0
   19  1.30958153E+08  1.0  0.0
   20  1.30959096E+08  1.0  0.0
   21  1.30960693E+08  3.0  1.0
   22  1.31026339E+08  5.0  2.0
   23  1.31046278E+08  5.0  2.0
   24  1.31047254E+08  3.0  1.0
   25  1.31047981E+08  3.0  1.0
   26  1.31068938E+08  7.0  3.0
   27  1.31070483E+08  7.0  3.0
   28  1.31071093E+08  5.0  2.0
   29  1.31071230E+08  5.0  2.0
   30  1.31082010E+08  9.0  4.0
   31  1.31082583E+08  7.0  3.0
!NUMBER OF RADIATIVE TRANSITIONS
183
!TRANS + UP + LOW + EINSTEINA(s^-1) + FREQ(GHz) + E_u(K)
    1    2    1  5.5930E+09  3.14018802E+09  1.50600095E+08
    2    4    1  3.8304E+14  3.15158948E+09  1.51146897E+08
    3    6    1  9.5852E+10  3.16722534E+09  1.51896776E+08
    4    7    1  1.5696E+15  3.17305189E+09  1.52176211E+08
    5    8    1  2.4527E+09  3.72492382E+09  1.78643405E+08
    6   11    1  1.0386E+14  3.72805970E+09  1.78793799E+08
    7   12    1  3.6203E+10  3.73272481E+09  1.79017533E+08
    8   13    1  8.2483E+11  3.73417903E+09  1.79087275E+08
    9   14    1  2.6414E+07  3.73425888E+09  1.79091105E+08
   10   15    1  4.1840E+14  3.73431211E+09  1.79093658E+08
   11   17    1  1.3777E+12  3.73593329E+09  1.79171408E+08
   12    8    3  1.2236E+12  5.74011366E+08  2.75289778E+07
   13    8    4  2.9096E+12  5.73334586E+08  2.74965201E+07
   14    8    6  6.8138E+12  5.57697755E+08  2.67465942E+07
   15    8    7  8.2374E+11  5.51871448E+08  2.64671707E+07
   16    9    2  3.5912E+13  5.87684398E+08  2.81847219E+07
   17    9    6  4.5667E+10  5.60648050E+08  2.68880873E+07
   18   10    4  2.0407E+12  5.76400299E+08  2.76435485E+07
   19   10    7  9.4734E+12  5.54937161E+08  2.66141991E+07
   20   11    2  2.8252E+13  5.87869745E+08  2.81936109E+07
   21   11    5  7.1891E+12  5.76203339E+08  2.76341025E+07
   22   11    6  2.7074E+10  5.60833397E+08  2.68969763E+07
   23   11    7  1.6143E+10  5.55007090E+08  2.66175528E+07
   24   12    2  3.3759E+13  5.92536307E+08  2.84174143E+07
   25   12    3  9.2727E+09  5.81813570E+08  2.79031632E+07
   26   12    4  1.6828E+10  5.81136790E+08  2.78707056E+07
   27   12    6  1.5832E+10  5.65499959E+08  2.71207797E+07
   28   12    7  3.9641E+09  5.59673652E+08  2.68413562E+07
   29   13    2  6.8901E+10  5.93989799E+08  2.84871223E+07
   30   13    4  7.9277E+13  5.82590282E+08  2.79404135E+07
   31   13    5  3.7984E+10  5.82323393E+08  2.79276138E+07
   32   13    6  1.5287E+13  5.66953451E+08  2.71904876E+07
   33   13    7  5.6086E+12  5.61127144E+08  2.69110641E+07
   34   14    2  1.1092E+11  5.94069648E+08  2.84909517E+07
   35   14    3  5.6427E+13  5.83346910E+08  2.79767006E+07
   36   14    4  3.4012E+13  5.82670131E+08  2.79442429E+07
   37   14    6  2.7208E+12  5.67033299E+08  2.71943171E+07
   38   14    7  8.0279E+12  5.61206993E+08  2.69148936E+07
   39   15    2  6.9176E+12  5.94121912E+08  2.84934583E+07
   40   15    4  1.6545E+10  5.82722395E+08  2.79467495E+07
   41   15    5  2.5605E+13  5.82455506E+08  2.79339498E+07
   42   15    6  7.0561E+09  5.67085564E+08  2.71968236E+07
   43   15    7  2.0830E+10  5.61259257E+08  2.69174001E+07
   44   16    2  1.1286E+11  5.95608311E+08  2.85647444E+07
   45   16    6  9.9626E+13  5.68571721E+08  2.72680982E+07
   46   17    2  4.2766E+10  5.95743813E+08  2.85712429E+07
   47   17    4  1.7141E+12  5.84344295E+08  2.80245341E+07
   48   17    5  6.3611E+10  5.84077407E+08  2.80117344E+07
   49   17    6  9.4338E+12  5.68707464E+08  2.72746082E+07
   50   17    7  8.5984E+13  5.62881157E+08  2.69951847E+07
   51   18    1  1.1627E+09  3.92753190E+09  1.88360274E+08
   52   21    1  4.2402E+13  3.92882158E+09  1.88422126E+08
   53   22    1  1.6426E+10  3.93079118E+09  1.88516586E+08
   54   23    1  4.4546E+11  3.93138884E+09  1.88545249E+08
   55   24    1  1.6444E+07  3.93141787E+09  1.88546641E+08
   56   25    1  1.7022E+14  3.93143965E+09  1.88547686E+08
   57   28    1  7.7167E+11  3.93213167E+09  1.88580875E+08
   58   29    1  2.2853E+03  3.93213651E+09  1.88581107E+08
   59   18    3  4.9775E+11  7.76621134E+08  3.72459279E+07
   60   18    4  1.1778E+12  7.75944354E+08  3.72134702E+07
   61   18    6  2.7330E+12  7.60307523E+08  3.64635443E+07
   62   18    7  3.3006E+11  7.54481216E+08  3.61841208E+07
   63   19    2  1.5341E+13  7.88555397E+08  3.78182825E+07
   64   19    6  1.8697E+10  7.61519048E+08  3.65216478E+07
   65   20    4  8.2990E+11  7.77184190E+08  3.72729314E+07
   66   20    7  3.7991E+12  7.55721052E+08  3.62435820E+07
   67   21    2  1.2065E+13  7.88631616E+08  3.78219379E+07
   68   21    5  3.1255E+12  7.76965210E+08  3.72624294E+07
   69   21    6  1.1101E+10  7.61595268E+08  3.65253032E+07
   70   21    7  6.6804E+09  7.55768961E+08  3.62458797E+07
   71   22    2  1.4826E+13  7.90600980E+08  3.79163865E+07
   72   22    3  4.0323E+09  7.79878243E+08  3.74021353E+07
   73   22    4  7.3147E+09  7.79201463E+08  3.73696777E+07
   74   22    6  6.7108E+09  7.63564632E+08  3.66197518E+07
   75   22    7  1.6780E+09  7.57738325E+08  3.63403283E+07
   76   23    2  8.0516E+09  7.91199121E+08  3.79450727E+07
   77   23    4  2.5776E+13  7.79799603E+08  3.73983639E+07
   78   23    5  4.3974E+09  7.79532715E+08  3.73855642E+07
   79   23    6  4.8600E+12  7.64162772E+08  3.66484380E+07
   80   23    7  1.7220E+12  7.58336465E+08  3.63690145E+07
   81   24    2  1.2790E+10  7.91228398E+08  3.79464768E+07
   82   24    3  1.8265E+13  7.80505661E+08  3.74322257E+07
   83   24    4  1.0966E+13  7.79828881E+08  3.73997680E+07
   84   24    6  8.5320E+11  7.64192050E+08  3.66498422E+07
   85   24    7  2.5060E+12  7.58365743E+08  3.63704186E+07
   86   25    2  3.1013E+12  7.91250175E+08  3.79475212E+07
   87   25    4  7.2608E+09  7.79850658E+08  3.74008124E+07
   88   25    5  1.1261E+13  7.79583770E+08  3.73880127E+07
   89   25    6  3.0557E+09  7.64213827E+08  3.66508866E+07
   90   25    7  8.8129E+09  7.58387520E+08  3.63714630E+07
   91   26    2  1.3658E+10  7.91879046E+08  3.79776812E+07
   92   26    6  3.1785E+13  7.64842456E+08  3.66810349E+07
   93   27    2  1.7626E+08  7.91925261E+08  3.79798976E+07
   94   27    4  8.1995E+10  7.80525744E+08  3.74331888E+07
   95   27    6  2.1956E+10  7.64888913E+08  3.66832630E+07
   96   27    7  1.0465E+10  7.59062606E+08  3.64038394E+07
   97   28    2  5.0845E+09  7.91943651E+08  3.79807796E+07
   98   28    4  4.7934E+11  7.80544134E+08  3.74340708E+07
   99   28    5  7.9645E+09  7.80277245E+08  3.74212711E+07
  100   28    6  2.9539E+12  7.64907303E+08  3.66841449E+07
  101   28    7  2.7743E+13  7.59080996E+08  3.64047214E+07
  102   29    3  5.4159E+10  7.81224785E+08  3.74667141E+07
  103   29    4  4.3635E+10  7.80548247E+08  3.74342681E+07
  104   29    6  7.7270E+09  7.64911416E+08  3.66843422E+07
  105   29    7  1.0635E+10  7.59085109E+08  3.64049187E+07
  106   30    6  1.1655E+11  7.65234683E+08  3.66998457E+07
  107   31    2  1.3445E+08  7.92288211E+08  3.79973043E+07
  108   31    4  2.6569E+09  7.80888694E+08  3.74505955E+07
  109   31    6  1.6755E+10  7.65251863E+08  3.67006696E+07
  110   31    7  9.3755E+10  7.59425556E+08  3.64212461E+07
  111   18    9  3.4399E+11  1.99659473E+08  9.57545706E+06
  112   18   11  8.1332E+11  1.99474030E+08  9.56656341E+06
  113   18   12  1.9139E+12  1.94807564E+08  9.34276466E+06
  114   18   13  4.1686E+08  1.93354073E+08  9.27305673E+06
  115   18   14  4.0489E+08  1.93274224E+08  9.26922727E+06
  116   18   15  2.4206E+11  1.93221886E+08  9.26671722E+06
  117   18   16  9.4560E+08  1.91735681E+08  9.19544038E+06
  118   19    8  4.7936E+12  2.03821269E+08  9.77505241E+06
  119   19   12  4.8873E+09  1.96019065E+08  9.40086697E+06
  120   19   14  6.3966E+11  1.94485725E+08  9.32732958E+06
  121   20   11  6.1218E+11  2.00713865E+08  9.62602460E+06
  122   20   13  7.8814E+08  1.94593884E+08  9.33251677E+06
  123   20   15  2.6650E+12  1.94461698E+08  9.32617726E+06
  124   20   17  1.2935E+09  1.92839797E+08  9.24839264E+06
  125   21    8  3.7445E+12  2.03897489E+08  9.77870781E+06
  126   21   10  9.9126E+11  2.00831727E+08  9.63167713E+06
  127   21   12  2.8832E+09  1.96095285E+08  9.40452237E+06
  128   21   13  5.1238E+11  1.94641793E+08  9.33481445E+06
  129   21   14  1.2684E+11  1.94561944E+08  9.33098498E+06
  130   21   15  1.7757E+09  1.94509607E+08  9.32847494E+06
  131   21   17  6.5962E+09  1.92887707E+08  9.25069032E+06
  132   22    8  4.4205E+12  2.05866877E+08  9.87315758E+06
  133   22    9  9.7945E+08  2.02916581E+08  9.73166454E+06
  134   22   11  1.7510E+09  2.02731138E+08  9.72277089E+06
  135   22   12  1.6907E+09  1.98064649E+08  9.49897098E+06
  136   22   13  4.9954E+10  1.96611157E+08  9.42926305E+06
  137   22   14  5.1796E+09  1.96531332E+08  9.42543475E+06
  138   22   16  4.7476E+11  1.94992789E+08  9.35164786E+06
  139   22   17  3.1923E+10  1.94857095E+08  9.34514009E+06
  140   23    8  4.9422E+09  2.06465017E+08  9.90184377E+06
  141   23   10  2.7124E+09  2.03399256E+08  9.75481309E+06
  142   23   11  8.3878E+12  2.03329303E+08  9.75145824E+06
  143   23   12  1.6983E+12  1.98662813E+08  9.52765833E+06
  144   23   15  5.2935E+11  1.97077136E+08  9.45161090E+06
  145   24    8  7.8840E+09  2.06494319E+08  9.90324907E+06
  146   24    9  5.9190E+12  2.03544024E+08  9.76175603E+06
  147   24   11  3.5442E+12  2.03358581E+08  9.75286238E+06
  148   24   12  2.9773E+11  1.98692091E+08  9.52906247E+06
  149   24   15  9.3594E+11  1.97106438E+08  9.45301620E+06
  150   25    8  9.1434E+11  2.06516145E+08  9.90429579E+06
  151   25   10  3.4009E+12  2.03450383E+08  9.75726511E+06
  152   25   11  1.8055E+09  2.03380407E+08  9.75390910E+06
  153   25   12  7.6377E+08  1.98713941E+08  9.53011035E+06
  154   25   13  3.2966E+10  1.97260425E+08  9.46040127E+06
  155   25   14  2.7447E+10  1.97180600E+08  9.45657296E+06
  156   25   15  2.2051E+09  1.97128263E+08  9.45406292E+06
  157   25   17  5.0866E+11  1.95506363E+08  9.37627830E+06
  158   26    8  7.9357E+09  2.07144822E+08  9.93444647E+06
  159   26   12  1.0733E+13  1.99342618E+08  9.56026103E+06
  160   26   16  1.4977E+09  1.96270759E+08  9.41293792E+06
  161   27   11  8.6550E+09  2.04055468E+08  9.78628435E+06
  162   27   12  2.1280E+09  1.99388979E+08  9.56248444E+06
  163   27   13  1.9447E+13  1.97935487E+08  9.49277652E+06
  164   27   16  1.3013E+12  1.96317119E+08  9.41516133E+06
  165   27   17  1.3219E+11  1.96181401E+08  9.40865239E+06
  166   28    8  2.9462E+09  2.07209475E+08  9.93754718E+06
  167   28   10  4.6378E+09  2.04143713E+08  9.79051650E+06
  168   28   11  1.3685E+11  2.04073737E+08  9.78716049E+06
  169   28   12  9.9654E+11  1.99407271E+08  9.56336174E+06
  170   28   15  9.3910E+12  1.97821593E+08  9.48731431E+06
  171   28   17  1.4394E+09  1.96199693E+08  9.40952969E+06
  172   29    9  5.6582E+09  2.04263293E+08  9.79625142E+06
  173   29   11  4.4830E+09  2.04077874E+08  9.78735893E+06
  174   29   13  2.0222E+12  1.97957893E+08  9.49385109E+06
  175   29   14  1.7543E+13  1.97878044E+08  9.49002162E+06
  176   29   16  9.1389E+10  1.96339526E+08  9.41623590E+06
  177   29   17  1.2106E+12  1.96203807E+08  9.40972696E+06
  178   30   12  1.1359E+10  1.99734797E+08  9.57906952E+06
  179   30   16  2.0763E+13  1.96662938E+08  9.43174641E+06
  180   31   13  1.2410E+10  1.98298485E+08  9.51018551E+06
  181   31   15  9.1560E+09  1.98166323E+08  9.50384716E+06
  182   31   16  9.9513E+11  1.96680117E+08  9.43257032E+06
  183   31   17  1.9721E+13  1.96544423E+08  9.42606255E+06
!NUMBER OF COLL PARTNERS
1
!COLLISIONS BETWEEN
1 Kr02 - e
!NUMBER OF COLL TRANS
314
!NUMBER OF COLL TEMPS
11
!COLL TEMPS
  1.1604E+07  1.4609E+07  1.8392E+07  2.3154E+07  2.9149E+07  3.6696E+07  4.6198E+07  5.8160E+07  7.3219E+07  9.2177E+07  1.1604E+08
TRANS + UP + LOW + COLLRATES (cm^3 s^-1)
    1    2    1  1.0032E-18  1.2689E-17  9.2356E-17  4.3281E-16  1.4274E-15  3.5554E-15  7.0720E-15  1.1741E-14  1.6852E-14  2.1496E-14  2.4918E-14
    2    3    1  6.0521E-19  7.6897E-18  5.6063E-17  2.6247E-16  8.6262E-16  2.1357E-15  4.2125E-15  6.9186E-15  9.8002E-15  1.2311E-14  1.4032E-14
    3    4    1  3.0818E-18  4.0270E-17  3.0389E-16  1.4843E-15  5.1377E-15  1.3549E-14  2.8845E-14  5.1914E-14  8.1961E-14  1.1691E-13  1.5424E-13
    4    5    1  2.1609E-18  2.8338E-17  2.1461E-16  1.0515E-15  3.6477E-15  9.6262E-15  2.0457E-14  3.6627E-14  5.7268E-14  8.0452E-14  1.0385E-13
    5    6    1  2.6269E-18  3.3841E-17  2.4943E-16  1.1779E-15  3.8978E-15  9.7023E-15  1.9217E-14  3.1666E-14  4.4969E-14  5.6598E-14  6.4606E-14
    6    7    1  5.8789E-18  7.9921E-17  6.2746E-16  3.1914E-15  1.1523E-14  3.1757E-14  7.0778E-14  1.3352E-13  2.2105E-13  3.3037E-13  4.5575E-13
    7    8    1  2.4262E-20  5.0484E-19  5.4583E-18  3.5036E-17  1.4840E-16  4.5100E-16  1.0509E-15  1.9789E-15  3.1392E-15  4.3356E-15  5.3528E-15
    8    9    1  1.4860E-20  3.0887E-19  3.3314E-18  2.1303E-17  8.9755E-17  2.7091E-16  6.2589E-16  1.1664E-15  1.8278E-15  2.4889E-15  3.0245E-15
    9   10    1  3.6221E-20  7.7579E-19  8.6781E-18  5.7989E-17  2.5755E-16  8.2762E-16  2.0583E-15  4.1795E-15  7.2292E-15  1.1016E-14  1.5188E-14
   10   11    1  6.2006E-20  1.3177E-18  1.4608E-17  9.6645E-17  4.2471E-16  1.3501E-15  3.3232E-15  6.6884E-15  1.1497E-14  1.7480E-14  2.4172E-14
   11   12    1  6.8935E-20  1.4387E-18  1.5566E-17  9.9787E-17  4.2125E-16  1.2734E-15  2.9451E-15  5.4927E-15  8.6122E-15  1.1731E-14  1.4259E-14
   12   13    1  8.8050E-21  1.8732E-19  2.0749E-18  1.3691E-17  5.9901E-17  1.8924E-16  4.6220E-16  9.2164E-16  1.5678E-15  2.3564E-15  3.2198E-15
   13   14    1  5.8758E-21  1.2238E-19  1.3201E-18  8.4272E-18  3.5382E-17  1.0622E-16  2.4359E-16  4.4969E-16  6.9667E-16  9.3586E-16  1.1200E-15
   14   15    1  1.0399E-19  2.2765E-18  2.6088E-17  1.7913E-16  8.2055E-16  2.7311E-15  7.0683E-15  1.5010E-14  2.7285E-14  4.3910E-14  6.4214E-14
   15   16    1  1.3106E-20  2.7332E-19  2.9513E-18  1.8855E-17  7.9212E-17  2.3791E-16  5.4581E-16  1.0079E-15  1.5617E-15  2.0982E-15  2.5111E-15
   16   17    1  7.7993E-21  1.6891E-19  1.9102E-18  1.2912E-17  5.8088E-17  1.8944E-16  4.7942E-16  9.9403E-16  1.7629E-15  2.7667E-15  3.9475E-15
   17    8    2  7.8333E-13  1.1580E-12  1.5471E-12  1.9076E-12  2.2070E-12  2.4279E-12  2.5664E-12  2.6283E-12  2.6259E-12  2.5729E-12  2.4841E-12
   18    9    2  1.0057E-13  1.5735E-13  2.2409E-13  2.9666E-13  3.7107E-13  4.4403E-13  5.1320E-13  5.7705E-13  6.3464E-13  6.8566E-13  7.2998E-13
   19   10    2  1.3746E-14  1.8960E-14  2.3384E-14  2.6353E-14  2.7583E-14  2.7136E-14  2.5391E-14  2.2804E-14  1.9774E-14  1.6644E-14  1.3680E-14
   20   11    2  2.4283E-13  3.7873E-13  5.3767E-13  7.0962E-13  8.8507E-13  1.0563E-12  1.2181E-12  1.3670E-12  1.5010E-12  1.6196E-12  1.7226E-12
   21   12    2  4.1809E-13  6.5872E-13  9.4421E-13  1.2576E-12  1.5820E-12  1.9034E-12  2.2111E-12  2.4981E-12  2.7598E-12  2.9942E-12  3.2004E-12
   22   13    2  3.4414E-13  5.1580E-13  6.9885E-13  8.7490E-13  1.0293E-12  1.1530E-12  1.2433E-12  1.3011E-12  1.3292E-12  1.3327E-12  1.3157E-12
   23   14    2  2.9471E-13  4.4593E-13  6.1025E-13  7.7182E-13  9.1736E-13  1.0380E-12  1.1299E-12  1.1929E-12  1.2286E-12  1.2406E-12  1.2326E-12
   24   15    2  7.4590E-14  1.1304E-13  1.5559E-13  1.9889E-13  2.4036E-13  2.7842E-13  3.1244E-13  3.4240E-13  3.6853E-13  3.9119E-13  4.1080E-13
   25   16    2  6.7763E-13  1.0268E-12  1.4068E-12  1.7811E-12  2.1186E-12  2.3988E-12  2.6128E-12  2.7600E-12  2.8438E-12  2.8730E-12  2.8558E-12
   26   17    2  2.4532E-13  3.6390E-13  4.8736E-13  6.0259E-13  6.9982E-13  7.7371E-13  8.2356E-13  8.5133E-13  8.5990E-13  8.5320E-13  8.3473E-13
   27    8    3  4.7410E-14  7.0462E-14  9.5518E-14  1.2072E-13  1.4478E-13  1.6690E-13  1.8691E-13  2.0485E-13  2.2081E-13  2.3506E-13  2.4731E-13
   28    9    3  7.7818E-13  1.1415E-12  1.5151E-12  1.8574E-12  2.1383E-12  2.3418E-12  2.4653E-12  2.5153E-12  2.5041E-12  2.4453E-12  2.3531E-12
   29   10    3  9.3910E-15  1.2930E-14  1.5959E-14  1.8014E-14  1.8900E-14  1.8666E-14  1.7529E-14  1.5792E-14  1.3736E-14  1.1591E-14  9.5387E-15
   30   11    3  5.9219E-14  8.0984E-14  9.9206E-14  1.1114E-13  1.1572E-13  1.1334E-13  1.0558E-13  9.4388E-14  8.1472E-14  6.8245E-14  5.5784E-14
   31   12    3  1.3107E-13  1.9002E-13  2.4917E-13  3.0207E-13  3.4456E-13  3.7476E-13  3.9318E-13  4.0145E-13  4.0139E-13  3.9507E-13  3.8394E-13
   32   13    3  1.0819E-13  1.4762E-13  1.8006E-13  2.0063E-13  2.0755E-13  2.0166E-13  1.8628E-13  1.6516E-13  1.4133E-13  1.1738E-13  9.5138E-14
   33   14    3  3.0271E-12  4.6111E-12  6.3798E-12  8.1887E-12  9.9136E-12  1.1469E-11  1.2809E-11  1.3920E-11  1.4810E-11  1.5499E-11  1.6018E-11
   34   15    3  6.6223E-14  9.1206E-14  1.1243E-13  1.2665E-13  1.3253E-13  1.3041E-13  1.2202E-13  1.0953E-13  9.4919E-14  7.9813E-14  6.5485E-14
   35   16    3  1.7332E-13  2.4931E-13  3.2372E-13  3.8803E-13  4.3693E-13  4.6841E-13  4.8395E-13  4.8636E-13  4.7867E-13  4.6390E-13  4.4478E-13
   36   17    3  1.7807E-13  2.4406E-13  2.9908E-13  3.3476E-13  3.4786E-13  3.3958E-13  3.1512E-13  2.8060E-13  2.4114E-13  2.0109E-13  1.6363E-13
   37    8    4  4.3917E-14  6.4573E-14  8.6502E-14  1.0793E-13  1.2771E-13  1.4524E-13  1.6052E-13  1.7376E-13  1.8522E-13  1.9525E-13  2.0373E-13
   38    9    4  1.9821E-14  2.7087E-14  3.3163E-14  3.7137E-14  3.8654E-14  3.7848E-14  3.5248E-14  3.1508E-14  2.7193E-14  2.2776E-14  1.8617E-14
   39   10    4  1.3054E-14  1.8961E-14  2.5021E-14  3.0674E-14  3.5585E-14  3.9627E-14  4.2858E-14  4.5424E-14  4.7466E-14  4.9139E-14  5.0478E-14
   40   11    4  8.1993E-13  1.1987E-12  1.5855E-12  1.9370E-12  2.2222E-12  2.4254E-12  2.5450E-12  2.5887E-12  2.5698E-12  2.5029E-12  2.4029E-12
   41   12    4  1.2601E-13  1.7919E-13  2.2985E-13  2.7184E-13  3.0171E-13  3.1858E-13  3.2393E-13  3.2029E-13  3.1011E-13  2.9578E-13  2.7906E-13
   42   13    4  2.4369E-12  3.7012E-12  5.1062E-12  6.5361E-12  7.8927E-12  9.1094E-12  1.0152E-11  1.1012E-11  1.1697E-11  1.2225E-11  1.2620E-11
   43   14    4  6.6693E-13  1.0067E-12  1.3799E-12  1.7551E-12  2.1064E-12  2.4169E-12  2.6792E-12  2.8921E-12  3.0594E-12  3.1860E-12  3.2792E-12
   44   15    4  7.2172E-14  1.0277E-13  1.3198E-13  1.5625E-13  1.7358E-13  1.8346E-13  1.8672E-13  1.8481E-13  1.7912E-13  1.7103E-13  1.6155E-13
   45   16    4  2.1224E-13  2.9707E-13  3.7368E-13  4.3195E-13  4.6688E-13  4.7822E-13  4.7023E-13  4.4849E-13  4.1805E-13  3.8342E-13  3.4820E-13
   46   17    4  1.8838E-13  2.7094E-13  3.5202E-13  4.2259E-13  4.7717E-13  5.1388E-13  5.3443E-13  5.4195E-13  5.3973E-13  5.3088E-13  5.1826E-13
   47    8    5  4.3827E-14  5.9691E-14  7.2887E-14  8.1489E-14  8.4753E-14  8.2960E-14  7.7314E-14  6.9215E-14  5.9868E-14  5.0291E-14  4.1270E-14
   48    9    5  1.2295E-14  1.6815E-14  2.0603E-14  2.3086E-14  2.4040E-14  2.3549E-14  2.1934E-14  1.9602E-14  1.6909E-14  1.4149E-14  1.1547E-14
   49   10    5  7.8976E-13  1.1616E-12  1.5464E-12  1.9024E-12  2.1980E-12  2.4164E-12  2.5539E-12  2.6158E-12  2.6144E-12  2.5628E-12  2.4757E-12
   50   11    5  2.2617E-13  3.4748E-13  4.8678E-13  6.3489E-13  7.8353E-13  9.2633E-13  1.0592E-12  1.1799E-12  1.2871E-12  1.3809E-12  1.4612E-12
   51   12    5  5.6291E-14  7.7339E-14  9.5127E-14  1.0693E-13  1.1164E-13  1.0961E-13  1.0229E-13  9.1558E-14  7.9089E-14  6.6259E-14  5.4128E-14
   52   13    5  5.7755E-13  8.6682E-13  1.1791E-12  1.4846E-12  1.7588E-12  1.9854E-12  2.1576E-12  2.2751E-12  2.3408E-12  2.3619E-12  2.3451E-12
   53   14    5  6.4970E-14  8.9211E-14  1.0963E-13  1.2313E-13  1.2845E-13  1.2600E-13  1.1752E-13  1.0519E-13  9.0896E-14  7.6220E-14  6.2377E-14
   54   15    5  6.0687E-13  9.5544E-13  1.3706E-12  1.8284E-12  2.3047E-12  2.7783E-12  3.2332E-12  3.6578E-12  4.0448E-12  4.3906E-12  4.6933E-12
   55   16    5  1.4858E-13  2.0427E-13  2.5127E-13  2.8242E-13  2.9482E-13  2.8932E-13  2.6996E-13  2.4170E-13  2.0889E-13  1.7519E-13  1.4339E-13
   56   17    5  8.6570E-13  1.3101E-12  1.7968E-12  2.2806E-12  2.7226E-12  3.0957E-12  3.3869E-12  3.5930E-12  3.7170E-12  3.7688E-12  3.7579E-12
   57    8    6  5.3236E-14  7.8887E-14  1.0705E-13  1.3583E-13  1.6391E-13  1.9037E-13  2.1489E-13  2.3736E-13  2.5768E-13  2.7605E-13  2.9193E-13
   58    9    6  3.2907E-14  4.7067E-14  6.1141E-14  7.3664E-14  8.3710E-14  9.0877E-14  9.5278E-14  9.7289E-14  9.7315E-14  9.5831E-14  9.3161E-14
   59   10    6  9.9720E-15  1.3539E-14  1.6525E-14  1.8486E-14  1.9256E-14  1.8908E-14  1.7674E-14  1.5862E-14  1.3754E-14  1.1576E-14  9.5050E-15
   60   11    6  8.8158E-14  1.2374E-13  1.5731E-13  1.8503E-13  2.0481E-13  2.1617E-13  2.2009E-13  2.1817E-13  2.1193E-13  2.0289E-13  1.9213E-13
   61   12    6  9.4524E-13  1.3673E-12  1.7926E-12  2.1744E-12  2.4798E-12  2.6936E-12  2.8154E-12  2.8549E-12  2.8272E-12  2.7486E-12  2.6351E-12
   62   13    6  4.9230E-13  7.1756E-13  9.5109E-13  1.1713E-12  1.3629E-12  1.5186E-12  1.6380E-12  1.7246E-12  1.7834E-12  1.8202E-12  1.8404E-12
   63   14    6  1.2137E-13  1.7396E-13  2.2622E-13  2.7281E-13  3.1032E-13  3.3738E-13  3.5469E-13  3.6376E-13  3.6628E-13  3.6402E-13  3.5854E-13
   64   15    6  6.2702E-14  8.6067E-14  1.0634E-13  1.2080E-13  1.2829E-13  1.2902E-13  1.2437E-13  1.1607E-13  1.0566E-13  9.4435E-14  8.3391E-14
   65   16    6  3.0298E-12  4.5394E-12  6.1925E-12  7.8529E-12  9.4090E-12  1.0788E-11  1.1957E-11  1.2909E-11  1.3659E-11  1.4228E-11  1.4648E-11
   66   17    6  3.1669E-13  4.5951E-13  6.0584E-13  7.4181E-13  8.5806E-13  9.5026E-13  1.0190E-12  1.0671E-12  1.0983E-12  1.1163E-12  1.1251E-12
   67    8    7  3.6110E-14  5.0103E-14  6.3109E-14  7.3703E-14  8.1246E-14  8.5763E-14  8.7763E-14  8.7976E-14  8.7058E-14  8.5590E-14  8.3877E-14
   68    9    7  2.4189E-14  3.2503E-14  3.9282E-14  4.3559E-14  4.5008E-14  4.3839E-14  4.0680E-14  3.6276E-14  3.1267E-14  2.6175E-14  2.1398E-14
   69   10    7  2.8737E-14  4.4274E-14  6.2594E-14  8.2801E-14  1.0405E-13  1.2551E-13  1.4661E-13  1.6685E-13  1.8575E-13  2.0317E-13  2.1845E-13
   70   11    7  9.0409E-14  1.2652E-13  1.6060E-13  1.8882E-13  2.0911E-13  2.2101E-13  2.2546E-13  2.2404E-13  2.1823E-13  2.0952E-13  1.9897E-13
   71   12    7  1.0883E-13  1.4845E-13  1.8252E-13  2.0652E-13  2.1865E-13  2.1935E-13  2.1103E-13  1.9665E-13  1.7878E-13  1.5962E-13  1.4082E-13
   72   13    7  3.6223E-13  5.2666E-13  6.9700E-13  8.5764E-13  9.9752E-13  1.1110E-12  1.1976E-12  1.2597E-12  1.3008E-12  1.3249E-12  1.3362E-12
   73   14    7  2.9277E-13  4.2086E-13  5.5028E-13  6.6872E-13  7.6820E-13  8.4543E-13  9.0145E-13  9.3927E-13  9.6244E-13  9.7460E-13  9.7902E-13
   74   15    7  9.3066E-13  1.3459E-12  1.7661E-12  2.1456E-12  2.4523E-12  2.6706E-12  2.7994E-12  2.8471E-12  2.8280E-12  2.7575E-12  2.6510E-12
   75   16    7  1.8326E-13  2.4765E-13  3.0086E-13  3.3565E-13  3.4948E-13  3.4371E-13  3.2329E-13  2.9380E-13  2.5968E-13  2.2476E-13  1.9181E-13
   76   17    7  3.2566E-12  4.8654E-12  6.6252E-12  8.3925E-12  1.0050E-11  1.1520E-11  1.2768E-11  1.3785E-11  1.4587E-11  1.5195E-11  1.5644E-11
   77   18    1  4.2877E-21  1.0602E-19  1.3147E-18  9.4112E-18  4.3474E-17  1.4156E-16  3.4848E-16  6.8550E-16  1.1259E-15  1.5987E-15  2.0172E-15
   78   19    1  2.6312E-21  6.4910E-20  8.0233E-19  5.7184E-18  2.6269E-17  8.4948E-17  2.0736E-16  4.0381E-16  6.5540E-16  9.1805E-16  1.1406E-15
   79   20    1  5.6619E-21  1.4389E-19  1.8440E-18  1.3730E-17  6.6466E-17  2.2877E-16  6.0105E-16  1.2753E-15  2.2851E-15  3.5825E-15  5.0546E-15
   80   21    1  1.0374E-20  2.6120E-19  3.3117E-18  2.4360E-17  1.1637E-16  3.9495E-16  1.0230E-15  2.1417E-15  3.7939E-15  5.8999E-15  8.2957E-15
   81   22    1  1.2439E-20  3.0736E-19  3.8041E-18  2.7140E-17  1.2476E-16  4.0367E-16  9.8572E-16  1.9200E-15  3.1165E-15  4.3652E-15  5.4226E-15
   82   23    1  1.9923E-21  5.0047E-20  6.3218E-19  4.6262E-18  2.1952E-17  7.3882E-17  1.8947E-16  3.9211E-16  6.8569E-16  1.0516E-15  1.4569E-15
   83   24    1  1.3681E-21  3.3724E-20  4.1601E-19  2.9554E-18  1.3514E-17  4.3440E-17  1.0523E-16  2.0301E-16  3.2582E-16  4.5047E-16  5.5131E-16
   84   25    1  1.6514E-20  4.2739E-19  5.5937E-18  4.2680E-17  2.1257E-16  7.5608E-16  2.0626E-15  4.5664E-15  8.5806E-15  1.4175E-14  2.1167E-14
   85   26    1  3.0728E-21  7.5783E-20  9.3524E-19  6.6462E-18  3.0399E-17  9.7730E-17  2.3677E-16  4.5682E-16  7.3318E-16  1.0137E-15  1.2405E-15
   86   27    1  1.0921E-22  2.7112E-21  3.3739E-20  2.4234E-19  1.1237E-18  3.6764E-18  9.1102E-18  1.8096E-17  3.0156E-17  4.3756E-17  5.6957E-17
   87   28    1  1.7246E-21  4.4077E-20  5.6833E-19  4.2613E-18  2.0803E-17  7.2349E-17  1.9257E-16  4.1532E-16  7.5946E-16  1.2206E-15  1.7738E-15
   88   29    1  9.3552E-23  2.3025E-21  2.8342E-20  2.0077E-19  9.1469E-19  2.9265E-18  7.0484E-18  1.3503E-17  2.1491E-17  2.9426E-17  3.5608E-17
   89   30    1  1.6356E-22  4.0265E-21  4.9575E-20  3.5123E-19  1.6004E-18  5.1208E-18  1.2334E-17  2.3631E-17  3.7612E-17  5.1500E-17  6.2320E-17
   90   31    1  9.9280E-23  2.4742E-21  3.0936E-20  2.2349E-19  1.0436E-18  3.4442E-18  8.6260E-18  1.7357E-17  2.9373E-17  4.3402E-17  5.7693E-17
   91   18    2  6.5301E-14  1.1461E-13  1.7548E-13  2.4110E-13  3.0402E-13  3.5816E-13  3.9980E-13  4.2768E-13  4.4237E-13  4.4563E-13  4.3982E-13
   92   19    2  9.5102E-15  1.7439E-14  2.8084E-14  4.0864E-14  5.4939E-14  6.9472E-14  8.3704E-14  9.7120E-14  1.0938E-13  1.2030E-13  1.2982E-13
   93   20    2  2.1808E-15  3.5687E-15  5.0443E-15  6.3284E-15  7.2002E-15  7.5961E-15  7.4939E-15  7.0046E-15  6.2735E-15  5.4277E-15  4.5512E-15
   94   21    2  2.3531E-14  4.2914E-14  6.8725E-14  9.9446E-14  1.3298E-13  1.6733E-13  2.0070E-13  2.3196E-13  2.6038E-13  2.8559E-13  3.0751E-13
   95   22    2  4.1620E-14  7.6623E-14  1.2389E-13  1.8099E-13  2.4431E-13  3.1021E-13  3.7529E-13  4.3720E-13  4.9434E-13  5.4578E-13  5.9116E-13
   96   23    2  2.6542E-14  4.6245E-14  7.0281E-14  9.5878E-14  1.2013E-13  1.4101E-13  1.5704E-13  1.6800E-13  1.7427E-13  1.7649E-13  1.7541E-13
   97   24    2  2.0472E-14  3.6139E-14  5.5715E-14  7.7182E-14  9.8271E-14  1.1725E-13  1.3271E-13  1.4424E-13  1.5186E-13  1.5590E-13  1.5688E-13
   98   25    2  9.4498E-15  1.6550E-14  2.5357E-14  3.5015E-14  4.4628E-14  5.3583E-14  6.1447E-14  6.8133E-14  7.3734E-14  7.8399E-14  8.2262E-14
   99   26    2  4.7834E-14  8.4518E-14  1.3041E-13  1.8080E-13  2.3036E-13  2.7503E-13  3.1151E-13  3.3875E-13  3.5684E-13  3.6654E-13  3.6902E-13
  100   27    2  1.4789E-14  2.5469E-14  3.8218E-14  5.1425E-14  6.3484E-14  7.3461E-14  8.0566E-14  8.4856E-14  8.6686E-14  8.6501E-14  8.4739E-14
  101   28    2  2.1191E-14  3.6420E-14  5.4493E-14  7.3056E-14  8.9807E-14  1.0334E-13  1.1272E-13  1.1807E-13  1.1999E-13  1.1917E-13  1.1631E-13
  102   29    2  1.3385E-14  2.3552E-14  3.6176E-14  4.9904E-14  6.3232E-14  7.5061E-14  8.4461E-14  9.1188E-14  9.5312E-14  9.7089E-14  9.6897E-14
  103   30    2  2.3840E-14  4.1963E-14  6.4474E-14  8.8963E-14  1.1275E-13  1.3387E-13  1.5067E-13  1.6270E-13  1.7008E-13  1.7329E-13  1.7298E-13
  104   31    2  1.3374E-14  2.2819E-14  3.3885E-14  4.5067E-14  5.4932E-14  6.2744E-14  6.7884E-14  7.0530E-14  7.1113E-14  7.0102E-14  6.7902E-14
  105   18    3  5.9695E-15  1.0259E-14  1.5459E-14  2.1036E-14  2.6473E-14  3.1447E-14  3.5755E-14  3.9380E-14  4.2411E-14  4.4950E-14  4.7073E-14
  106   19    3  6.3351E-14  1.1030E-13  1.6779E-13  2.2933E-13  2.8794E-13  3.3795E-13  3.7607E-13  4.0119E-13  4.1393E-13  4.1601E-13  4.0969E-13
  107   20    3  1.5645E-15  2.5548E-15  3.6109E-15  4.5384E-15  5.1828E-15  5.4805E-15  5.4306E-15  5.0996E-15  4.5849E-15  3.9777E-15  3.3438E-15
  108   21    3  9.6087E-15  1.5591E-14  2.1887E-14  2.7304E-14  3.0923E-14  3.2468E-14  3.1903E-14  2.9703E-14  2.6492E-14  2.2818E-14  1.9044E-14
  109   22    3  1.7236E-14  2.9084E-14  4.2785E-14  5.6462E-14  6.8408E-14  7.7693E-14  8.3802E-14  8.6959E-14  8.7744E-14  8.6761E-14  8.4474E-14
  110   23    3  1.7373E-14  2.8088E-14  3.9249E-14  4.8689E-14  5.4767E-14  5.7144E-14  5.5725E-14  5.1464E-14  4.5546E-14  3.8954E-14  3.2286E-14
  111   24    3  2.3282E-13  4.1713E-13  6.5534E-13  9.2868E-13  1.2138E-12  1.4894E-12  1.7392E-12  1.9543E-12  2.1308E-12  2.2698E-12  2.3748E-12
  112   25    3  1.0728E-14  1.7478E-14  2.4628E-14  3.0838E-14  3.5054E-14  3.6928E-14  3.6416E-14  3.4027E-14  3.0454E-14  2.6318E-14  2.2039E-14
  113   26    3  1.9583E-14  3.2530E-14  4.7018E-14  6.0830E-14  7.2079E-14  8.0111E-14  8.4352E-14  8.5427E-14  8.4231E-14  8.1553E-14  7.7917E-14
  114   27    3  5.7623E-15  9.2253E-15  1.2755E-14  1.5637E-14  1.7351E-14  1.7909E-14  1.7228E-14  1.5689E-14  1.3710E-14  1.1599E-14  9.5122E-15
  115   28    3  2.8101E-14  4.5585E-14  6.3921E-14  7.9590E-14  8.9890E-14  9.4135E-14  9.2180E-14  8.5498E-14  7.5975E-14  6.5218E-14  5.4250E-14
  116   29    3  3.6104E-14  6.5384E-14  1.0389E-13  1.4889E-13  1.9666E-13  2.4376E-13  2.8689E-13  3.2405E-13  3.5413E-13  3.7668E-13  3.9189E-13
  117   30    3  7.8862E-15  1.3196E-14  1.9249E-14  2.5187E-14  3.0256E-14  3.4185E-14  3.6674E-14  3.7914E-14  3.8207E-14  3.7799E-14  3.6851E-14
  118   31    3  1.1486E-14  1.8444E-14  2.5575E-14  3.1449E-14  3.5015E-14  3.6218E-14  3.4939E-14  3.1901E-14  2.7930E-14  2.3656E-14  1.9417E-14
  119   18    4  5.7556E-15  9.8021E-15  1.4616E-14  1.9651E-14  2.4397E-14  2.8558E-14  3.1970E-14  3.4661E-14  3.6761E-14  3.8408E-14  3.9704E-14
  120   19    4  3.2143E-15  5.2123E-15  7.3136E-15  9.1206E-15  1.0327E-14  1.0840E-14  1.0650E-14  9.9145E-15  8.8419E-15  7.6153E-15  6.3558E-15
  121   20    4  1.8209E-15  3.0717E-15  4.5258E-15  5.9961E-15  7.3163E-15  8.3967E-15  9.1969E-15  9.7423E-15  1.0092E-14  1.0306E-14  1.0427E-14
  122   21    4  6.9822E-14  1.2080E-13  1.8255E-13  2.4782E-13  3.0900E-13  3.6026E-13  3.9826E-13  4.2219E-13  4.3306E-13  4.3293E-13  4.2430E-13
  123   22    4  1.7884E-14  2.9731E-14  4.2976E-14  5.5559E-14  6.5724E-14  7.2660E-14  7.6030E-14  7.6315E-14  7.4342E-14  7.0902E-14  6.6570E-14
  124   23    4  1.9214E-13  3.4254E-13  5.3550E-13  7.5516E-13  9.8238E-13  1.2002E-12  1.3959E-12  1.5628E-12  1.6986E-12  1.8045E-12  1.8838E-12
  125   24    4  5.5729E-14  9.8253E-14  1.5183E-13  2.1158E-13  2.7198E-13  3.2856E-13  3.7805E-13  4.1909E-13  4.5155E-13  4.7608E-13  4.9378E-13
  126   25    4  1.0346E-14  1.7208E-14  2.4885E-14  3.2185E-14  3.8090E-14  4.2135E-14  4.4118E-14  4.4318E-14  4.3215E-14  4.1264E-14  3.8793E-14
  127   26    4  2.9295E-14  4.7905E-14  6.7899E-14  8.5744E-14  9.8631E-14  1.0575E-13  1.0671E-13  1.0282E-13  9.5828E-14  8.7217E-14  7.7953E-14
  128   27    4  2.8462E-14  5.0948E-14  8.0027E-14  1.1341E-13  1.4820E-13  1.8198E-13  2.1234E-13  2.3804E-13  2.5848E-13  2.7352E-13  2.8334E-13
  129   28    4  2.1928E-14  3.6465E-14  5.2757E-14  6.8319E-14  8.1034E-14  9.0070E-14  9.4888E-14  9.6149E-14  9.4860E-14  9.1941E-14  8.8037E-14
  130   29    4  1.3015E-14  2.2873E-14  3.5254E-14  4.9013E-14  6.2855E-14  7.5861E-14  8.7091E-14  9.6226E-14  1.0320E-13  1.0807E-13  1.1098E-13
  131   30    4  1.1439E-14  1.8628E-14  2.6301E-14  3.3098E-14  3.7961E-14  4.0717E-14  4.1143E-14  3.9801E-14  3.7377E-14  3.4406E-14  3.1184E-14
  132   31    4  8.6243E-15  1.4261E-14  2.0518E-14  2.6422E-14  3.1161E-14  3.4514E-14  3.6220E-14  3.6581E-14  3.6006E-14  3.4824E-14  3.3231E-14
  133   18    5  6.8979E-15  1.1164E-14  1.5643E-14  1.9488E-14  2.2051E-14  2.3161E-14  2.2769E-14  2.1223E-14  1.8966E-14  1.6380E-14  1.3716E-14
  134   19    5  2.0908E-15  3.3939E-15  4.7671E-15  5.9515E-15  6.7467E-15  7.0870E-15  6.9689E-15  6.4921E-15  5.7915E-15  4.9873E-15  4.1604E-15
  135   20    5  6.4130E-14  1.1207E-13  1.7120E-13  2.3507E-13  2.9657E-13  3.4982E-13  3.9122E-13  4.1942E-13  4.3481E-13  4.3899E-13  4.3422E-13
  136   21    5  2.2280E-14  3.9983E-14  6.3109E-14  9.0127E-14  1.1908E-13  1.4823E-13  1.7606E-13  2.0171E-13  2.2468E-13  2.4478E-13  2.6202E-13
  137   22    5  9.7750E-15  1.5901E-14  2.2374E-14  2.7977E-14  3.1758E-14  3.3395E-14  3.2873E-14  3.0651E-14  2.7364E-14  2.3579E-14  1.9681E-14
  138   23    5  3.8490E-14  6.7456E-14  1.0347E-13  1.4288E-13  1.8158E-13  2.1643E-13  2.4494E-13  2.6629E-13  2.8051E-13  2.8817E-13  2.9019E-13
  139   24    5  8.6865E-15  1.4151E-14  1.9944E-14  2.4981E-14  2.8412E-14  2.9946E-14  2.9550E-14  2.7631E-14  2.4748E-14  2.1399E-14  1.7931E-14
  140   25    5  5.6284E-14  1.0414E-13  1.6952E-13  2.4961E-13  3.3970E-13  4.3466E-13  5.2960E-13  6.2077E-13  7.0545E-13  7.8193E-13  8.4948E-13
  141   26    5  2.0036E-14  3.2657E-14  4.6043E-14  5.7690E-14  6.5628E-14  6.9183E-14  6.8277E-14  6.3851E-14  5.7191E-14  4.9457E-14  4.1443E-14
  142   27    5  2.2742E-14  3.9990E-14  6.1535E-14  8.5199E-14  1.0850E-13  1.2950E-13  1.4658E-13  1.5919E-13  1.6731E-13  1.7126E-13  1.7168E-13
  143   28    5  5.5365E-14  9.8357E-14  1.5304E-13  2.1442E-13  2.7653E-13  3.3434E-13  3.8359E-13  4.2241E-13  4.5022E-13  4.6736E-13  4.7500E-13
  144   29    5  7.2469E-15  1.1661E-14  1.6214E-14  2.0003E-14  2.2361E-14  2.3210E-14  2.2489E-14  2.0628E-14  1.8138E-14  1.5419E-14  1.2700E-14
  145   30    5  1.2883E-14  2.0736E-14  2.8837E-14  3.5582E-14  3.9779E-14  4.1294E-14  4.0012E-14  3.6704E-14  3.2274E-14  2.7437E-14  2.2598E-14
  146   31    5  2.6488E-14  4.7073E-14  7.3220E-14  1.0249E-13  1.3192E-13  1.5902E-13  1.8170E-13  1.9904E-13  2.1079E-13  2.1720E-13  2.1899E-13
  147   18    6  6.3805E-15  1.0890E-14  1.6364E-14  2.2282E-14  2.8140E-14  3.3617E-14  3.8502E-14  4.2752E-14  4.6428E-14  4.9603E-14  5.2329E-14
  148   19    6  4.0031E-15  6.6726E-15  9.7318E-15  1.2771E-14  1.5423E-14  1.7490E-14  1.8865E-14  1.9594E-14  1.9799E-14  1.9609E-14  1.9123E-14
  149   20    6  1.6515E-15  2.6596E-15  3.7177E-15  4.6315E-15  5.2518E-15  5.5220E-15  5.4468E-15  5.0961E-15  4.5679E-15  3.9533E-15  3.3166E-15
  150   21    6  1.1791E-14  1.9355E-14  2.7724E-14  3.5620E-14  4.1979E-14  4.6326E-14  4.8471E-14  4.8717E-14  4.7567E-14  4.5501E-14  4.2867E-14
  151   22    6  8.4123E-14  1.4342E-13  2.1404E-13  2.8748E-13  3.5516E-13  4.1085E-13  4.5111E-13  4.7546E-13  4.8536E-13  4.8330E-13  4.7214E-13
  152   23    6  4.7760E-14  8.0672E-14  1.1944E-13  1.5943E-13  1.9629E-13  2.2748E-13  2.5127E-13  2.6795E-13  2.7857E-13  2.8441E-13  2.8659E-13
  153   24    6  1.2665E-14  2.0976E-14  3.0375E-14  3.9551E-14  4.7373E-14  5.3371E-14  5.7185E-14  5.9103E-14  5.9582E-14  5.9053E-14  5.7826E-14
  154   25    6  9.8771E-15  1.5948E-14  2.2373E-14  2.8011E-14  3.1982E-14  3.4014E-14  3.4051E-14  3.2513E-14  2.9965E-14  2.6900E-14  2.3649E-14
  155   26    6  2.3788E-13  4.1736E-13  6.4369E-13  8.9728E-13  1.1557E-12  1.3998E-12  1.6160E-12  1.7976E-12  1.9431E-12  2.0545E-12  2.1362E-12
  156   27    6  1.4770E-14  2.4498E-14  3.5557E-14  4.6449E-14  5.5868E-14  6.3337E-14  6.8319E-14  7.1114E-14  7.2208E-14  7.2016E-14  7.0817E-14
  157   28    6  3.2368E-14  5.4270E-14  7.9673E-14  1.0535E-13  1.2837E-13  1.4720E-13  1.6082E-13  1.6963E-13  1.7455E-13  1.7655E-13  1.7644E-13
  158   29    6  6.6100E-15  1.0979E-14  1.5961E-14  2.0889E-14  2.5176E-14  2.8601E-14  3.0917E-14  3.2250E-14  3.2809E-14  3.2773E-14  3.2260E-14
  159   30    6  3.9277E-14  6.8944E-14  1.0645E-13  1.4859E-13  1.9160E-13  2.3256E-13  2.6860E-13  2.9847E-13  3.2169E-13  3.3828E-13  3.4858E-13
  160   31    6  1.0326E-14  1.7174E-14  2.5012E-14  3.2802E-14  3.9631E-14  4.5160E-14  4.8977E-14  5.1271E-14  5.2357E-14  5.2507E-14  5.1903E-14
  161   18    7  5.4173E-15  8.8029E-15  1.2487E-14  1.5895E-14  1.8569E-14  2.0316E-14  2.1110E-14  2.1115E-14  2.0582E-14  1.9744E-14  1.8765E-14
  162   19    7  3.8151E-15  6.0839E-15  8.4276E-15  1.0409E-14  1.1703E-14  1.2221E-14  1.1966E-14  1.1117E-14  9.9031E-15  8.5257E-15  7.1174E-15
  163   20    7  2.8421E-15  5.0616E-15  7.9804E-15  1.1448E-14  1.5268E-14  1.9262E-14  2.3253E-14  2.7112E-14  3.0752E-14  3.4105E-14  3.7128E-14
  164   21    7  1.1980E-14  1.9596E-14  2.8008E-14  3.5947E-14  4.2366E-14  4.6800E-14  4.9056E-14  4.9432E-14  4.8419E-14  4.6483E-14  4.3963E-14
  165   22    7  1.7032E-14  2.7345E-14  3.8186E-14  4.7630E-14  5.4214E-14  5.7508E-14  5.7439E-14  5.4731E-14  5.0342E-14  4.5107E-14  3.9577E-14
  166   23    7  3.2750E-14  5.5090E-14  8.1337E-14  1.0839E-13  1.3335E-13  1.5457E-13  1.7085E-13  1.8238E-13  1.8985E-13  1.9406E-13  1.9575E-13
  167   24    7  3.0395E-14  5.0581E-14  7.3746E-14  9.6874E-14  1.1729E-13  1.3362E-13  1.4504E-13  1.5200E-13  1.5539E-13  1.5618E-13  1.5513E-13
  168   25    7  7.9749E-14  1.3616E-13  2.0380E-13  2.7480E-13  3.4114E-13  3.9670E-13  4.3807E-13  4.6443E-13  4.7683E-13  4.7744E-13  4.6886E-13
  169   26    7  2.7705E-14  4.4109E-14  6.0977E-14  7.5140E-14  8.4277E-14  8.8006E-14  8.6216E-14  8.0328E-14  7.2054E-14  6.2790E-14  5.3376E-14
  170   27    7  1.1513E-14  1.9378E-14  2.8646E-14  3.8240E-14  4.7141E-14  5.4831E-14  6.0770E-14  6.4998E-14  6.7716E-14  6.9132E-14  6.9419E-14
  171   28    7  2.5001E-13  4.3822E-13  6.7598E-13  9.4325E-13  1.2168E-12  1.4766E-12  1.7080E-12  1.9036E-12  2.0614E-12  2.1830E-12  2.2727E-12
  172   29    7  1.1180E-14  1.8206E-14  2.5910E-14  3.3132E-14  3.8931E-14  4.3077E-14  4.5270E-14  4.5874E-14  4.5364E-14  4.4121E-14  4.2374E-14
  173   30    7  9.7469E-15  1.5408E-14  2.1146E-14  2.5863E-14  2.8778E-14  2.9917E-14  2.9162E-14  2.7085E-14  2.4306E-14  2.1281E-14  1.8241E-14
  174   31    7  4.0687E-14  7.1631E-14  1.1105E-13  1.5577E-13  2.0190E-13  2.4627E-13  2.8579E-13  3.1894E-13  3.4502E-13  3.6389E-13  3.7589E-13
  175   18    8  1.8049E-11  1.9277E-11  1.9878E-11  1.9931E-11  1.9547E-11  1.8835E-11  1.7894E-11  1.6819E-11  1.5676E-11  1.4520E-11  1.3386E-11
  176   19    8  1.6294E-12  1.9213E-12  2.1987E-12  2.4558E-12  2.6887E-12  2.8971E-12  3.0765E-12  3.2273E-12  3.3516E-12  3.4488E-12  3.5233E-12
  177   20    8  7.4465E-14  7.1661E-14  6.5844E-14  5.8177E-14  4.9699E-14  4.1411E-14  3.3656E-14  2.6714E-14  2.0834E-14  1.5945E-14  1.1980E-14
  178   21    8  3.8311E-12  4.5115E-12  5.1568E-12  5.7544E-12  6.2953E-12  6.7797E-12  7.1963E-12  7.5470E-12  7.8360E-12  8.0624E-12  8.2360E-12
  179   22    8  6.7111E-12  7.9713E-12  9.1839E-12  1.0322E-11  1.1364E-11  1.2309E-11  1.3131E-11  1.3831E-11  1.4417E-11  1.4884E-11  1.5251E-11
  180   23    8  4.6005E-12  5.0523E-12  5.3647E-12  5.5454E-12  5.6101E-12  5.5845E-12  5.4772E-12  5.3077E-12  5.0946E-12  4.8480E-12  4.5813E-12
  181   24    8  4.2936E-12  4.7298E-12  5.0370E-12  5.2210E-12  5.2952E-12  5.2827E-12  5.1912E-12  5.0391E-12  4.8437E-12  4.6148E-12  4.3654E-12
  182   25    8  9.2794E-13  1.0764E-12  1.2147E-12  1.3412E-12  1.4553E-12  1.5581E-12  1.6470E-12  1.7226E-12  1.7861E-12  1.8366E-12  1.8764E-12
  183   26    8  9.7894E-12  1.0792E-11  1.1500E-11  1.1927E-11  1.2103E-11  1.2079E-11  1.1875E-11  1.1531E-11  1.1088E-11  1.0567E-11  9.9991E-12
  184   27    8  3.5028E-12  3.7204E-12  3.8145E-12  3.8040E-12  3.7125E-12  3.5639E-12  3.3768E-12  3.1677E-12  2.9497E-12  2.7316E-12  2.5197E-12
  185   28    8  2.7741E-12  3.0328E-12  3.2059E-12  3.2998E-12  3.3252E-12  3.2985E-12  3.2251E-12  3.1169E-12  2.9850E-12  2.8352E-12  2.6751E-12
  186   29    8  3.9810E-12  4.2713E-12  4.4237E-12  4.4554E-12  4.3898E-12  4.2507E-12  4.0603E-12  3.8373E-12  3.5967E-12  3.3503E-12  3.1065E-12
  187   30    8  7.1466E-12  7.6703E-12  7.9462E-12  8.0049E-12  7.8884E-12  7.6396E-12  7.2983E-12  6.8980E-12  6.4661E-12  6.0233E-12  5.5854E-12
  188   31    8  2.8386E-12  2.9971E-12  3.0544E-12  3.0274E-12  2.9370E-12  2.8038E-12  2.6426E-12  2.4667E-12  2.2868E-12  2.1093E-12  1.9389E-12
  189   18    9  1.2481E-12  1.4435E-12  1.6251E-12  1.7910E-12  1.9402E-12  2.0742E-12  2.1893E-12  2.2860E-12  2.3656E-12  2.4278E-12  2.4744E-12
  190   19    9  1.8325E-11  1.9515E-11  2.0069E-11  2.0074E-11  1.9640E-11  1.8880E-11  1.7899E-11  1.6790E-11  1.5618E-11  1.4438E-11  1.3287E-11
  191   20    9  4.8300E-14  4.6317E-14  4.2442E-14  3.7399E-14  3.1883E-14  2.6571E-14  2.1576E-14  1.7116E-14  1.3350E-14  1.0223E-14  7.6521E-15
  192   21    9  2.2766E-13  2.1875E-13  2.0078E-13  1.7733E-13  1.5146E-13  1.2611E-13  1.0249E-13  8.1344E-14  6.3427E-14  4.8506E-14  3.6486E-14
  193   22    9  2.2731E-12  2.4889E-12  2.6372E-12  2.7216E-12  2.7503E-12  2.7372E-12  2.6836E-12  2.6005E-12  2.4972E-12  2.3776E-12  2.2486E-12
  194   23    9  3.5942E-13  3.4361E-13  3.1354E-13  2.7482E-13  2.3276E-13  1.9273E-13  1.5530E-13  1.2212E-13  9.4380E-14  7.1520E-14  5.2863E-14
  195   24    9  2.7954E-11  3.1958E-11  3.5467E-11  3.8461E-11  4.0946E-11  4.2964E-11  4.4541E-11  4.5722E-11  4.6558E-11  4.7082E-11  4.7359E-11
  196   25    9  2.6624E-13  2.5673E-13  2.3641E-13  2.0943E-13  1.7940E-13  1.4978E-13  1.2205E-13  9.7137E-14  7.5947E-14  5.8254E-14  4.3959E-14
  197   26    9  2.6167E-12  2.7951E-12  2.8832E-12  2.8931E-12  2.8404E-12  2.7412E-12  2.6097E-12  2.4578E-12  2.2957E-12  2.1305E-12  1.9683E-12
  198   27    9  6.6638E-13  6.4079E-13  5.8833E-13  5.1912E-13  4.4281E-13  3.6886E-13  2.9919E-13  2.3695E-13  1.8435E-13  1.4070E-13  1.0497E-13
  199   28    9  4.7331E-13  4.5356E-13  4.1479E-13  3.6448E-13  3.0946E-13  2.5651E-13  2.0710E-13  1.6315E-13  1.2628E-13  9.5781E-14  7.1084E-14
  200   29    9  2.5962E-11  2.8487E-11  3.0219E-11  3.1189E-11  3.1501E-11  3.1297E-11  3.0620E-11  2.9600E-11  2.8336E-11  2.6904E-11  2.5348E-11
  201   30    9  2.0032E-12  2.1593E-12  2.2540E-12  2.2946E-12  2.2907E-12  2.2566E-12  2.1939E-12  2.1104E-12  2.0141E-12  1.9072E-12  1.7942E-12
  202   31    9  1.0348E-12  9.9451E-13  9.1248E-13  8.0451E-13  6.8567E-13  5.7088E-13  4.6276E-13  3.6619E-13  2.8472E-13  2.1705E-13  1.6168E-13
  203   18   10  2.2671E-13  2.1739E-13  1.9918E-13  1.7559E-13  1.4974E-13  1.2459E-13  1.0114E-13  8.0209E-14  6.2510E-14  4.7815E-14  3.5912E-14
  204   19   10  5.6427E-14  5.3859E-14  4.9089E-14  4.3004E-14  3.6417E-14  3.0129E-14  2.4283E-14  1.9103E-14  1.4771E-14  1.1200E-14  8.3043E-15
  205   20   10  1.8118E-11  1.9332E-11  1.9921E-11  1.9965E-11  1.9574E-11  1.8856E-11  1.7912E-11  1.6835E-11  1.5689E-11  1.4532E-11  1.3396E-11
  206   21   10  3.4164E-12  3.9939E-12  4.5355E-12  5.0316E-12  5.4762E-12  5.8708E-12  6.2067E-12  6.4864E-12  6.7142E-12  6.8895E-12  7.0211E-12
  207   22   10  2.6259E-13  2.5121E-13  2.2940E-13  2.0132E-13  1.7076E-13  1.4145E-13  1.1415E-13  8.9913E-14  6.9600E-14  5.2829E-14  3.9229E-14
  208   23   10  8.1097E-12  8.9113E-12  9.4708E-12  9.8004E-12  9.9258E-12  9.8902E-12  9.7089E-12  9.4157E-12  9.0431E-12  8.6095E-12  8.1389E-12
  209   24   10  1.8112E-13  1.7382E-13  1.5924E-13  1.4020E-13  1.1929E-13  9.9040E-14  8.0092E-14  6.3213E-14  4.8997E-14  3.7235E-14  2.7696E-14
  210   25   10  9.8228E-12  1.1669E-11  1.3445E-11  1.5108E-11  1.6628E-11  1.7999E-11  1.9187E-11  2.0195E-11  2.1032E-11  2.1694E-11  2.2208E-11
  211   26   10  4.1569E-13  3.9914E-13  3.6580E-13  3.2214E-13  2.7415E-13  2.2764E-13  1.8411E-13  1.4531E-13  1.1263E-13  8.5593E-14  6.3665E-14
  212   27   10  7.0617E-12  7.5809E-12  7.8597E-12  7.9273E-12  7.8231E-12  7.5872E-12  7.2593E-12  6.8716E-12  6.4504E-12  6.0166E-12  5.5860E-12
  213   28   10  1.3210E-11  1.4557E-11  1.5511E-11  1.6089E-11  1.6330E-11  1.6302E-11  1.6030E-11  1.5568E-11  1.4971E-11  1.4269E-11  1.3502E-11
  214   29   10  5.7049E-13  5.4743E-13  5.0143E-13  4.4133E-13  3.7539E-13  3.1180E-13  2.5217E-13  1.9904E-13  1.5434E-13  1.1732E-13  8.7185E-14
  215   30   10  1.0222E-12  9.8111E-13  8.9885E-13  7.9124E-13  6.7311E-13  5.5913E-13  4.5223E-13  3.5698E-13  2.7682E-13  2.1043E-13  1.5637E-13
  216   31   10  9.0411E-12  9.7384E-12  1.0129E-11  1.0247E-11  1.0141E-11  9.8603E-12  9.4558E-12  8.9694E-12  8.4347E-12  7.8798E-12  7.3260E-12
  217   18   11  1.0189E-12  1.1720E-12  1.3131E-12  1.4410E-12  1.5554E-12  1.6579E-12  1.7457E-12  1.8192E-12  1.8796E-12  1.9268E-12  1.9619E-12
  218   19   11  7.5868E-14  7.2882E-14  6.6882E-14  5.9061E-14  5.0438E-14  4.1992E-14  3.4123E-14  2.7082E-14  2.1115E-14  1.6147E-14  1.2145E-14
  219   20   11  2.6845E-13  3.0601E-13  3.3992E-13  3.7011E-13  3.9672E-13  4.2036E-13  4.4041E-13  4.5706E-13  4.7066E-13  4.8116E-13  4.8886E-13
  220   21   11  1.8561E-11  1.9753E-11  2.0302E-11  2.0294E-11  1.9845E-11  1.9069E-11  1.8071E-11  1.6945E-11  1.5757E-11  1.4563E-11  1.3400E-11
  221   22   11  1.5499E-12  1.6720E-12  1.7461E-12  1.7773E-12  1.7730E-12  1.7440E-12  1.6921E-12  1.6247E-12  1.5478E-12  1.4636E-12  1.3762E-12
  222   23   11  2.2339E-11  2.5498E-11  2.8256E-11  3.0600E-11  3.2540E-11  3.4111E-11  3.5334E-11  3.6246E-11  3.6888E-11  3.7285E-11  3.7490E-11
  223   24   11  5.7801E-12  6.5737E-12  7.2610E-12  7.8408E-12  8.3172E-12  8.7009E-12  8.9978E-12  9.2175E-12  9.3708E-12  9.4639E-12  9.5097E-12
  224   25   11  9.2519E-13  1.0005E-12  1.0472E-12  1.0682E-12  1.0677E-12  1.0522E-12  1.0226E-12  9.8329E-13  9.3797E-13  8.8797E-13  8.3578E-13
  225   26   11  1.7087E-12  1.7902E-12  1.8109E-12  1.7824E-12  1.7174E-12  1.6291E-12  1.5261E-12  1.4159E-12  1.3050E-12  1.1967E-12  1.0940E-12
  226   27   11  1.8990E-11  2.0790E-11  2.2009E-11  2.2671E-11  2.2857E-11  2.2674E-11  2.2153E-11  2.1389E-11  2.0455E-11  1.9404E-11  1.8268E-11
  227   28   11  1.7001E-12  1.8244E-12  1.8950E-12  1.9199E-12  1.9084E-12  1.8708E-12  1.8143E-12  1.7455E-12  1.6702E-12  1.5918E-12  1.5137E-12
  228   29   11  7.2478E-12  7.9021E-12  8.3316E-12  8.5498E-12  8.5902E-12  8.4952E-12  8.2772E-12  7.9726E-12  7.6087E-12  7.2050E-12  6.7731E-12
  229   30   11  1.6725E-12  1.7235E-12  1.7166E-12  1.6661E-12  1.5863E-12  1.4942E-12  1.3923E-12  1.2876E-12  1.1865E-12  1.0891E-12  9.9677E-13
  230   31   11  1.8145E-12  1.9234E-12  1.9733E-12  1.9738E-12  1.9368E-12  1.8769E-12  1.7966E-12  1.7038E-12  1.6054E-12  1.5035E-12  1.4006E-12
  231   18   12  1.4319E-12  1.6652E-12  1.8852E-12  2.0885E-12  2.2731E-12  2.4397E-12  2.5838E-12  2.7052E-12  2.8056E-12  2.8843E-12  2.9438E-12
  232   19   12  5.6800E-13  6.1854E-13  6.5251E-13  6.7097E-13  6.7598E-13  6.7096E-13  6.5628E-13  6.3463E-13  6.0824E-13  5.7806E-13  5.4576E-13
  233   20   12  4.8620E-14  4.6431E-14  4.2405E-14  3.7268E-14  3.1702E-14  2.6370E-14  2.1380E-14  1.6939E-14  1.3197E-14  1.0095E-14  7.5521E-15
  234   21   12  1.1142E-12  1.1985E-12  1.2493E-12  1.2701E-12  1.2662E-12  1.2448E-12  1.2073E-12  1.1587E-12  1.1034E-12  1.0429E-12  9.8005E-13
  235   22   12  2.0030E-11  2.1285E-11  2.1858E-11  2.1841E-11  2.1359E-11  2.0532E-11  1.9469E-11  1.8271E-11  1.7006E-11  1.5733E-11  1.4491E-11
  236   23   12  4.1034E-12  4.5549E-12  4.9141E-12  5.1883E-12  5.3877E-12  5.5259E-12  5.6113E-12  5.6531E-12  5.6608E-12  5.6395E-12  5.5975E-12
  237   24   12  1.4158E-12  1.5245E-12  1.5902E-12  1.6186E-12  1.6166E-12  1.5916E-12  1.5499E-12  1.4968E-12  1.4367E-12  1.3729E-12  1.3084E-12
  238   25   12  4.2105E-13  4.3536E-13  4.3552E-13  4.2483E-13  4.0658E-13  3.8454E-13  3.5980E-13  3.3408E-13  3.0889E-13  2.8445E-13  2.6140E-13
  239   26   12  2.7305E-11  3.0969E-11  3.4124E-11  3.6767E-11  3.8918E-11  4.0626E-11  4.1925E-11  4.2862E-11  4.3489E-11  4.3838E-11  4.3973E-11
  240   27   12  4.2516E-12  4.5456E-12  4.7058E-12  4.7483E-12  4.6977E-12  4.5837E-12  4.4132E-12  4.2065E-12  3.9788E-12  3.7387E-12  3.4915E-12
  241   28   12  2.4549E-12  2.7091E-12  2.9065E-12  3.0528E-12  3.1555E-12  3.2240E-12  3.2631E-12  3.2786E-12  3.2764E-12  3.2590E-12  3.2311E-12
  242   29   12  1.8262E-12  1.9601E-12  2.0378E-12  2.0661E-12  2.0541E-12  2.0147E-12  1.9499E-12  1.8677E-12  1.7749E-12  1.6746E-12  1.5698E-12
  243   30   12  2.2049E-11  2.4026E-11  2.5334E-11  2.6010E-11  2.6151E-11  2.5881E-11  2.5236E-11  2.4326E-11  2.3230E-11  2.2009E-11  2.0699E-11
  244   31   12  3.2438E-12  3.4662E-12  3.5860E-12  3.6159E-12  3.5750E-12  3.4859E-12  3.3541E-12  3.1952E-12  3.0208E-12  2.8373E-12  2.6489E-12
  245   18   13  3.1500E-13  3.2671E-13  3.2822E-13  3.2172E-13  3.0959E-13  2.9436E-13  2.7690E-13  2.5854E-13  2.4030E-13  2.2252E-13  2.0548E-13
  246   19   13  5.8184E-14  5.5383E-14  5.0410E-14  4.4164E-14  3.7441E-14  3.1027E-14  2.5073E-14  1.9791E-14  1.5362E-14  1.1694E-14  8.7207E-15
  247   20   13  1.4874E-13  1.5788E-13  1.6241E-13  1.6299E-13  1.6052E-13  1.5602E-13  1.4980E-13  1.4255E-13  1.3477E-13  1.2670E-13  1.1853E-13
  248   21   13  8.8669E-13  9.7138E-13  1.0363E-12  1.0836E-12  1.1166E-12  1.1394E-12  1.1518E-12  1.1563E-12  1.1548E-12  1.1480E-12  1.1367E-12
  249   22   13  5.3317E-13  5.4552E-13  5.4062E-13  5.2330E-13  4.9822E-13  4.7013E-13  4.4060E-13  4.1140E-13  3.8414E-13  3.5893E-13  3.3598E-13
  250   23   13  1.7784E-11  1.8803E-11  1.9212E-11  1.9105E-11  1.8594E-11  1.7793E-11  1.6799E-11  1.5699E-11  1.4554E-11  1.3413E-11  1.2310E-11
  251   24   13  5.7789E-13  5.9605E-13  5.9529E-13  5.7995E-13  5.5480E-13  5.2534E-13  4.9207E-13  4.5757E-13  4.2389E-13  3.9123E-13  3.5996E-13
  252   25   13  3.2140E-13  3.3412E-13  3.3648E-13  3.3083E-13  3.1962E-13  3.0538E-13  2.8917E-13  2.7212E-13  2.5528E-13  2.3898E-13  2.2346E-13
  253   26   13  1.1906E-12  1.1965E-12  1.1610E-12  1.0964E-12  1.0149E-12  9.2970E-13  8.4241E-13  7.5820E-13  6.8115E-13  6.1092E-13  5.4742E-13
  254   27   13  8.5390E-11  9.4415E-11  1.0135E-10  1.0633E-10  1.0962E-10  1.1151E-10  1.1225E-10  1.1210E-10  1.1124E-10  1.0987E-10  1.0812E-10
  255   28   13  6.2000E-13  6.2167E-13  6.0206E-13  5.6753E-13  5.2466E-13  4.8066E-13  4.3561E-13  3.9232E-13  3.5291E-13  3.1705E-13  2.8441E-13
  256   29   13  7.2316E-12  7.9178E-12  8.4178E-12  8.7499E-12  8.9430E-12  9.0265E-12  9.0207E-12  8.9486E-12  8.8283E-12  8.6738E-12  8.4945E-12
  257   30   13  2.0956E-12  2.0748E-12  1.9792E-12  1.8327E-12  1.6601E-12  1.4868E-12  1.3147E-12  1.1537E-12  1.0109E-12  8.8490E-13  7.7388E-13
  258   31   13  9.6821E-13  9.7158E-13  9.4264E-13  8.9098E-13  8.2715E-13  7.6295E-13  6.9677E-13  6.3344E-13  5.7622E-13  5.2426E-13  4.7654E-13
  259   18   14  4.1544E-13  4.3858E-13  4.4878E-13  4.4812E-13  4.3922E-13  4.2504E-13  4.0647E-13  3.8540E-13  3.6320E-13  3.4049E-13  3.1779E-13
  260   19   14  5.5755E-13  6.1945E-13  6.6983E-13  7.0926E-13  7.3918E-13  7.6166E-13  7.7646E-13  7.8503E-13  7.8854E-13  7.8756E-13  7.8267E-13
  261   20   14  5.0641E-14  4.8438E-14  4.4306E-14  3.9036E-14  3.3285E-14  2.7665E-14  2.2462E-14  1.7818E-14  1.3886E-14  1.0615E-14  7.9917E-15
  262   21   14  4.7421E-13  5.0414E-13  5.2189E-13  5.3000E-13  5.3127E-13  5.2886E-13  5.2303E-13  5.1513E-13  5.0633E-13  4.9672E-13  4.8650E-13
  263   22   14  4.8753E-13  5.0269E-13  5.0153E-13  4.8794E-13  4.6591E-13  4.3946E-13  4.1041E-13  3.8054E-13  3.5148E-13  3.2378E-13  2.9776E-13
  264   23   14  9.7305E-13  1.0041E-12  1.0033E-12  9.7803E-13  9.3616E-13  8.8693E-13  8.3119E-13  7.7330E-13  7.1670E-13  6.6174E-13  6.0909E-13
  265   24   14  1.7433E-11  1.8443E-11  1.8854E-11  1.8757E-11  1.8263E-11  1.7481E-11  1.6508E-11  1.5429E-11  1.4305E-11  1.3184E-11  1.2100E-11
  266   25   14  2.8240E-13  2.8243E-13  2.7292E-13  2.5712E-13  2.3796E-13  2.1839E-13  1.9925E-13  1.8142E-13  1.6575E-13  1.5206E-13  1.4034E-13
  267   26   14  8.2424E-13  8.2633E-13  8.0025E-13  7.5445E-13  6.9767E-13  6.3956E-13  5.8002E-13  5.2280E-13  4.7073E-13  4.2330E-13  3.8006E-13
  268   27   14  1.3640E-12  1.3866E-12  1.3624E-12  1.3030E-12  1.2222E-12  1.1341E-12  1.0400E-12  9.4713E-13  8.5996E-13  7.7921E-13  7.0421E-13
  269   28   14  9.4687E-13  9.4845E-13  9.1673E-13  8.6181E-13  7.9364E-13  7.2275E-13  6.5085E-13  5.8200E-13  5.1942E-13  4.6285E-13  4.1223E-13
  270   29   14  9.1355E-11  1.0105E-10  1.0851E-10  1.1388E-10  1.1745E-10  1.1951E-10  1.2034E-10  1.2020E-10  1.1931E-10  1.1786E-10  1.1600E-10
  271   30   14  1.0395E-12  1.0434E-12  1.0128E-12  9.5789E-13  8.9000E-13  8.2224E-13  7.5170E-13  6.8383E-13  6.2223E-13  5.6578E-13  5.1327E-13
  272   31   14  1.9778E-12  1.9511E-12  1.8527E-12  1.7062E-12  1.5352E-12  1.3640E-12  1.1953E-12  1.0386E-12  9.0022E-13  7.7919E-13  6.7368E-13
  273   18   15  4.2753E-13  4.7254E-13  5.1037E-13  5.4201E-13  5.6863E-13  5.9196E-13  6.1122E-13  6.2690E-13  6.3965E-13  6.4924E-13  6.5598E-13
  274   19   15  8.9194E-14  8.5311E-14  7.8040E-14  6.8762E-14  5.8641E-14  4.8773E-14  3.9619E-14  3.1448E-14  2.4531E-14  1.8778E-14  1.4146E-14
  275   20   15  1.0598E-12  1.2452E-12  1.4223E-12  1.5876E-12  1.7386E-12  1.8752E-12  1.9936E-12  2.0936E-12  2.1761E-12  2.2409E-12  2.2900E-12
  276   21   15  1.1846E-12  1.2753E-12  1.3307E-12  1.3543E-12  1.3516E-12  1.3302E-12  1.2914E-12  1.2405E-12  1.1822E-12  1.1180E-12  1.0512E-12
  277   22   15  7.2423E-13  7.4812E-13  7.4799E-13  7.2948E-13  6.9816E-13  6.6041E-13  6.1806E-13  5.7402E-13  5.3087E-13  4.8897E-13  4.4939E-13
  278   23   15  3.4074E-12  3.7291E-12  3.9612E-12  4.1132E-12  4.1970E-12  4.2265E-12  4.2130E-12  4.1666E-12  4.0967E-12  4.0095E-12  3.9124E-12
  279   24   15  2.0504E-12  2.2742E-12  2.4549E-12  2.5964E-12  2.7039E-12  2.7843E-12  2.8402E-12  2.8759E-12  2.8953E-12  2.9003E-12  2.8943E-12
  280   25   15  2.0260E-11  2.1539E-11  2.2132E-11  2.2132E-11  2.1661E-11  2.0841E-11  1.9781E-11  1.8580E-11  1.7309E-11  1.6026E-11  1.4772E-11
  281   26   15  8.6925E-13  8.7213E-13  8.4375E-13  7.9328E-13  7.2980E-13  6.6240E-13  5.9394E-13  5.2814E-13  4.6795E-13  4.1364E-13  3.6529E-13
  282   27   15  4.0086E-12  4.3307E-12  4.5316E-12  4.6221E-12  4.6210E-12  4.5535E-12  4.4246E-12  4.2528E-12  4.0527E-12  3.8327E-12  3.5997E-12
  283   28   15  2.9521E-11  3.3458E-11  3.6843E-11  3.9675E-11  4.1974E-11  4.3793E-11  4.5169E-11  4.6155E-11  4.6806E-11  4.7158E-11  4.7279E-11
  284   29   15  2.6199E-12  2.7662E-12  2.8281E-12  2.8190E-12  2.7564E-12  2.6603E-12  2.5354E-12  2.3943E-12  2.2461E-12  2.0953E-12  1.9443E-12
  285   30   15  1.1172E-12  1.1007E-12  1.0435E-12  9.5950E-13  8.6177E-13  7.6391E-13  6.6811E-13  5.7915E-13  5.0072E-13  4.3208E-13  3.7251E-13
  286   31   15  2.3926E-11  2.6076E-11  2.7504E-11  2.8252E-11  2.8419E-11  2.8138E-11  2.7449E-11  2.6469E-11  2.5285E-11  2.3963E-11  2.2542E-11
  287   18   16  4.2619E-13  4.4969E-13  4.6003E-13  4.5932E-13  4.5023E-13  4.3576E-13  4.1680E-13  3.9527E-13  3.7256E-13  3.4932E-13  3.2606E-13
  288   19   16  1.0677E-13  1.1040E-13  1.1051E-13  1.0787E-13  1.0332E-13  9.7682E-14  9.1363E-14  8.4765E-14  7.8237E-14  7.1950E-14  6.5966E-14
  289   20   16  5.0921E-14  4.8639E-14  4.4439E-14  3.9119E-14  3.3330E-14  2.7687E-14  2.2468E-14  1.7815E-14  1.3879E-14  1.0606E-14  7.9830E-15
  290   21   16  2.7156E-13  2.7231E-13  2.6366E-13  2.4846E-13  2.2939E-13  2.0905E-13  1.8852E-13  1.6873E-13  1.5055E-13  1.3410E-13  1.1941E-13
  291   22   16  1.2596E-12  1.3619E-12  1.4329E-12  1.4773E-12  1.5007E-12  1.5099E-12  1.5064E-12  1.4934E-12  1.4743E-12  1.4500E-12  1.4218E-12
  292   23   16  8.7677E-13  8.8134E-13  8.5602E-13  8.0958E-13  7.5086E-13  6.8933E-13  6.2610E-13  5.6493E-13  5.0876E-13  4.5738E-13  4.1073E-13
  293   24   16  3.6430E-13  3.6518E-13  3.5382E-13  3.3389E-13  3.0916E-13  2.8384E-13  2.5784E-13  2.3280E-13  2.0996E-13  1.8910E-13  1.7003E-13
  294   25   16  1.9086E-13  1.8536E-13  1.7283E-13  1.5590E-13  1.3695E-13  1.1829E-13  1.0054E-13  8.4380E-14  7.0431E-14  5.8519E-14  4.8533E-14
  295   26   16  1.8523E-11  1.9561E-11  1.9969E-11  1.9843E-11  1.9303E-11  1.8466E-11  1.7432E-11  1.6289E-11  1.5103E-11  1.3921E-11  1.2779E-11
  296   27   16  5.8199E-12  6.2386E-12  6.4979E-12  6.6236E-12  6.6480E-12  6.6044E-12  6.5063E-12  6.3735E-12  6.2209E-12  6.0563E-12  5.8845E-12
  297   28   16  6.2811E-13  6.2394E-13  5.9798E-13  5.5723E-13  5.0865E-13  4.5970E-13  4.1074E-13  3.6453E-13  3.2317E-13  2.8621E-13  2.5329E-13
  298   29   16  8.8525E-13  9.1153E-13  9.1047E-13  8.8873E-13  8.5409E-13  8.1522E-13  7.7152E-13  7.2702E-13  6.8450E-13  6.4394E-13  6.0499E-13
  299   30   16  8.6676E-11  9.5672E-11  1.0254E-10  1.0744E-10  1.1065E-10  1.1244E-10  1.1309E-10  1.1285E-10  1.1192E-10  1.1048E-10  1.0866E-10
  300   31   16  4.1812E-12  4.5065E-12  4.7195E-12  4.8363E-12  4.8788E-12  4.8695E-12  4.8175E-12  4.7370E-12  4.6389E-12  4.5293E-12  4.4117E-12
  301   18   17  2.5672E-13  2.6116E-13  2.5707E-13  2.4673E-13  2.3239E-13  2.1631E-13  1.9934E-13  1.8248E-13  1.6653E-13  1.5162E-13  1.3793E-13
  302   19   17  7.2396E-14  6.8928E-14  6.2771E-14  5.5057E-14  4.6739E-14  3.8741E-14  3.1349E-14  2.4782E-14  1.9260E-14  1.4679E-14  1.0993E-14
  303   20   17  2.1884E-13  2.3559E-13  2.4583E-13  2.5019E-13  2.4973E-13  2.4578E-13  2.3865E-13  2.2942E-13  2.1882E-13  2.0731E-13  1.9520E-13
  304   21   17  2.9348E-13  2.9824E-13  2.9315E-13  2.8088E-13  2.6409E-13  2.4534E-13  2.2573E-13  2.0629E-13  1.8796E-13  1.7097E-13  1.5540E-13
  305   22   17  4.1920E-13  4.2245E-13  4.1190E-13  3.9185E-13  3.6639E-13  3.3966E-13  3.1272E-13  2.8700E-13  2.6375E-13  2.4290E-13  2.2441E-13
  306   23   17  6.3095E-13  6.3139E-13  6.1052E-13  5.7480E-13  5.3087E-13  4.8596E-13  4.4012E-13  3.9615E-13  3.5617E-13  3.1981E-13  2.8674E-13
  307   24   17  5.8619E-13  5.8734E-13  5.6827E-13  5.3509E-13  4.9382E-13  4.5080E-13  4.0706E-13  3.6505E-13  3.2673E-13  2.9195E-13  2.6071E-13
  308   25   17  1.0417E-12  1.1382E-12  1.2098E-12  1.2593E-12  1.2906E-12  1.3087E-12  1.3144E-12  1.3107E-12  1.3001E-12  1.2836E-12  1.2625E-12
  309   26   17  8.8448E-13  8.7907E-13  8.4306E-13  7.8624E-13  7.1835E-13  6.4988E-13  5.8129E-13  5.1647E-13  4.5839E-13  4.0641E-13  3.6005E-13
  310   27   17  1.5636E-12  1.6339E-12  1.6579E-12  1.6455E-12  1.6087E-12  1.5605E-12  1.5013E-12  1.4375E-12  1.3738E-12  1.3110E-12  1.2490E-12
  311   28   17  1.8300E-11  1.9343E-11  1.9763E-11  1.9654E-11  1.9134E-11  1.8317E-11  1.7302E-11  1.6177E-11  1.5006E-11  1.3838E-11  1.2707E-11
  312   29   17  5.2510E-12  5.6366E-12  5.8791E-12  6.0013E-12  6.0319E-12  5.9996E-12  5.9178E-12  5.8038E-12  5.6710E-12  5.5268E-12  5.3755E-12
  313   30   17  1.2755E-12  1.2592E-12  1.1983E-12  1.1073E-12  1.0015E-12  8.9727E-13  7.9352E-13  6.9683E-13  6.1141E-13  5.3619E-13  4.6937E-13
  314   31   17  8.9577E-11  9.8902E-11  1.0603E-10  1.1113E-10  1.1447E-10  1.1636E-10  1.1705E-10  1.1682E-10  1.1587E-10  1.1440E-10  1.1253E-10
