26 22 26  8.12532E+02  8.25908E+02  1.34988E+03  6.40483E-01  2.23529E+00  3.49000E+00  6.63500E-01  2.18500E+00  3.29314E+00  7.13852E-01  2.23760E+00  3.13454E+00
27 22 26  8.94349E+02  9.09663E+02  1.47487E+03  7.33750E-01  2.20663E+00  3.00733E+00  6.63000E-01  1.88400E+00  2.84163E+00  7.10398E-01  1.93001E+00  2.71680E+00
28 22 26  9.79979E+02  9.97494E+02  1.60597E+03  8.29232E-01  2.16883E+00  2.61546E+00  6.54800E-01  1.61500E+00  2.46640E+00  6.99316E-01  1.65574E+00  2.36765E+00
29 22 26  1.06942E+03  1.08944E+03  1.74322E+03  9.25345E-01  2.12500E+00  2.29644E+00  6.47600E-01  1.40400E+00  2.16800E+00  6.89460E-01  1.43923E+00  2.08748E+00
30 22 26  1.16268E+03  1.18552E+03  1.88664E+03  1.02044E+00  2.07659E+00  2.03500E+00  6.33500E-01  1.21600E+00  1.91949E+00  6.72969E-01  1.24659E+00  1.85237E+00
31 22 26  1.25976E+03  1.28580E+03  2.03629E+03  1.11303E+00  2.02695E+00  1.82110E+00  6.16400E-01  1.05700E+00  1.71480E+00  6.53494E-01  1.08387E+00  1.65858E+00
32 22 26  1.36065E+03  1.39031E+03  2.19219E+03  1.20227E+00  1.97712E+00  1.64449E+00  5.95800E-01  9.19500E-01  1.54330E+00  6.30941E-01  9.43275E-01  1.49503E+00
33 22 26  1.46536E+03  1.49909E+03  2.35439E+03  1.28688E+00  1.92786E+00  1.49809E+00  5.74000E-01  8.06100E-01  1.40436E+00  6.06786E-01  8.27121E-01  1.36312E+00
34 22 26  1.57389E+03  1.61217E+03  2.52295E+03  1.36716E+00  1.88025E+00  1.37530E+00  5.51400E-01  7.08800E-01  1.28546E+00  5.82278E-01  7.27424E-01  1.24927E+00
35 22 26  1.68625E+03  1.72960E+03  2.69789E+03  1.44210E+00  1.83484E+00  1.27234E+00  5.27200E-01  6.25200E-01  1.18589E+00  5.56342E-01  6.41691E-01  1.15341E+00
36 22 26  1.80244E+03  1.85143E+03  2.87928E+03  1.51160E+00  1.79126E+00  1.18501E+00  5.02600E-01  5.53300E-01  1.10088E+00  5.30090E-01  5.68008E-01  1.07153E+00
37 22 26  1.92246E+03  1.97771E+03  3.06716E+03  1.57621E+00  1.75120E+00  1.11102E+00  4.78200E-01  4.91700E-01  1.02823E+00  5.04132E-01  5.04918E-01  1.00156E+00
38 22 26  2.04633E+03  2.10846E+03  3.26158E+03  1.63597E+00  1.71382E+00  1.04758E+00  4.54200E-01  4.38700E-01  9.65874E-01  4.78678E-01  4.50512E-01  9.41159E-01
39 22 26  2.17403E+03  2.24376E+03  3.46261E+03  1.69101E+00  1.67906E+00  9.92933E-01  4.30800E-01  3.92700E-01  9.11560E-01  4.53901E-01  4.03363E-01  8.88659E-01
40 22 26  2.30559E+03  2.38364E+03  3.67028E+03  1.74157E+00  1.64698E+00  9.45690E-01  4.08100E-01  3.52800E-01  8.64494E-01  4.29984E-01  3.62420E-01  8.42868E-01
41 22 26  2.44101E+03  2.52817E+03  3.88468E+03  1.78762E+00  1.61731E+00  9.04725E-01  3.86400E-01  3.18000E-01  8.22981E-01  4.07022E-01  3.26718E-01  8.02703E-01
42 21 26  2.58028E+03  2.67739E+03  4.10586E+03  1.82981E+00  1.58987E+00  8.68872E-01  3.65100E-01  2.87200E-01  7.86634E-01  3.84573E-01  2.95150E-01  7.67474E-01
43 19 26  2.72343E+03  2.83136E+03  4.33388E+03  1.86808E+00  1.56470E+00  8.37598E-01  3.45700E-01  2.60800E-01  7.54411E-01  3.64181E-01  2.67975E-01  7.35828E-01
44 19 26  2.87045E+03  2.99014E+03  4.56880E+03  1.90244E+00  1.54150E+00  8.10278E-01  3.26900E-01  2.37200E-01  7.25604E-01  3.44299E-01  2.43741E-01  7.07934E-01
45 19 26  3.02135E+03  3.15379E+03  4.81071E+03  1.93255E+00  1.51893E+00  7.85971E-01  3.08900E-01  2.16100E-01  6.99579E-01  3.25338E-01  2.22107E-01  6.82696E-01
46 19 26  3.17615E+03  3.32238E+03  5.05967E+03  1.95948E+00  1.49920E+00  7.65099E-01  2.91900E-01  1.97500E-01  6.76602E-01  3.07480E-01  2.03080E-01  6.60465E-01
47 18 26  3.33485E+03  3.49596E+03  5.31576E+03  1.98240E+00  1.48118E+00  7.47167E-01  2.75600E-01  1.80700E-01  6.55660E-01  2.90253E-01  1.85791E-01  6.40103E-01
48 18 26  3.49747E+03  3.67462E+03  5.57905E+03  2.00084E+00  1.46476E+00  7.32073E-01  2.60600E-01  1.66300E-01  6.38143E-01  2.74469E-01  1.70977E-01  6.22938E-01
49 18 26  3.66403E+03  3.85843E+03  5.84963E+03  2.01380E+00  1.44970E+00  7.19881E-01  2.46000E-01  1.53100E-01  6.22358E-01  2.59167E-01  1.57414E-01  6.07385E-01
50 18 25  3.83452E+03  4.04743E+03  6.12756E+03  2.01902E+00  1.43594E+00  7.11208E-01  2.32000E-01  1.41200E-01  6.08621E-01  2.44447E-01  1.45226E-01  5.94102E-01
51 18 25  4.00900E+03  4.24174E+03  6.41296E+03  2.01113E+00  1.42344E+00  7.07779E-01  2.18100E-01  1.30500E-01  5.98349E-01  2.29953E-01  1.34244E-01  5.83788E-01
52 18 24  4.18755E+03  4.44143E+03  6.70592E+03  1.97619E+00  1.41212E+00  7.14569E-01  2.03100E-01  1.20600E-01  5.93796E-01  2.14524E-01  1.24049E-01  5.78254E-01
53 18 24  4.37031E+03  4.64656E+03  7.00651E+03  1.86496E+00  1.40198E+00  7.51748E-01  1.84200E-01  1.11800E-01  6.06949E-01  1.95792E-01  1.15078E-01  5.87755E-01
54 18 25  4.55807E+03  4.85723E+03  7.31482E+03  1.44727E+00  1.39302E+00  9.62520E-01  1.43700E-01  1.04200E-01  7.25122E-01  1.58613E-01  1.07183E-01  6.75752E-01
55 16 25  4.74114E+03  5.07353E+03  7.63100E+03  1.83340E+00  1.38523E+00  7.55556E-01  1.34700E-01  9.69600E-02  7.19822E-01  1.56722E-01  9.97729E-02  6.36622E-01
56 16 25  4.93742E+03  5.29555E+03  7.95510E+03  2.20479E+00  1.37874E+00  6.25336E-01  1.63100E-01  9.03900E-02  5.54200E-01  1.76221E-01  9.30230E-02  5.27878E-01
57 16 26  5.13621E+03  5.52338E+03  8.28727E+03  2.25678E+00  1.37346E+00  6.08592E-01  1.61100E-01  8.44000E-02  5.23898E-01  1.71770E-01  8.68618E-02  5.05687E-01
58 16 26  5.33862E+03  5.75712E+03  8.62759E+03  2.26776E+00  1.36972E+00  6.03997E-01  1.54700E-01  7.89400E-02  5.10278E-01  1.64182E-01  8.12398E-02  4.94815E-01
59 16 26  5.54491E+03  5.99687E+03  8.97620E+03  2.27185E+00  1.36748E+00  6.01922E-01  1.47600E-01  7.39500E-02  5.01016E-01  1.56347E-01  7.60997E-02  4.86735E-01
60 16 26  5.75512E+03  6.24270E+03  9.33318E+03  2.27470E+00  1.36736E+00  6.01117E-01  1.40400E-01  6.93200E-02  4.93732E-01  1.48537E-01  7.13373E-02  4.80267E-01
61 16 26  5.96937E+03  6.49476E+03  9.69874E+03  2.27713E+00  1.36952E+00  6.01423E-01  1.34100E-01  6.50200E-02  4.84862E-01  1.41820E-01  6.69227E-02  4.71884E-01
62 16 26  6.18761E+03  6.75309E+03  1.00729E+04  2.27935E+00  1.37447E+00  6.03007E-01  1.27500E-01  6.13300E-02  4.81020E-01  1.34842E-01  6.31206E-02  4.68106E-01
63 16 26  6.40991E+03  7.01784E+03  1.04559E+04  2.28126E+00  1.38240E+00  6.05980E-01  1.21500E-01  5.77500E-02  4.75309E-01  1.28452E-01  5.94435E-02  4.62769E-01
64 16 26  6.63626E+03  7.28901E+03  1.08478E+04  2.28285E+00  1.39310E+00  6.10245E-01  1.15800E-01  5.43600E-02  4.69430E-01  1.22428E-01  5.59619E-02  4.57102E-01
65 16 26  6.86668E+03  7.56662E+03  1.12488E+04  2.28409E+00  1.40345E+00  6.14449E-01  1.10500E-01  5.09300E-02  4.60905E-01  1.16747E-01  5.24588E-02  4.49338E-01
66 16 26  7.10117E+03  7.85048E+03  1.16589E+04  2.28514E+00  1.40119E+00  6.13176E-01  1.05400E-01  4.69000E-02  4.44972E-01  1.11391E-01  4.83775E-02  4.34304E-01
67 16 26  7.33977E+03  8.14022E+03  1.20786E+04  2.28556E+00  1.34679E+00  5.89260E-01  1.00600E-01  4.10400E-02  4.07952E-01  1.06326E-01  4.25000E-02  3.99714E-01
68 16 28  7.58249E+03  8.46015E+03  1.25078E+04  2.28577E+00  2.08277E-01  9.11188E-02  9.60700E-02  1.11000E-02  1.15541E-01  1.01544E-01  1.24111E-02  1.22224E-01
