 3.00000E+02  2.49677E-03  0.00000E+00 -1.22156E-01  0.00000E+00
 3.00800E+02  3.80001E-03  0.00000E+00  4.09441E-02  0.00000E+00
 3.01600E+02  4.75811E-03  1.24037E-10 -1.26223E-01  3.34900E-01
 3.02400E+02  6.75978E-03  2.34615E-09  2.50171E-02  0.00000E+00
 3.03200E+02  1.06834E-02  3.96996E-08  6.68728E-02  0.00000E+00
 3.04000E+02  1.57997E-02  4.46224E-07  5.99232E-02 -3.57527E-01
 3.04800E+02  2.50327E-02  5.02568E-06  9.39639E-02  0.00000E+00
 3.05600E+02  3.26471E-02  4.05177E-05  8.17580E-03  7.14380E-02
 3.06400E+02  4.42226E-02  2.63436E-04  6.00864E-02  2.17514E-01
 3.07200E+02  5.95214E-02  1.32224E-03  8.12665E-02  3.10966E-01
 3.08000E+02  7.04486E-02  5.03452E-03 -1.60754E-03  2.99017E-01
 3.08800E+02  7.79558E-02  1.46656E-02  4.53156E-02  1.92638E-01
 3.09600E+02  7.28815E-02  3.52170E-02  3.44301E-02  1.77977E-01
 3.10400E+02  5.60151E-02  6.96779E-02 -1.73454E-01  2.34639E-01
 3.11200E+02  4.15924E-02  9.38132E-02 -2.88248E-02 -2.04381E-01
 3.12000E+02  2.92983E-02  1.34733E-01  2.40361E-01  1.71281E-01
 3.12800E+02  1.70623E-02  1.33122E-01  2.58934E-02  3.49773E-02
 3.13600E+02  1.06578E-02  1.19948E-01 -2.43871E-01  9.72676E-02
 3.14400E+02  1.21181E-02  9.71325E-02  2.05178E-01  6.08785E-02
 3.15200E+02  1.82612E-02  7.43460E-02  1.44846E-01 -1.91523E-01
 3.16000E+02  2.82184E-02  8.36808E-02  5.96121E-02  2.78227E-01
 3.16800E+02  4.45076E-02  6.63745E-02  9.56788E-02 -3.49094E-01
 3.17600E+02  6.15201E-02  5.89710E-02  2.45139E-01  2.65771E-02
 3.18400E+02  7.03417E-02  5.28469E-02  1.71379E-01  2.70888E-01
 3.19200E+02  6.97201E-02  3.37294E-02 -6.88496E-03  2.44619E-01
 3.20000E+02  6.63442E-02  1.81950E-02  8.85459E-02 -5.96440E-02
 3.20800E+02  5.92704E-02  1.40000E-02  1.88327E-01  5.99382E-02
 3.21600E+02  4.24226E-02  2.35872E-02 -9.64886E-02  2.34041E-01
 3.22400E+02  3.13282E-02  6.00638E-02 -1.38266E-01  2.67247E-01
 3.23200E+02  2.68710E-02  1.14992E-01 -1.04020E-01 -3.41531E-01
 3.24000E+02  2.60737E-02  2.15219E-01  2.70892E-02 -3.55242E-01
 3.24800E+02  2.55690E-02  4.03819E-01  4.24882E-02  3.51601E-01
 3.25600E+02  2.25428E-02  4.56092E-01  5.02635E-02  5.30334E-08
 3.26400E+02  1.74209E-02  3.94569E-01  5.68448E-02  1.92493E-04
 3.27200E+02  1.18504E-02  2.93291E-01 -2.41261E-02  0.00000E+00
 3.28000E+02  9.01271E-03  2.17151E-01 -1.26080E-01  2.53251E-01
 3.28800E+02  1.19456E-02  1.39699E-01  5.12479E-02  1.61024E-01
 3.29600E+02  1.54242E-02  9.13725E-02 -2.85622E-01  2.27828E-05
 3.30400E+02  2.24027E-02  6.75899E-02  5.08993E-02 -3.39316E-02
 3.31200E+02  2.21229E-02  6.83317E-02 -2.62989E-01  4.14035E-07
 3.32000E+02  2.34139E-02  1.21173E-01  2.10660E-01  3.15573E-01
 3.32800E+02  1.72889E-02  1.71740E-01 -1.12624E-01 -3.60760E-01
 3.33600E+02  1.31608E-02  3.31540E-01 -3.32116E-01  3.61121E-01
 3.34400E+02  1.11896E-02  3.11509E-01 -2.83813E-01  1.42056E-07
 3.35200E+02  8.96872E-03  3.28486E-01 -3.91170E-01  8.72900E-09
 3.36000E+02  7.03227E-03  2.65146E-01  1.92578E-03  2.81493E-01
 3.36800E+02  4.33025E-03  1.55781E-01  2.74783E-01  3.65298E-01
 3.37600E+02  1.54185E-03  6.90909E-02 -3.72113E-01  3.65900E-01
 3.38400E+02  5.30907E-04  2.09523E-02 -3.74324E-01  5.72774E-08
 3.39200E+02  1.42840E-04  5.63634E-03 -3.75117E-01  3.43138E-06
 3.40000E+02  3.36575E-05  1.04939E-03  1.54979E-03 -3.77203E-01
 3.40800E+02  5.48850E-06  2.24161E-04  3.24832E-04  3.64273E-01
 3.41600E+02  6.19808E-07  5.34910E-05 -3.77535E-01  1.32553E-01
 3.42400E+02  6.13134E-08  1.21377E-04 -3.78232E-01 -2.93754E-01
 3.43200E+02  5.85272E-09  4.79869E-04  2.85800E-01 -2.63283E-01
 3.44000E+02  2.82057E-10  1.86884E-03 -3.81400E-01  1.07389E-03
 3.44800E+02  0.00000E+00  4.99227E-03  0.00000E+00  2.28432E-01
 3.45600E+02  0.00000E+00  1.13744E-02  0.00000E+00  1.79008E-01
 3.46400E+02  0.00000E+00  2.05277E-02  0.00000E+00 -1.31836E-01
 3.47200E+02  0.00000E+00  3.62652E-02  0.00000E+00 -6.47240E-02
 3.48000E+02  0.00000E+00  5.66990E-02  0.00000E+00  3.63211E-02
 3.48800E+02  0.00000E+00  7.48947E-02  0.00000E+00  3.76028E-02
 3.49600E+02  0.00000E+00  8.34830E-02  0.00000E+00 -5.90523E-02
 3.50400E+02  0.00000E+00  9.49422E-02  0.00000E+00  1.43857E-02
 3.51200E+02  0.00000E+00  1.09643E-01  0.00000E+00 -8.67168E-02
 3.52000E+02  0.00000E+00  1.25898E-01  0.00000E+00 -2.03144E-01
 3.52800E+02  0.00000E+00  1.65639E-01  0.00000E+00  1.84586E-02
 3.53600E+02  0.00000E+00  2.05896E-01  0.00000E+00  9.22362E-02
 3.54400E+02  0.00000E+00  2.46254E-01  0.00000E+00  2.12776E-01
 3.55200E+02  0.00000E+00  2.52306E-01  0.00000E+00 -6.48678E-02
 3.56000E+02  0.00000E+00  3.02837E-01  0.00000E+00  2.72853E-01
 3.56800E+02  0.00000E+00  3.10323E-01  0.00000E+00  6.99050E-02
 3.57600E+02  0.00000E+00  3.61096E-01  0.00000E+00  1.62192E-01
 3.58400E+02  0.00000E+00  4.37240E-01  0.00000E+00 -3.42478E-02
 3.59200E+02  0.00000E+00  7.34293E-01  0.00000E+00  2.43511E-01
 3.60000E+02  0.00000E+00  9.84336E-01  0.00000E+00 -1.45194E-01
 3.60800E+02  0.00000E+00  1.24445E+00  0.00000E+00 -1.92525E-01
 3.61600E+02  0.00000E+00  1.53713E+00  0.00000E+00  2.93111E-01
 3.62400E+02  0.00000E+00  1.16366E+00  0.00000E+00 -5.92036E-02
 3.63200E+02  0.00000E+00  8.59517E-01  0.00000E+00  1.49802E-01
 3.64000E+02  0.00000E+00  5.25231E-01  0.00000E+00  2.08095E-01
 3.64800E+02  0.00000E+00  2.96809E-01  0.00000E+00 -2.53458E-02
 3.65600E+02  0.00000E+00  2.38722E-01  0.00000E+00 -1.60692E-02
 3.66400E+02  0.00000E+00  2.60395E-01  0.00000E+00  5.02459E-02
 3.67200E+02  0.00000E+00  3.11619E-01  0.00000E+00 -1.53176E-02
 3.68000E+02  0.00000E+00  3.75489E-01  0.00000E+00 -7.23364E-03
 3.68800E+02  0.00000E+00  4.04278E-01  0.00000E+00 -5.76858E-02
 3.69600E+02  0.00000E+00  3.98154E-01  0.00000E+00 -5.63974E-02
 3.70400E+02  0.00000E+00  3.25442E-01  0.00000E+00 -2.63607E-01
 3.71200E+02  0.00000E+00  2.77437E-01  0.00000E+00 -8.35178E-02
 3.72000E+02  0.00000E+00  2.10774E-01  0.00000E+00 -4.56411E-02
 3.72800E+02  0.00000E+00  1.55733E-01  0.00000E+00 -3.22140E-02
 3.73600E+02  0.00000E+00  1.21766E-01  0.00000E+00  1.32509E-01
 3.74400E+02  0.00000E+00  1.02315E-01  0.00000E+00  2.14402E-01
 3.75200E+02  0.00000E+00  8.45867E-02  0.00000E+00  2.77466E-01
 3.76000E+02  0.00000E+00  5.55292E-02  0.00000E+00  8.49572E-02
 3.76800E+02  0.00000E+00  3.90846E-02  0.00000E+00  2.81470E-01
 3.77600E+02  0.00000E+00  1.80950E-02  0.00000E+00  1.65061E-01
 3.78400E+02  0.00000E+00  6.78555E-03  0.00000E+00 -1.62414E-01
 3.79200E+02  0.00000E+00  2.49257E-03  0.00000E+00  3.41883E-01
 3.80000E+02  0.00000E+00  5.70342E-04  0.00000E+00  8.12209E-02
 3.80800E+02  0.00000E+00  1.19417E-04  0.00000E+00  3.04240E-01
 3.81600E+02  0.00000E+00  1.84642E-05  0.00000E+00  3.29139E-01
 3.82400E+02  0.00000E+00  2.22788E-06  0.00000E+00  3.25859E-01
 3.83200E+02  0.00000E+00  2.10534E-07  0.00000E+00  3.08859E-01
 3.84000E+02  0.00000E+00  1.45688E-08  0.00000E+00  3.51346E-02
 3.84800E+02  0.00000E+00  8.09270E-10  0.00000E+00  3.84038E-02
 3.85600E+02  0.00000E+00  3.46840E-11  0.00000E+00  9.48800E-02
 3.86400E+02  0.00000E+00  7.61750E-10  0.00000E+00  7.03114E-02
 3.87200E+02  0.00000E+00  1.65424E-08  0.00000E+00 -9.77269E-04
 3.88000E+02  0.00000E+00  1.99833E-07  0.00000E+00 -1.48970E-01
 3.88800E+02  0.00000E+00  3.08589E-06  0.00000E+00  2.46656E-01
 3.89600E+02  0.00000E+00  2.79770E-05  0.00000E+00  7.52318E-02
 3.90400E+02  0.00000E+00  1.87025E-04  0.00000E+00  8.11014E-02
 3.91200E+02  0.00000E+00  1.19151E-03  0.00000E+00  2.18777E-03
 3.92000E+02  0.00000E+00  5.16895E-03  0.00000E+00 -9.10608E-02
 3.92800E+02  0.00000E+00  1.76717E-02  0.00000E+00  3.06360E-02
 3.93600E+02  0.00000E+00  4.79860E-02  0.00000E+00 -4.16515E-01
 3.94400E+02  0.00000E+00  1.36861E-01  0.00000E+00  2.42691E-01
 3.95200E+02  0.00000E+00  2.10522E-01  0.00000E+00 -3.26826E-01
 3.96000E+02  0.00000E+00  3.60985E-01  0.00000E+00  9.59438E-03
 3.96800E+02  0.00000E+00  4.29257E-01  0.00000E+00 -7.69124E-02
 3.97600E+02  0.00000E+00  5.20383E-01  0.00000E+00  6.77302E-02
 3.98400E+02  0.00000E+00  4.75459E-01  0.00000E+00 -6.15711E-02
 3.99200E+02  0.00000E+00  3.84727E-01  0.00000E+00  1.12448E-02
 4.00000E+02  0.00000E+00  2.68399E-01  0.00000E+00 -1.28581E-01
 4.00800E+02  0.00000E+00  2.39545E-01  0.00000E+00  1.84730E-02
 4.01600E+02  0.00000E+00  2.83604E-01  0.00000E+00 -5.14515E-02
 4.02400E+02  0.00000E+00  4.40383E-01  0.00000E+00 -2.56640E-01
 4.03200E+02  0.00000E+00  7.83581E-01  0.00000E+00  7.03680E-02
 4.04000E+02  0.00000E+00  1.01889E+00  0.00000E+00 -1.23135E-02
 4.04800E+02  0.00000E+00  1.23314E+00  0.00000E+00  2.92824E-02
 4.05600E+02  0.00000E+00  1.12749E+00  0.00000E+00  2.05111E-01
 4.06400E+02  0.00000E+00  8.52408E-01  0.00000E+00  2.35462E-01
 4.07200E+02  0.00000E+00  5.29611E-01  0.00000E+00  1.36807E-01
 4.08000E+02  0.00000E+00  3.51025E-01  0.00000E+00  1.91498E-01
 4.08800E+02  0.00000E+00  3.45312E-01  0.00000E+00  2.08997E-01
 4.09600E+02  0.00000E+00  4.31894E-01  0.00000E+00 -3.94601E-01
 4.10400E+02  0.00000E+00  6.93741E-01  0.00000E+00 -4.42348E-01
 4.11200E+02  0.00000E+00  1.25017E+00  0.00000E+00  2.92686E-01
 4.12000E+02  0.00000E+00  1.34622E+00  0.00000E+00 -1.52530E-02
 4.12800E+02  0.00000E+00  1.12379E+00  0.00000E+00 -4.35708E-01
 4.13600E+02  0.00000E+00  9.50524E-01  0.00000E+00 -4.63695E-01
 4.14400E+02  0.00000E+00  8.66446E-01  0.00000E+00 -3.14312E-02
 4.15200E+02  0.00000E+00  5.99365E-01  0.00000E+00 -1.29580E-01
 4.16000E+02  0.00000E+00  4.29795E-01  0.00000E+00 -1.49263E-01
 4.16800E+02  0.00000E+00  2.64535E-01  0.00000E+00 -1.26873E-01
 4.17600E+02  0.00000E+00  1.47712E-01  0.00000E+00 -1.15164E-01
 4.18400E+02  0.00000E+00  9.39894E-02  0.00000E+00 -7.99863E-02
 4.19200E+02  0.00000E+00  8.53862E-02  0.00000E+00 -2.99338E-02
 4.20000E+02  0.00000E+00  8.89837E-02  0.00000E+00 -1.88931E-02
 4.20800E+02  0.00000E+00  8.20602E-02  0.00000E+00 -1.44838E-03
 4.21600E+02  0.00000E+00  6.03380E-02  0.00000E+00 -2.87789E-04
 4.22400E+02  0.00000E+00  3.47453E-02  0.00000E+00 -7.79860E-05
 4.23200E+02  0.00000E+00  1.56000E-02  0.00000E+00 -1.20172E-05
 4.24000E+02  0.00000E+00  5.45604E-03  0.00000E+00 -2.44007E-06
 4.24800E+02  0.00000E+00  1.48619E-03  0.00000E+00  2.92346E-07
 4.25600E+02  0.00000E+00  3.15287E-04  0.00000E+00 -1.31404E-07
 4.26400E+02  0.00000E+00  5.20909E-05  0.00000E+00 -2.02502E-08
 4.27200E+02  0.00000E+00  6.70263E-06  0.00000E+00 -4.10658E-09
 4.28000E+02  0.00000E+00  6.71668E-07  0.00000E+00  0.00000E+00
 4.28800E+02  0.00000E+00  5.24192E-08  0.00000E+00  0.00000E+00
 4.29600E+02  0.00000E+00  3.18605E-09  0.00000E+00  0.00000E+00
 4.30400E+02  0.00000E+00  1.50814E-10  0.00000E+00  0.00000E+00
 4.31200E+02  0.00000E+00  5.55976E-12  0.00000E+00  0.00000E+00
 4.32000E+02  0.00000E+00  1.59624E-13  0.00000E+00  0.00000E+00
 4.32800E+02  0.00000E+00  3.56915E-15  0.00000E+00  0.00000E+00
 4.33600E+02  0.00000E+00  6.21526E-17  0.00000E+00  0.00000E+00
 4.34400E+02  0.00000E+00  8.42908E-19  0.00000E+00  0.00000E+00
 4.35200E+02  0.00000E+00  8.90281E-21  0.00000E+00  0.00000E+00
 4.36000E+02  0.00000E+00  7.32319E-23  0.00000E+00  0.00000E+00
 4.36800E+02  0.00000E+00  0.00000E+00  0.00000E+00  0.00000E+00
 4.37600E+02  0.00000E+00  0.00000E+00  0.00000E+00  0.00000E+00
 4.38400E+02  0.00000E+00  0.00000E+00  0.00000E+00  0.00000E+00
 4.39200E+02  0.00000E+00  0.00000E+00  0.00000E+00  0.00000E+00
 4.40000E+02  0.00000E+00  0.00000E+00  0.00000E+00  0.00000E+00
 4.40800E+02  0.00000E+00  0.00000E+00  0.00000E+00  0.00000E+00
 4.41600E+02  0.00000E+00  0.00000E+00  0.00000E+00  0.00000E+00
 4.42400E+02  0.00000E+00  0.00000E+00  0.00000E+00  0.00000E+00
 4.43200E+02  0.00000E+00  0.00000E+00  0.00000E+00  0.00000E+00
 4.44000E+02  0.00000E+00  0.00000E+00  0.00000E+00  0.00000E+00
 4.44800E+02  0.00000E+00  0.00000E+00  0.00000E+00  0.00000E+00
 4.45600E+02  0.00000E+00  0.00000E+00  0.00000E+00  0.00000E+00
 4.46400E+02  0.00000E+00  0.00000E+00  0.00000E+00  0.00000E+00
 4.47200E+02  0.00000E+00  0.00000E+00  0.00000E+00  0.00000E+00
 4.48000E+02  0.00000E+00  0.00000E+00  0.00000E+00  0.00000E+00
 4.48800E+02  2.31647E-23  0.00000E+00  4.28100E-01  0.00000E+00
 4.49600E+02  2.66819E-21  0.00000E+00  4.28400E-01  0.00000E+00
 4.50400E+02  2.39148E-19  0.00000E+00  4.28697E-01  0.00000E+00
 4.51200E+02  1.66933E-17  0.00000E+00  4.29096E-01  0.00000E+00
 4.52000E+02  9.07486E-16  0.00000E+00  4.29394E-01  0.00000E+00
 4.52800E+02  3.84209E-14  0.00000E+00  4.29691E-01  0.00000E+00
 4.53600E+02  1.26685E-12  0.00000E+00  4.29986E-01  0.00000E+00
 4.54400E+02  3.25318E-11  0.00000E+00  4.30279E-01  0.00000E+00
 4.55200E+02  6.51171E-10  0.00000E+00  4.30668E-01  0.00000E+00
 4.56000E+02  1.01425E-08  0.00000E+00  4.30944E-01  0.00000E+00
 4.56800E+02  1.23037E-07  0.00000E+00  4.31227E-01  0.00000E+00
 4.57600E+02  1.16246E-06  0.00000E+00  4.31490E-01  0.00000E+00
 4.58400E+02  8.55477E-06  0.00000E+00  4.31735E-01  0.00000E+00
 4.59200E+02  4.90459E-05  0.00000E+00  4.31950E-01  0.00000E+00
 4.60000E+02  2.19149E-04  0.00000E+00  4.32223E-01  0.00000E+00
 4.60800E+02  7.64604E-04  0.00000E+00  4.32333E-01  0.00000E+00
 4.61600E+02  2.08468E-03  0.00000E+00  4.32350E-01  0.00000E+00
 4.62400E+02  4.47270E-03  0.00000E+00  4.32239E-01  0.00000E+00
 4.63200E+02  7.66101E-03  0.00000E+00  4.31975E-01  0.00000E+00
 4.64000E+02  1.08093E-02  0.00000E+00  4.31603E-01  0.00000E+00
 4.64800E+02  1.32919E-02  0.00000E+00  4.31346E-01  0.00000E+00
 4.65600E+02  1.52306E-02  0.00000E+00  4.31579E-01  0.00000E+00
 4.66400E+02  1.66888E-02  0.00000E+00  4.32399E-01  0.00000E+00
 4.67200E+02  1.67083E-02  0.00000E+00  4.33454E-01  0.00000E+00
 4.68000E+02  1.42934E-02  0.00000E+00  4.34406E-01  0.00000E+00
 4.68800E+02  9.95226E-03  0.00000E+00  4.35161E-01  0.00000E+00
 4.69600E+02  5.50061E-03  0.00000E+00  4.35748E-01  0.00000E+00
 4.70400E+02  2.38810E-03  0.00000E+00  4.36158E-01  0.00000E+00
 4.71200E+02  8.22787E-04  0.00000E+00  4.34683E-01  0.00000E+00
 4.72000E+02  2.99492E-04  0.00000E+00  4.33080E-01  0.00000E+00
 4.72800E+02  4.38666E-04  0.00000E+00  4.02628E-01  0.00000E+00
 4.73600E+02  1.45947E-03  0.00000E+00  3.92493E-01  0.00000E+00
 4.74400E+02  4.14992E-03  0.00000E+00  3.71985E-01  0.00000E+00
 4.75200E+02  9.53448E-03  0.00000E+00  3.60411E-01  0.00000E+00
 4.76000E+02  1.76727E-02  0.00000E+00  3.39553E-01  0.00000E+00
 4.76800E+02  2.42923E-02  0.00000E+00  1.42513E-02  0.00000E+00
 4.77600E+02  3.25296E-02  0.00000E+00  4.10283E-02  0.00000E+00
 4.78400E+02  4.09060E-02  0.00000E+00  1.89125E-01  0.00000E+00
 4.79200E+02  4.19336E-02  0.00000E+00  1.50291E-01  0.00000E+00
 4.80000E+02  3.97757E-02  0.00000E+00  1.57091E-01  0.00000E+00
 4.80800E+02  3.26889E-02  0.00000E+00  1.14857E-01  0.00000E+00
 4.81600E+02  2.39215E-02  0.00000E+00  2.22836E-02  0.00000E+00
 4.82400E+02  1.78885E-02  0.00000E+00  1.11044E-01  0.00000E+00
 4.83200E+02  1.33873E-02  0.00000E+00  4.05931E-02  0.00000E+00
 4.84000E+02  1.06072E-02  0.00000E+00  3.87882E-02  0.00000E+00
 4.84800E+02  7.68749E-03  0.00000E+00  5.18127E-03  0.00000E+00
 4.85600E+02  4.74442E-03  0.00000E+00  4.75279E-03  0.00000E+00
 4.86400E+02  2.42448E-03  0.00000E+00 -1.04742E-03  0.00000E+00
 4.87200E+02  1.31318E-03  0.00000E+00  3.82157E-02  0.00000E+00
 4.88000E+02  1.48368E-03  0.00000E+00  8.83921E-02  0.00000E+00
 4.88800E+02  2.95632E-03  0.00000E+00  2.87906E-02  0.00000E+00
 4.89600E+02  6.58401E-03  0.00000E+00  2.11970E-01  0.00000E+00
 4.90400E+02  1.15772E-02  0.00000E+00  2.20149E-01  0.00000E+00
 4.91200E+02  1.61446E-02  0.00000E+00 -7.32391E-04  0.00000E+00
 4.92000E+02  2.12626E-02  0.00000E+00  1.27138E-01  0.00000E+00
 4.92800E+02  2.50124E-02  0.00000E+00  2.11775E-01  0.00000E+00
 4.93600E+02  2.62073E-02  0.00000E+00  1.10205E-01  0.00000E+00
 4.94400E+02  2.90606E-02  0.00000E+00  3.78456E-02  0.00000E+00
 4.95200E+02  3.57481E-02  0.00000E+00  6.23798E-02  0.00000E+00
 4.96000E+02  3.97700E-02  0.00000E+00 -1.87163E-01  0.00000E+00
 4.96800E+02  5.07023E-02  0.00000E+00 -1.01753E-02  0.00000E+00
 4.97600E+02  4.72779E-02  0.00000E+00 -2.74337E-01  0.00000E+00
 4.98400E+02  4.40653E-02  0.00000E+00 -2.04929E-02  0.00000E+00
 4.99200E+02  3.32506E-02  0.00000E+00 -5.32970E-02  0.00000E+00
 5.00000E+02  2.08551E-02  0.00000E+00 -5.67343E-02  0.00000E+00
 5.00800E+02  1.26621E-02  0.00000E+00 -7.09067E-02  0.00000E+00
 5.01600E+02  8.15900E-03  0.00000E+00 -6.99122E-02  0.00000E+00
 5.02400E+02  5.56843E-03  0.00000E+00  4.71507E-02  0.00000E+00
 5.03200E+02  4.97657E-03  0.00000E+00 -2.34824E-02  0.00000E+00
 5.04000E+02  7.18820E-03  0.00000E+00 -5.90480E-02  0.00000E+00
 5.04800E+02  1.33223E-02  0.00000E+00 -4.91914E-02  0.00000E+00
 5.05600E+02  2.70185E-02  0.00000E+00 -9.08725E-02  0.00000E+00
 5.06400E+02  5.39730E-02  0.00000E+00 -4.12421E-02  0.00000E+00
 5.07200E+02  9.10394E-02  0.00000E+00 -2.74847E-02  0.00000E+00
 5.08000E+02  1.26896E-01  0.00000E+00 -5.85006E-03  0.00000E+00
 5.08800E+02  1.62264E-01  0.00000E+00  1.10405E-01  0.00000E+00
 5.09600E+02  1.59103E-01  0.00000E+00  8.71429E-02  0.00000E+00
 5.10400E+02  1.23661E-01  0.00000E+00  4.30222E-03  0.00000E+00
 5.11200E+02  7.39221E-02  0.00000E+00 -2.25690E-01  0.00000E+00
 5.12000E+02  4.38681E-02  0.00000E+00  4.12548E-02  0.00000E+00
 5.12800E+02  2.08583E-02  0.00000E+00  7.75794E-02  0.00000E+00
 5.13600E+02  9.04004E-03  0.00000E+00 -6.57843E-02  0.00000E+00
 5.14400E+02  5.09023E-03  0.00000E+00 -4.47870E-02  0.00000E+00
 5.15200E+02  4.61462E-03  0.00000E+00 -8.08354E-02  0.00000E+00
 5.16000E+02  6.42318E-03  0.00000E+00 -1.63728E-01  0.00000E+00
 5.16800E+02  1.31802E-02  0.00000E+00  1.13153E-01  0.00000E+00
 5.17600E+02  2.67456E-02  0.00000E+00  2.17091E-01  0.00000E+00
 5.18400E+02  4.80337E-02  0.00000E+00  2.49787E-01  0.00000E+00
 5.19200E+02  7.30896E-02  0.00000E+00  2.43331E-01  0.00000E+00
 5.20000E+02  9.21804E-02  0.00000E+00  9.97842E-02  0.00000E+00
 5.20800E+02  9.31232E-02  0.00000E+00 -2.11001E-01  0.00000E+00
 5.21600E+02  9.80143E-02  0.00000E+00  4.98723E-02  0.00000E+00
 5.22400E+02  7.66131E-02  0.00000E+00 -3.17199E-02  0.00000E+00
 5.23200E+02  4.73315E-02  0.00000E+00 -2.85947E-01  0.00000E+00
 5.24000E+02  2.86545E-02  0.00000E+00 -1.41821E-01  0.00000E+00
 5.24800E+02  1.38326E-02  0.00000E+00  1.46704E-01  0.00000E+00
 5.25600E+02  5.16530E-03  0.00000E+00  9.09688E-02  0.00000E+00
 5.26400E+02  1.73127E-03  0.00000E+00  8.58384E-02  0.00000E+00
 5.27200E+02  6.10546E-04  0.00000E+00 -4.07715E-03  0.00000E+00
 5.28000E+02  4.91656E-04  0.00000E+00  2.09645E-01  0.00000E+00
 5.28800E+02  5.31532E-04  0.00000E+00  3.44253E-02  0.00000E+00
 5.29600E+02  7.19458E-04  0.00000E+00 -1.46700E-01  0.00000E+00
 5.30400E+02  9.39110E-04  0.00000E+00  2.70371E-01  0.00000E+00
 5.31200E+02  8.05178E-04  0.00000E+00 -6.36731E-02  0.00000E+00
 5.32000E+02  7.96988E-04  0.00000E+00  1.44917E-01  0.00000E+00
 5.32800E+02  5.90155E-04  0.00000E+00  2.64422E-01  0.00000E+00
 5.33600E+02  3.47490E-04  0.00000E+00 -1.71048E-03  0.00000E+00
 5.34400E+02  1.58440E-04  1.70784E-11 -2.44771E-01  0.00000E+00
 5.35200E+02  6.97642E-05  6.47296E-10  6.19978E-02  1.35083E-02
 5.36000E+02  2.41304E-05  1.01859E-08 -6.08134E-02  1.42089E-01
 5.36800E+02  6.08151E-06  1.14431E-07  1.04288E-01  1.62028E-02
 5.37600E+02  1.31974E-06  9.50129E-07  2.17436E-01 -1.82667E-01
 5.38400E+02  2.23832E-07  6.86046E-06  3.39930E-01 -1.24314E-01
 5.39200E+02  2.79388E-08  4.27439E-05  2.78451E-01  1.41638E-01
 5.40000E+02  2.22523E-09  1.87069E-04 -5.34865E-01  2.72375E-02
 5.40800E+02  1.61676E-10  7.07074E-04 -4.41044E-02  1.90433E-01
 5.41600E+02  1.20998E-11  1.93903E-03  3.22600E-01 -7.27430E-02
 5.42400E+02  0.00000E+00  4.94473E-03  0.00000E+00  2.46970E-01
 5.43200E+02  0.00000E+00  9.47138E-03  0.00000E+00  2.39598E-01
 5.44000E+02  0.00000E+00  1.43482E-02  0.00000E+00  1.12612E-01
 5.44800E+02  0.00000E+00  1.65990E-02  0.00000E+00 -2.61000E-01
 5.45600E+02  0.00000E+00  1.96055E-02  0.00000E+00 -1.07970E-02
 5.46400E+02  0.00000E+00  1.74928E-02  0.00000E+00 -8.25928E-02
 5.47200E+02  0.00000E+00  1.39253E-02  0.00000E+00  2.37999E-02
 5.48000E+02  0.00000E+00  9.80896E-03  0.00000E+00  2.94255E-01
 5.48800E+02  0.00000E+00  5.63983E-03  0.00000E+00  3.80993E-01
 5.49600E+02  0.00000E+00  2.67802E-03  0.00000E+00  5.97422E-02
 5.50400E+02  0.00000E+00  2.46944E-03  0.00000E+00  1.35566E-01
 5.51200E+02  0.00000E+00  4.57147E-03  0.00000E+00  7.70351E-02
 5.52000E+02  0.00000E+00  9.40274E-03  0.00000E+00  7.58327E-02
 5.52800E+02  0.00000E+00  1.57735E-02  0.00000E+00  1.01735E-03
 5.53600E+02  0.00000E+00  2.12365E-02  0.00000E+00  9.94419E-02
 5.54400E+02  0.00000E+00  2.21203E-02  0.00000E+00 -6.75344E-03
 5.55200E+02  0.00000E+00  1.82984E-02  0.00000E+00  1.25749E-02
 5.56000E+02  0.00000E+00  1.39880E-02  0.00000E+00  1.46351E-01
 5.56800E+02  7.41723E-11  9.24681E-03  0.00000E+00 -9.65594E-02
 5.57600E+02  1.40614E-09  8.91411E-03  4.63500E-01  1.67705E-01
 5.58400E+02  1.75011E-08  1.10607E-02  4.63182E-01  1.63105E-01
 5.59200E+02  1.50682E-07  1.61219E-02  2.04889E-02  1.28337E-01
 5.60000E+02  1.31534E-06  2.62351E-02  4.63485E-01  8.74910E-02
 5.60800E+02  8.06045E-06  3.96920E-02  4.63571E-01  2.08310E-01
 5.61600E+02  3.58338E-05  5.20947E-02  1.75794E-01  2.05672E-01
 5.62400E+02  1.60468E-04  6.24332E-02  4.63682E-01  2.67387E-01
 5.63200E+02  4.99416E-04  6.09166E-02  1.96858E-01  1.36809E-01
 5.64000E+02  1.51167E-03  5.92184E-02  4.63774E-01 -7.07237E-03
 5.64800E+02  3.46798E-03  7.73672E-02  3.92882E-01  1.82152E-01
 5.65600E+02  6.99040E-03  1.20440E-01  4.64042E-01  1.17432E-01
 5.66400E+02  1.10431E-02  1.88158E-01  4.18290E-01  6.57101E-02
 5.67200E+02  1.45254E-02  3.02868E-01  4.64453E-01  1.19187E-01
 5.68000E+02  1.48763E-02  3.54174E-01  4.42946E-01 -2.18344E-01
 5.68800E+02  1.21957E-02  4.21057E-01  4.50153E-01  7.68378E-02
 5.69600E+02  8.02917E-03  3.88509E-01  4.51019E-01 -3.76337E-02
 5.70400E+02  4.67719E-03  2.72619E-01  3.89279E-01 -3.88263E-02
 5.71200E+02  3.06818E-03  1.76716E-01  4.99333E-03  4.55382E-02
 5.72000E+02  4.81498E-03  1.12594E-01  1.22005E-01  1.79065E-01
 5.72800E+02  7.82523E-03  7.94022E-02  5.45797E-02 -4.85171E-02
 5.73600E+02  1.12354E-02  7.70023E-02  6.31454E-02 -1.11236E-01
 5.74400E+02  1.39374E-02  8.72601E-02 -4.12794E-03  8.84323E-02
 5.75200E+02  1.58747E-02  1.07776E-01  8.16881E-03  2.98939E-01
 5.76000E+02  1.51618E-02  1.00764E-01  4.44398E-02 -7.20672E-03
 5.76800E+02  1.28053E-02  1.08359E-01  1.97534E-02  1.13106E-02
 5.77600E+02  1.02191E-02  1.10264E-01  2.99042E-02 -6.74680E-02
 5.78400E+02  8.84164E-03  1.26931E-01  3.82155E-02  1.43420E-02
 5.79200E+02  9.37799E-03  1.71431E-01  8.12931E-02  3.57213E-02
 5.80000E+02  1.08813E-02  2.82732E-01  4.14638E-02  1.93299E-01
 5.80800E+02  1.27134E-02  4.05883E-01 -3.21405E-02 -3.32295E-01
 5.81600E+02  1.47581E-02  6.29037E-01  2.66857E-03 -3.76209E-01
 5.82400E+02  1.72386E-02  9.87348E-01  4.39638E-02  5.09613E-02
 5.83200E+02  1.59182E-02  1.15206E+00 -1.86471E-01 -3.26926E-02
 5.84000E+02  1.94460E-02  1.10587E+00 -6.01734E-02  7.88244E-02
 5.84800E+02  2.71141E-02  1.03355E+00  7.64451E-03  1.39635E-01
 5.85600E+02  4.35069E-02  9.01659E-01 -5.71030E-02  1.73529E-01
 5.86400E+02  7.57087E-02  7.70030E-01  3.68347E-02  1.29407E-01
 5.87200E+02  1.03166E-01  6.43990E-01 -1.73359E-01  2.24592E-01
 5.88000E+02  1.26596E-01  4.72156E-01 -3.30743E-02  2.04052E-01
 5.88800E+02  1.35302E-01  3.15504E-01  1.19803E-01 -8.06439E-02
 5.89600E+02  1.06969E-01  2.43473E-01  1.71781E-02  6.98970E-02
 5.90400E+02  7.65722E-02  2.08983E-01  2.14596E-01  5.89461E-03
 5.91200E+02  4.12994E-02  2.38153E-01  6.92438E-02  1.71383E-02
 5.92000E+02  2.03119E-02  3.25165E-01  8.65105E-02  1.06037E-01
 5.92800E+02  1.08052E-02  3.74942E-01  7.97340E-02 -2.33429E-01
 5.93600E+02  9.02229E-03  5.07332E-01 -2.10187E-01  1.10731E-01
 5.94400E+02  1.01625E-02  5.96113E-01 -3.43494E-01  4.04890E-02
 5.95200E+02  1.30085E-02  6.45830E-01  9.17434E-02  1.80679E-01
 5.96000E+02  1.18776E-02  6.99141E-01 -1.09600E-02  1.14879E-01
 5.96800E+02  1.41303E-02  8.26733E-01 -6.54819E-02 -1.63600E-02
 5.97600E+02  2.29416E-02  1.31704E+00  1.50653E-01  2.91766E-01
 5.98400E+02  3.70463E-02  1.56933E+00 -7.92375E-02 -2.98881E-01
 5.99200E+02  6.45829E-02  2.45117E+00  1.50242E-01  3.33469E-01
 6.00000E+02  8.36856E-02  2.49577E+00  4.96535E-02  1.17582E-01
 6.00800E+02  8.98809E-02  2.31501E+00 -5.40435E-02  1.54246E-01
 6.01600E+02  7.72814E-02  1.80884E+00 -6.87325E-02  2.22787E-01
 6.02400E+02  5.40967E-02  1.20797E+00 -2.35193E-01  2.12315E-01
 6.03200E+02  3.22564E-02  7.43153E-01 -1.26017E-01 -2.02784E-02
 6.04000E+02  1.58954E-02  5.86988E-01  4.91096E-02  1.59712E-01
 6.04800E+02  5.90978E-03  5.14302E-01 -8.53518E-02 -3.03788E-02
 6.05600E+02  2.05982E-03  6.78096E-01 -3.39380E-02  3.05724E-01
 6.06400E+02  7.57691E-04  9.32761E-01 -1.40316E-01  3.07589E-01
 6.07200E+02  4.45362E-04  1.23600E+00  2.37708E-01  2.92003E-01
 6.08000E+02  2.61197E-04  1.44456E+00  2.02627E-01  3.01969E-01
 6.08800E+02  1.13731E-04  1.49688E+00 -4.46492E-01  3.40142E-01
 6.09600E+02  6.08808E-05  1.38999E+00 -7.40744E-02  2.72726E-01
 6.10400E+02  2.16644E-05  1.38157E+00  1.46133E-01  2.16589E-01
 6.11200E+02  6.81683E-06  1.37915E+00  1.28534E-01  2.48883E-01
 6.12000E+02  2.65915E-06  1.13531E+00  2.74577E-01 -9.59183E-03
 6.12800E+02  3.53763E-06  9.53887E-01  3.38296E-01  3.11647E-01
 6.13600E+02  1.40892E-05  5.79052E-01  4.63833E-01  3.23772E-01
 6.14400E+02  5.44811E-05  2.05883E-01  2.78440E-01  1.42552E-03
 6.15200E+02  1.74914E-04  1.04298E-01 -7.38243E-02  3.30408E-01
 6.16000E+02  6.20843E-04  3.05457E-02  4.74488E-01  3.25985E-01
 6.16800E+02  1.36296E-03  7.00201E-03  1.01329E-01  3.29590E-01
 6.17600E+02  3.10340E-03  1.24681E-03  3.81323E-01  3.12454E-01
 6.18400E+02  5.39904E-03  1.78402E-04  4.65324E-01  3.11962E-01
 6.19200E+02  7.07114E-03  2.91893E-05  3.34077E-01  2.25817E-01
 6.20000E+02  8.11140E-03  1.94621E-05  2.98045E-01  8.16081E-02
 6.20800E+02  7.77505E-03  2.13621E-05 -6.23533E-03 -2.09113E-02
 6.21600E+02  9.55664E-03  2.68234E-05  1.89508E-01  6.15908E-02
 6.22400E+02  1.15702E-02  2.33465E-05  7.60773E-02  1.03765E-01
 6.23200E+02  1.43580E-02  1.31702E-05  2.41307E-02 -4.80156E-01
 6.24000E+02  1.58126E-02  8.38073E-06 -2.06953E-02  1.00925E-01
 6.24800E+02  1.48944E-02  2.89244E-06  4.83804E-03 -5.04840E-01
 6.25600E+02  1.19646E-02  1.13097E-06  1.22449E-02  7.12940E-02
 6.26400E+02  9.35561E-03  2.94828E-07 -1.08405E-02  6.77036E-02
 6.27200E+02  9.47860E-03  8.25235E-08 -6.22684E-02 -2.34756E-02
 6.28000E+02  1.47720E-02  8.48054E-08 -1.61826E-01 -2.07375E-01
 6.28800E+02  2.82042E-02  1.86779E-07 -3.35506E-02 -1.47254E-01
 6.29600E+02  5.25878E-02  3.42827E-07 -6.24426E-02 -1.21212E-01
 6.30400E+02  7.83760E-02  4.91222E-07 -2.23269E-02 -1.30907E-01
 6.31200E+02  9.74201E-02  5.48556E-07  5.73544E-02 -1.40786E-01
 6.32000E+02  9.74604E-02  4.58527E-07  7.40435E-02 -2.81552E-01
 6.32800E+02  7.69162E-02  3.11191E-07  1.51895E-02 -2.89743E-01
 6.33600E+02  4.87937E-02  1.71317E-07 -1.27601E-01 -1.70942E-01
 6.34400E+02  2.88614E-02  6.10399E-08 -1.39706E-01 -5.53555E-01
 6.35200E+02  2.08854E-02  2.32501E-08  9.18651E-02 -2.05885E-01
 6.36000E+02  1.55613E-02  1.55902E-08 -2.16037E-02 -1.46525E-02
 6.36800E+02  1.27404E-02  1.02754E-07  2.30369E-02  2.47784E-01
 6.37600E+02  9.18954E-03  7.95689E-07 -4.48021E-02  2.73861E-01
 6.38400E+02  7.18572E-03  4.57483E-06  2.76900E-02  0.00000E+00
 6.39200E+02  7.06465E-03  2.25048E-05 -1.94810E-01  9.08744E-02
 6.40000E+02  1.13247E-02  8.49700E-05 -3.85174E-02  1.62490E-04
 6.40800E+02  2.20792E-02  2.70263E-04  6.80329E-02  9.26458E-02
 6.41600E+02  3.75215E-02  7.13320E-04 -4.97070E-02  3.02232E-01
 6.42400E+02  5.62248E-02  1.36412E-03 -3.65683E-02  2.95562E-01
 6.43200E+02  7.19584E-02  1.66614E-03 -1.30465E-02 -3.45005E-01
 6.44000E+02  7.53191E-02  2.33563E-03  1.27885E-01  1.77348E-01
 6.44800E+02  5.80077E-02  2.27089E-03  1.65293E-02  2.58529E-01
 6.45600E+02  3.57473E-02  1.68933E-03 -7.89144E-02  2.07136E-01
 6.46400E+02  1.90342E-02  9.83797E-04  7.68001E-02 -2.55647E-01
 6.47200E+02  7.91183E-03  9.71988E-04 -5.63221E-03 -3.45536E-02
 6.48000E+02  4.56624E-03  1.56820E-03 -1.84222E-02 -2.05790E-02
 6.48800E+02  5.58137E-03  3.17139E-03  3.61732E-01 -8.52199E-02
 6.49600E+02  7.79312E-03  5.03569E-03  3.26068E-01 -6.23393E-02
 6.50400E+02  9.56043E-03  7.04672E-03  9.11031E-03 -5.70602E-02
 6.51200E+02  1.27703E-02  8.10286E-03  1.01346E-01  9.70576E-02
 6.52000E+02  1.47901E-02  8.18308E-03  1.29472E-02 -7.68360E-02
 6.52800E+02  1.61082E-02  7.94928E-03 -3.14779E-02 -2.43626E-02
 6.53600E+02  1.75730E-02  8.20632E-03 -1.49111E-02 -3.75887E-02
 6.54400E+02  2.30363E-02  9.04942E-03  8.18865E-02  1.73086E-02
 6.55200E+02  3.51373E-02  9.45926E-03  1.29458E-01 -5.10470E-02
 6.56000E+02  5.12787E-02  1.17448E-02  5.81349E-02  2.15072E-01
 6.56800E+02  6.80431E-02  1.69560E-02  5.74866E-02  7.27947E-02
 6.57600E+02  6.96315E-02  3.16247E-02  1.40902E-01  1.35076E-02
 6.58400E+02  5.78336E-02  5.97401E-02  9.79692E-02 -1.13646E-01
 6.59200E+02  3.64222E-02  1.10187E-01 -8.98238E-02 -1.03024E-01
 6.60000E+02  2.07200E-02  2.16863E-01 -6.36295E-03  3.27022E-01
 6.60800E+02  1.09798E-02  2.75682E-01  8.10432E-02  2.92535E-01
 6.61600E+02  7.74923E-03  2.21864E-01 -1.87423E-02 -4.27698E-01
 6.62400E+02  8.28415E-03  2.36049E-01  1.27834E-03  2.78453E-01
 6.63200E+02  1.02359E-02  1.52320E-01 -8.06322E-04 -7.46080E-02
 6.64000E+02  1.20539E-02  1.08933E-01 -5.17948E-03  6.85983E-02
 6.64800E+02  1.32412E-02  8.78916E-02  2.07997E-02 -6.13393E-02
 6.65600E+02  1.43406E-02  1.05116E-01  6.70468E-03  2.04526E-03
 6.66400E+02  1.84082E-02  1.79917E-01 -6.08227E-02  1.34747E-01
 6.67200E+02  2.98802E-02  2.81568E-01  4.43530E-02 -1.88139E-01
 6.68000E+02  4.60825E-02  4.88918E-01  3.25243E-02  2.65446E-02
 6.68800E+02  6.04035E-02  6.66144E-01 -6.09508E-02 -8.22495E-02
 6.69600E+02  6.24035E-02  8.01069E-01 -1.98790E-01  4.52702E-02
 6.70400E+02  6.50760E-02  7.47582E-01  7.17270E-02 -7.68809E-03
 6.71200E+02  5.30654E-02  6.46511E-01 -3.22699E-02  2.02068E-02
 6.72000E+02  4.75154E-02  6.26131E-01  1.04895E-03  3.95586E-03
 6.72800E+02  5.12222E-02  8.08870E-01  1.61810E-01 -8.08818E-02
 6.73600E+02  5.46797E-02  1.25788E+00  8.64033E-02  1.09274E-01
 6.74400E+02  5.29883E-02  1.65127E+00  9.77437E-02  1.33481E-01
 6.75200E+02  4.20808E-02  1.79885E+00  1.04834E-01  1.53981E-01
 6.76000E+02  2.65626E-02  1.59371E+00  1.10140E-01  1.70504E-01
 6.76800E+02  1.32410E-02  1.14187E+00  1.14631E-01  1.82659E-01
 6.77600E+02  5.40794E-03  6.64195E-01  1.18278E-01  1.89048E-01
 6.78400E+02  2.50482E-03  3.27305E-01  1.19260E-01  1.82166E-01
 6.79200E+02  2.92679E-03  1.81181E-01  1.16952E-01  1.35991E-01
 6.80000E+02  5.85073E-03  2.28783E-01  1.12422E-01  8.35693E-02
 6.80800E+02  1.11812E-02  5.07093E-01  1.02615E-01  8.36219E-02
 6.81600E+02  1.89259E-02  1.05838E+00  8.77758E-02  9.25468E-02
 6.82400E+02  2.92147E-02  1.79034E+00  7.10595E-02  9.96498E-02
 6.83200E+02  4.27485E-02  2.40131E+00  5.67287E-02  1.05922E-01
 6.84000E+02  5.97340E-02  2.57122E+00  4.70506E-02  1.13953E-01
 6.84800E+02  7.66427E-02  2.29423E+00  4.09350E-02  1.30531E-01
 6.85600E+02  8.52734E-02  1.94308E+00  3.62950E-02  1.68917E-01
 6.86400E+02  7.86618E-02  1.92314E+00  3.19867E-02  2.25797E-01
 6.87200E+02  5.86840E-02  2.29519E+00  2.80597E-02  2.64778E-01
 6.88000E+02  3.52427E-02  2.73400E+00  2.62028E-02  2.79433E-01
 6.88800E+02  1.78902E-02  2.82974E+00  3.45652E-02  2.84891E-01
 6.89600E+02  1.01020E-02  2.42357E+00  7.48154E-02  2.88675E-01
 6.90400E+02  1.05871E-02  1.69342E+00  1.16425E-01  2.92587E-01
 6.91200E+02  1.68536E-02  9.59286E-01  1.14630E-01  2.96688E-01
 6.92000E+02  2.64290E-02  4.38862E-01  1.04684E-01  3.00670E-01
 6.92800E+02  3.60984E-02  1.61387E-01  9.79873E-02  3.04239E-01
 6.93600E+02  4.21945E-02  4.78253E-02  9.14472E-02  3.06869E-01
 6.94400E+02  4.30598E-02  1.19332E-02  7.89897E-02  3.05320E-01
 6.95200E+02  4.08462E-02  3.33307E-03  5.48993E-02  2.81800E-01
 6.96000E+02  3.92101E-02  2.03909E-03  2.20449E-02  2.24665E-01
 6.96800E+02  3.88468E-02  2.50357E-03 -5.71604E-03  1.68260E-01
 6.97600E+02  3.66709E-02  3.80052E-03 -2.09648E-02  1.16362E-01
 6.98400E+02  2.99927E-02  5.63856E-03 -2.72109E-02  7.28228E-02
 6.99200E+02  2.01309E-02  7.23672E-03 -2.89799E-02  3.60859E-02
 7.00000E+02  1.10493E-02  7.79981E-03 -2.77608E-02  4.30086E-03
 7.00800E+02  5.41852E-03  6.74235E-03 -1.76377E-01 -3.44254E-01
 7.01600E+02  4.66344E-03  7.85029E-03  1.41003E-03 -2.91581E-02
 7.02400E+02  7.30482E-03  9.97630E-03 -3.54211E-02 -4.79624E-02
 7.03200E+02  1.31374E-02  1.29645E-02  8.63444E-03 -1.60320E-01
 7.04000E+02  1.94185E-02  1.93727E-02 -1.54812E-01  9.69798E-03
 7.04800E+02  2.76957E-02  2.48043E-02  9.61089E-02  5.30092E-03
 7.05600E+02  2.82438E-02  3.26612E-02 -3.13020E-02 -1.83837E-02
 7.06400E+02  2.41510E-02  4.34805E-02 -1.90462E-01 -2.45258E-01
 7.07200E+02  1.72587E-02  6.72014E-02 -1.08737E-01 -2.83753E-01
 7.08000E+02  9.88821E-03  1.10732E-01 -5.83152E-02 -6.99399E-03
 7.08800E+02  4.42778E-03  1.66298E-01  2.85203E-02  2.44374E-01
 7.09600E+02  1.60009E-03  1.80737E-01 -3.01943E-04 -1.50301E-01
 7.10400E+02  5.75611E-04  1.75846E-01 -6.15250E-02 -1.73648E-01
 7.11200E+02  3.62571E-04  1.93633E-01  6.53028E-02  7.04506E-02
 7.12000E+02  3.41808E-04  2.30467E-01  1.07162E-01  2.43706E-02
 7.12800E+02  2.94123E-04  3.20005E-01  3.43252E-02 -1.53349E-01
 7.13600E+02  2.15405E-04  5.21903E-01  1.67079E-01 -6.21356E-05
 7.14400E+02  1.14961E-04  6.91222E-01  1.23141E-01 -1.59665E-02
 7.15200E+02  4.91097E-05  8.20452E-01  4.15102E-02  8.78109E-02
 7.16000E+02  1.66877E-05  9.01404E-01 -6.72650E-02  4.41126E-02
 7.16800E+02  1.06545E-05  8.87932E-01  6.74487E-02  8.50596E-02
 7.17600E+02  4.12047E-05  7.72329E-01  6.23803E-02 -1.44789E-02
 7.18400E+02  2.08888E-04  6.54772E-01  8.79375E-03  1.42566E-01
 7.19200E+02  9.33067E-04  4.07802E-01 -1.97891E-02 -6.11060E-02
 7.20000E+02  3.52493E-03  2.53345E-01 -7.06907E-02  8.72569E-02
 7.20800E+02  1.15918E-02  1.99772E-01 -3.82248E-02  5.12886E-02
 7.21600E+02  3.21816E-02  2.74651E-01 -6.41977E-02  2.48881E-01
 7.22400E+02  7.59903E-02  4.02753E-01 -9.52738E-02  5.94928E-02
 7.23200E+02  1.54731E-01  5.63590E-01 -1.07995E-01  8.55777E-02
 7.24000E+02  2.70434E-01  6.20555E-01 -1.12934E-01  6.89616E-02
 7.24800E+02  4.21295E-01  6.14010E-01 -9.64079E-02  4.17255E-02
 7.25600E+02  6.16789E-01  6.70527E-01 -5.75067E-02  1.03163E-01
 7.26400E+02  8.82242E-01  9.30236E-01 -8.36970E-03  3.34836E-01
 7.27200E+02  1.21133E+00  1.27306E+00  2.83928E-02  1.97394E-02
 7.28000E+02  1.54231E+00  1.68616E+00  3.95819E-02  4.75710E-02
 7.28800E+02  1.81373E+00  2.40886E+00  2.59116E-02  2.34184E-01
 7.29600E+02  2.01504E+00  2.49138E+00 -3.25583E-03 -1.75127E-01
 7.30400E+02  2.18539E+00  2.75453E+00 -3.45957E-02 -2.98361E-02
 7.31200E+02  2.35924E+00  2.84241E+00 -5.55023E-02  1.67973E-01
 7.32000E+02  2.51318E+00  2.41020E+00 -6.02792E-02  1.01783E-01
 7.32800E+02  2.55943E+00  1.73378E+00 -5.04497E-02  2.41248E-01
 7.33600E+02  2.43760E+00  9.59508E-01 -2.96288E-02 -9.61877E-02
 7.34400E+02  2.22078E+00  4.85068E-01 -2.11127E-04  1.41137E-01
 7.35200E+02  2.02221E+00  1.90407E-01  3.67357E-02  2.41630E-01
 7.36000E+02  1.88110E+00  7.62984E-02  7.70863E-02  2.27182E-01
 7.36800E+02  1.77499E+00  4.67681E-02  1.11485E-01 -6.04701E-02
 7.37600E+02  1.65499E+00  7.13081E-02  1.32463E-01  1.84853E-01
 7.38400E+02  1.50066E+00  9.62344E-02  1.39439E-01 -4.89908E-02
 7.39200E+02  1.35995E+00  1.54739E-01  7.11586E-02 -5.60772E-04
 7.40000E+02  1.32273E+00  2.54599E-01  1.20889E-01  2.26488E-01
 7.40800E+02  1.41679E+00  3.54915E-01  9.96553E-02  3.91652E-02
 7.41600E+02  1.57270E+00  4.90460E-01  7.60312E-02  1.27420E-01
 7.42400E+02  1.68547E+00  5.43454E-01  5.30931E-02  1.29426E-01
 7.43200E+02  1.70009E+00  5.33039E-01  3.18014E-02  5.92586E-02
 7.44000E+02  1.63700E+00  3.95138E-01  1.47521E-02  1.21100E-01
 7.44800E+02  1.57170E+00  2.58974E-01  7.53316E-03 -9.81773E-02
 7.45600E+02  1.59438E+00  1.57022E-01  1.63401E-02  2.66486E-01
 7.46400E+02  1.74958E+00  6.77661E-02  3.66926E-02  2.12938E-01
 7.47200E+02  2.00084E+00  2.64158E-02  5.64418E-02  1.65228E-03
 7.48000E+02  2.24515E+00  1.96455E-02  6.65607E-02  8.26633E-02
 7.48800E+02  2.38401E+00  3.47196E-02  6.41451E-02  3.13273E-02
 7.49600E+02  2.39430E+00  7.90109E-02  4.88884E-02  2.35969E-01
 7.50400E+02  2.32949E+00  1.60963E-01  2.51388E-02  1.42776E-01
 7.51200E+02  2.25471E+00  2.50601E-01  2.37967E-03 -2.57793E-01
 7.52000E+02  2.21308E+00  4.79697E-01 -9.47865E-03  2.64454E-01
 7.52800E+02  2.26099E+00  7.08375E-01 -5.80688E-03  1.28989E-01
 7.53600E+02  2.47127E+00  9.44936E-01  1.23857E-02 -1.75705E-01
 7.54400E+02  2.85648E+00  1.49175E+00  3.89180E-02  1.42631E-01
 7.55200E+02  3.30701E+00  2.16013E+00  6.74320E-02  2.80368E-01
 7.56000E+02  3.65001E+00  2.49445E+00  9.14946E-02  5.51768E-02
 7.56800E+02  3.76097E+00  2.81259E+00  1.04873E-01  2.49161E-01
 7.57600E+02  3.62979E+00  2.59212E+00 -3.56349E-02  2.41984E-01
 7.58400E+02  3.33583E+00  1.72248E+00  7.70639E-02 -3.16505E-01
 7.59200E+02  2.99495E+00  1.43187E+00  6.38463E-02  2.22466E-01
 7.60000E+02  2.70792E+00  8.67967E-01  7.10370E-03  1.39815E-01
 7.60800E+02  2.55767E+00  4.68260E-01 -3.69832E-02  4.06044E-02
 7.61600E+02  2.60297E+00  2.46033E-01 -4.81990E-02  1.69847E-02
 7.62400E+02  2.84545E+00  1.14713E-01 -3.83555E-02  1.52116E-01
 7.63200E+02  3.19609E+00  4.32235E-02 -1.68251E-02  9.97006E-02
 7.64000E+02  3.50512E+00  1.49403E-02 -1.91791E-02  1.27112E-01
 7.64800E+02  3.62349E+00  6.53750E-03  1.75893E-02  8.90493E-02
 7.65600E+02  3.49015E+00  7.01102E-03  2.34818E-02  1.21299E-01
 7.66400E+02  3.17834E+00  1.55856E-02  2.79386E-02  9.40397E-02
 7.67200E+02  2.88166E+00  4.06127E-02  1.05450E-02  6.54301E-02
 7.68000E+02  2.79235E+00  1.07181E-01  4.83389E-02  1.59035E-01
 7.68800E+02  2.97389E+00  2.41227E-01  5.20576E-02  2.15176E-01
 7.69600E+02  3.34717E+00  4.53604E-01  4.51930E-02  2.03602E-01
 7.70400E+02  3.78952E+00  7.09677E-01  3.62824E-02  3.59988E-02
 7.71200E+02  4.19474E+00  9.99448E-01  3.44959E-02 -7.39549E-02
 7.72000E+02  4.47226E+00  1.39483E+00 -1.08021E-01 -8.12906E-02
 7.72800E+02  4.53538E+00  1.68306E+00 -2.47877E-02  8.31082E-02
 7.73600E+02  4.32339E+00  1.81074E+00  5.61728E-02  2.89803E-01
 7.74400E+02  3.86637E+00  1.48392E+00  5.60364E-02  2.90667E-01
 7.75200E+02  3.33969E+00  1.00277E+00  4.97478E-02  2.90846E-01
 7.76000E+02  2.98574E+00  5.71470E-01  3.96737E-02  2.82284E-01
 7.76800E+02  2.97849E+00  3.13246E-01  2.99850E-02  2.45646E-01
 7.77600E+02  3.30903E+00  2.24599E-01  2.32561E-02  1.72185E-01
 7.78400E+02  3.76758E+00  2.27022E-01  1.96452E-02  1.21474E-01
 7.79200E+02  4.05131E+00  2.40608E-01  1.81078E-02  1.07924E-01
 7.80000E+02  3.94717E+00  2.33878E-01  1.76400E-02  1.16305E-01
 7.80800E+02  3.48200E+00  2.37575E-01  1.80740E-02  1.53459E-01
 7.81600E+02  2.91139E+00  3.20397E-01  2.05410E-02  2.11208E-01
 7.82400E+02  2.53473E+00  5.38032E-01  2.74633E-02  2.49954E-01
 7.83200E+02  2.49691E+00  8.74772E-01  4.02164E-02  2.67582E-01
 7.84000E+02  2.72802E+00  1.21177E+00  5.33351E-02  2.75919E-01
 7.84800E+02  2.99040E+00  1.37439E+00  5.86574E-02  2.79932E-01
 7.85600E+02  3.07069E+00  1.25929E+00  5.45830E-02  2.81509E-01
 7.86400E+02  2.95308E+00  9.26602E-01  4.38873E-02  2.81395E-01
 7.87200E+02  2.77843E+00  5.46605E-01  3.14644E-02  2.79954E-01
 7.88000E+02  2.70480E+00  2.64860E-01  2.23811E-02  2.76466E-01
 7.88800E+02  2.79242E+00  1.31318E-01  1.88931E-02  2.69277E-01
 7.89600E+02  3.03493E+00  1.39273E-01  2.04796E-02  2.68747E-01
 7.90400E+02  3.44294E+00  2.84324E-01  2.60984E-02  2.77614E-01
 7.91200E+02  4.03231E+00  5.60350E-01  3.45794E-02  2.84592E-01
 7.92000E+02  4.71665E+00  9.00489E-01  4.34321E-02  2.89129E-01
 7.92800E+02  5.22910E+00  1.15414E+00  5.03194E-02  2.91888E-01
 7.93600E+02  5.29141E+00  1.17417E+00  5.50269E-02  2.93211E-01
 7.94400E+02  4.87523E+00  9.46193E-01  5.85572E-02  2.93246E-01
 7.95200E+02  4.24502E+00  6.03653E-01  6.12085E-02  2.91754E-01
 7.96000E+02  3.68643E+00  3.05715E-01  6.17231E-02  2.87118E-01
 7.96800E+02  3.29060E+00  1.24503E-01  5.86168E-02  2.72602E-01
 7.97600E+02  3.00100E+00  4.34979E-02  5.19084E-02  2.13420E-01
 7.98400E+02  2.77772E+00  1.86489E-02  4.33995E-02 -1.26024E-04
 7.99200E+02  2.63822E+00  2.02712E-02  3.55871E-02 -2.03577E-01
 8.00000E+02  2.60926E+00  3.72647E-02  2.99575E-02 -2.25609E-01
 8.00800E+02  2.69198E+00  6.55028E-02  2.61760E-02 -2.13228E-01
 8.01600E+02  2.85325E+00  9.88306E-02  2.28831E-02 -2.03456E-01
 8.02400E+02  3.05166E+00  1.28520E-01  1.89707E-02 -2.02978E-01
 8.03200E+02  3.26666E+00  1.48941E-01  1.40877E-02 -2.15791E-01
 8.04000E+02  3.51002E+00  1.61041E-01  8.76606E-03 -2.40262E-01
 8.04800E+02  3.76343E+00  1.68458E-01  4.24203E-03 -2.67407E-01
 8.05600E+02  3.92894E+00  1.71379E-01  1.46993E-03 -2.86825E-01
 8.06400E+02  3.89683E+00  1.67549E-01  5.92311E-04 -2.95456E-01
 8.07200E+02  3.66244E+00  1.58218E-01  1.34188E-03 -2.93313E-01
 8.08000E+02  3.34971E+00  1.51191E-01  3.69586E-03 -2.73648E-01
 8.08800E+02  3.10333E+00  1.58873E-01  8.21658E-03 -2.17037E-01
 8.09600E+02  2.98643E+00  1.95208E-01  1.55162E-02 -1.15557E-01
 8.10400E+02  2.98285E+00  2.70656E-01  2.48875E-02 -2.47176E-03
 8.11200E+02  3.04498E+00  3.82647E-01  3.39245E-02  8.46375E-02
 8.12000E+02  3.12192E+00  5.10181E-01  4.00234E-02  1.38954E-01
 8.12800E+02  3.17117E+00  6.23252E-01  4.17791E-02  1.69234E-01
 8.13600E+02  3.16159E+00  7.01410E-01  3.90185E-02  1.84739E-01
 8.14400E+02  3.09122E+00  7.43349E-01  3.24346E-02  1.91906E-01
 8.15200E+02  2.99094E+00  7.60539E-01  2.36654E-02  1.94865E-01
 8.16000E+02  2.91641E+00  7.65626E-01  1.52280E-02  1.95951E-01
 8.16800E+02  2.89727E+00  7.66474E-01  9.37684E-03  1.96486E-01
 8.17600E+02  2.92956E+00  7.66380E-01  6.73395E-03  1.96904E-01
 8.18400E+02  2.98044E+00  7.66247E-01  6.40560E-03  1.97224E-01
 8.19200E+02  3.01913E+00  7.66278E-01  7.07017E-03  1.97652E-01
 8.20000E+02  3.03067E+00  7.67410E-01  7.79609E-03  1.98068E-01
 8.20800E+02  3.02688E+00  7.70304E-01  8.38505E-03  1.98729E-01
 8.21600E+02  3.03644E+00  7.82375E-01  9.33117E-03  2.00573E-01
 8.22400E+02  3.08462E+00  8.22656E-01  1.15248E-02  2.05863E-01
 8.23200E+02  3.17076E+00  9.28824E-01  1.54795E-02  2.17312E-01
 8.24000E+02  3.26990E+00  1.14848E+00  2.04867E-02  2.34347E-01
 8.24800E+02  3.33939E+00  1.50447E+00  2.45829E-02  2.51594E-01
 8.25600E+02  3.34107E+00  1.95585E+00  2.58056E-02  2.64630E-01
 8.26400E+02  3.28019E+00  2.40358E+00  2.36577E-02  2.72819E-01
 8.27200E+02  3.19451E+00  2.75116E+00  1.95061E-02  2.77514E-01
 8.28000E+02  3.12553E+00  2.96529E+00  1.54550E-02  2.79977E-01
 8.28800E+02  3.09477E+00  3.06979E+00  1.29105E-02  2.81194E-01
 8.29600E+02  3.10599E+00  3.11754E+00  1.24150E-02  2.81939E-01
 8.30400E+02  3.16260E+00  3.14585E+00  1.42443E-02  2.82544E-01
 8.31200E+02  3.26758E+00  3.17190E+00  1.82967E-02  2.83270E-01
 8.32000E+02  3.39860E+00  3.19476E+00  2.33198E-02  2.83909E-01
 8.32800E+02  3.50838E+00  3.20826E+00  2.69299E-02  2.84260E-01
 8.33600E+02  3.55385E+00  3.20161E+00  2.69454E-02  2.84207E-01
 8.34400E+02  3.53285E+00  3.18621E+00  2.27344E-02  2.83910E-01
 8.35200E+02  3.47501E+00  3.16907E+00  1.57791E-02  2.83642E-01
 8.36000E+02  3.41136E+00  3.15859E+00  8.87205E-03  2.83597E-01
 8.36800E+02  3.36759E+00  3.15216E+00  4.16575E-03  2.83817E-01
 8.37600E+02  3.36669E+00  3.15181E+00  1.69490E-03  2.84189E-01
 8.38400E+02  3.43696E+00  3.15867E+00 -4.92463E-04  2.84426E-01
 8.39200E+02  3.59149E+00  3.17224E+00 -4.51688E-03  2.84198E-01
 8.40000E+02  3.79501E+00  3.19112E+00 -1.06348E-02  2.83626E-01
 8.40800E+02  3.97049E+00  3.20853E+00 -1.66010E-02  2.82990E-01
 8.41600E+02  4.01396E+00  3.21895E+00 -1.92651E-02  2.82810E-01
 8.42400E+02  3.90546E+00  3.21775E+00 -1.66762E-02  2.83202E-01
 8.43200E+02  3.72913E+00  3.21722E+00 -9.52573E-03  2.84191E-01
 8.44000E+02  3.60743E+00  3.23070E+00 -1.13437E-03  2.85175E-01
 8.44800E+02  3.60053E+00  3.26658E+00  4.85767E-03  2.86091E-01
 8.45600E+02  3.67886E+00  3.32535E+00  7.46108E-03  2.86864E-01
 8.46400E+02  3.78678E+00  3.40587E+00  7.77203E-03  2.87773E-01
 8.47200E+02  3.88737E+00  3.49410E+00  7.15290E-03  2.88889E-01
 8.48000E+02  3.95249E+00  3.55768E+00  6.57050E-03  2.90003E-01
 8.48800E+02  3.95149E+00  3.56003E+00  6.55770E-03  2.90686E-01
 8.49600E+02  3.88140E+00  3.49275E+00  7.14414E-03  2.90608E-01
 8.50400E+02  3.79009E+00  3.39233E+00  7.76626E-03  2.89895E-01
 8.51200E+02  3.74142E+00  3.30657E+00  7.44430E-03  2.88767E-01
 8.52000E+02  3.76729E+00  3.25671E+00  5.69768E-03  2.87693E-01
 8.52800E+02  3.83344E+00  3.23894E+00  3.15164E-03  2.87106E-01
 8.53600E+02  3.86737E+00  3.23627E+00  8.68351E-04  2.87199E-01
 8.54400E+02  3.82624E+00  3.23644E+00 -7.85325E-04  2.87906E-01
 8.55200E+02  3.73299E+00  3.23632E+00 -2.06660E-03  2.88364E-01
 8.56000E+02  3.64315E+00  3.24079E+00 -3.17896E-03  2.87951E-01
 8.56800E+02  3.60466E+00  3.25826E+00 -3.75619E-03  2.86384E-01
 8.57600E+02  3.63933E+00  3.29534E+00 -3.49101E-03  2.84156E-01
 8.58400E+02  3.74457E+00  3.34534E+00 -2.77663E-03  2.82037E-01
 8.59200E+02  3.89075E+00  3.39116E+00 -2.29867E-03  2.81047E-01
 8.60000E+02  4.03460E+00  3.41857E+00 -2.25478E-03  2.81917E-01
 8.60800E+02  4.12957E+00  3.41844E+00 -2.38493E-03  2.84611E-01
 8.61600E+02  4.14347E+00  3.39470E+00 -2.27196E-03  2.88119E-01
 8.62400E+02  4.07814E+00  3.35150E+00 -1.61253E-03  2.90960E-01
 8.63200E+02  3.99023E+00  3.30873E+00 -4.43452E-04  2.92279E-01
 8.64000E+02  3.95513E+00  3.28914E+00  7.93085E-04  2.91538E-01
 8.64800E+02  4.04182E+00  3.31906E+00  1.56861E-03  2.88579E-01
 8.65600E+02  4.29390E+00  3.41220E+00  1.70698E-03  2.83438E-01
 8.66400E+02  4.68381E+00  3.55306E+00  1.50663E-03  2.77389E-01
 8.67200E+02  5.05835E+00  3.68457E+00  1.45115E-03  2.72710E-01
 8.68000E+02  5.20918E+00  3.74289E+00  1.93407E-03  2.71257E-01
 8.68800E+02  5.04599E+00  3.69737E+00  3.08662E-03  2.73638E-01
 8.69600E+02  4.69582E+00  3.58606E+00  4.68667E-03  2.78687E-01
 8.70400E+02  4.39453E+00  3.48422E+00  6.11433E-03  2.84136E-01
 8.71200E+02  4.30017E+00  3.45356E+00  6.86068E-03  2.87377E-01
 8.72000E+02  4.42126E+00  3.50902E+00  7.10787E-03  2.87309E-01
 8.72800E+02  4.65623E+00  3.63455E+00  7.42344E-03  2.84255E-01
 8.73600E+02  4.86891E+00  3.76513E+00  8.06605E-03  2.80136E-01
 8.74400E+02  4.93820E+00  3.82958E+00  9.01855E-03  2.77224E-01
 8.75200E+02  4.82348E+00  3.78648E+00  1.02467E-02  2.76476E-01
 8.76000E+02  4.58679E+00  3.67111E+00  1.16125E-02  2.77240E-01
 8.76800E+02  4.34828E+00  3.55278E+00  1.26417E-02  2.78288E-01
 8.77600E+02  4.20318E+00  3.48212E+00  1.26621E-02  2.79205E-01
 8.78400E+02  4.18530E+00  3.47179E+00  1.14263E-02  2.81035E-01
 8.79200E+02  4.27710E+00  3.50491E+00  9.47750E-03  2.84429E-01
 8.80000E+02  4.41562E+00  3.55140E+00  7.68494E-03  2.88820E-01
 8.80800E+02  4.51077E+00  3.56973E+00  6.54066E-03  2.92600E-01
 8.81600E+02  4.50531E+00  3.53707E+00  5.98252E-03  2.94915E-01
 8.82400E+02  4.40831E+00  3.45989E+00  5.62593E-03  2.95911E-01
 8.83200E+02  4.26317E+00  3.37745E+00  5.03983E-03  2.96184E-01
 8.84000E+02  4.11917E+00  3.31673E+00  4.09158E-03  2.96284E-01
 8.84800E+02  4.00309E+00  3.29386E+00  2.98904E-03  2.96653E-01
 8.85600E+02  3.94711E+00  3.30237E+00  2.01735E-03  2.97384E-01
 8.86400E+02  3.95328E+00  3.33442E+00  1.15123E-03  2.98466E-01
 8.87200E+02  3.99190E+00  3.37046E+00  2.49824E-04  2.99629E-01
 8.88000E+02  4.01552E+00  3.39922E+00 -4.57151E-04  3.00469E-01
 8.88800E+02  4.01213E+00  3.41933E+00 -4.43194E-04  3.00626E-01
 8.89600E+02  4.00664E+00  3.43764E+00  3.82291E-04  3.00527E-01
 8.90400E+02  4.01159E+00  3.45391E+00  1.42962E-03  3.00556E-01
 8.91200E+02  4.00264E+00  3.45176E+00  2.26453E-03  3.00901E-01
 8.92000E+02  3.93588E+00  3.42193E+00  3.03632E-03  3.01370E-01
 8.92800E+02  3.81172E+00  3.36830E+00  4.00791E-03  3.01900E-01
 8.93600E+02  3.67928E+00  3.31482E+00  5.05171E-03  3.02294E-01
 8.94400E+02  3.59203E+00  3.27583E+00  5.67195E-03  3.02580E-01
 8.95200E+02  3.56862E+00  3.25746E+00  5.45569E-03  3.02683E-01
 8.96000E+02  3.58669E+00  3.24877E+00  4.43567E-03  3.02700E-01
 8.96800E+02  3.61850E+00  3.24644E+00  3.04872E-03  3.02755E-01
 8.97600E+02  3.65833E+00  3.24706E+00  1.87403E-03  3.02901E-01
 8.98400E+02  3.71127E+00  3.25072E+00  1.25566E-03  3.03099E-01
 8.99200E+02  3.77005E+00  3.25818E+00  1.44939E-03  3.03667E-01
 9.00000E+02  3.80998E+00  3.27515E+00  2.33639E-03  3.04560E-01
 9.00800E+02  3.82478E+00  3.30622E+00  3.40075E-03  3.05875E-01
 9.01600E+02  3.83315E+00  3.34799E+00  3.52808E-03  3.07314E-01
 9.02400E+02  3.86255E+00  3.39155E+00  1.78340E-03  3.08416E-01
 9.03200E+02  3.91670E+00  3.41653E+00 -1.45376E-03  3.08854E-01
 9.04000E+02  3.96105E+00  3.42200E+00 -4.65917E-03  3.08433E-01
 9.04800E+02  3.97783E+00  3.42148E+00 -6.27618E-03  3.07305E-01
 9.05600E+02  3.98286E+00  3.42465E+00 -6.08379E-03  3.05558E-01
 9.06400E+02  4.02027E+00  3.43438E+00 -5.47214E-03  3.03300E-01
 9.07200E+02  4.10567E+00  3.44871E+00 -5.83970E-03  3.01196E-01
 9.08000E+02  4.19075E+00  3.47141E+00 -6.89105E-03  3.00383E-01
 9.08800E+02  4.20170E+00  3.50826E+00 -7.05662E-03  3.01351E-01
 9.09600E+02  4.11629E+00  3.54918E+00 -5.36604E-03  3.03218E-01
 9.10400E+02  3.98759E+00  3.56945E+00 -2.27644E-03  3.04455E-01
 9.11200E+02  3.89316E+00  3.55302E+00  8.03374E-04  3.03928E-01
 9.12000E+02  3.86622E+00  3.50714E+00  2.93059E-03  3.01766E-01
 9.12800E+02  3.88095E+00  3.45427E+00  4.25226E-03  2.99306E-01
 9.13600E+02  3.88358E+00  3.41068E+00  5.19925E-03  2.97960E-01
 9.14400E+02  3.86112E+00  3.38156E+00  5.72146E-03  2.98281E-01
 9.15200E+02  3.85165E+00  3.37484E+00  5.44709E-03  2.99180E-01
 9.16000E+02  3.89181E+00  3.39932E+00  4.43354E-03  2.99458E-01
 9.16800E+02  3.96386E+00  3.44819E+00  3.34864E-03  2.98799E-01
 9.17600E+02  4.01542E+00  3.50089E+00  2.87216E-03  2.98172E-01
 9.18400E+02  4.01653E+00  3.53099E+00  3.22816E-03  2.98577E-01
 9.19200E+02  3.98859E+00  3.53118E+00  4.24847E-03  3.00200E-01
 9.20000E+02  3.95999E+00  3.52264E+00  5.59758E-03  3.02746E-01
 9.20800E+02  3.94854E+00  3.54079E+00  6.97592E-03  3.06135E-01
 9.21600E+02  3.94515E+00  3.58833E+00  8.18383E-03  3.09761E-01
 9.22400E+02  3.93008E+00  3.63739E+00  9.13266E-03  3.12410E-01
 9.23200E+02  3.88848E+00  3.64494E+00  9.84565E-03  3.13305E-01
 9.24000E+02  3.82418E+00  3.60003E+00  1.03729E-02  3.12766E-01
 9.24800E+02  3.75570E+00  3.52657E+00  1.07335E-02  3.11761E-01
 9.25600E+02  3.69547E+00  3.46085E+00  1.09212E-02  3.11294E-01
 9.26400E+02  3.63178E+00  3.40945E+00  1.09696E-02  3.11455E-01
 9.27200E+02  3.56158E+00  3.37288E+00  1.09741E-02  3.11840E-01
 9.28000E+02  3.50912E+00  3.34757E+00  1.09583E-02  3.12202E-01
 9.28800E+02  3.50030E+00  3.33753E+00  1.08280E-02  3.12368E-01
 9.29600E+02  3.53878E+00  3.34714E+00  1.02809E-02  3.12544E-01
 9.30400E+02  3.60702E+00  3.35997E+00  9.01993E-03  3.12540E-01
 9.31200E+02  3.68650E+00  3.36905E+00  6.99461E-03  3.12331E-01
 9.32000E+02  3.76470E+00  3.37315E+00  4.50223E-03  3.11590E-01
 9.32800E+02  3.84451E+00  3.37930E+00  1.97026E-03  3.10306E-01
 9.33600E+02  3.93928E+00  3.39691E+00 -3.33810E-04  3.08770E-01
 9.34400E+02  4.04765E+00  3.42962E+00 -2.34326E-03  3.07489E-01
 9.35200E+02  4.13549E+00  3.46773E+00 -3.81585E-03  3.06973E-01
 9.36000E+02  4.15377E+00  3.50438E+00 -4.37417E-03  3.07071E-01
 9.36800E+02  4.08128E+00  3.54048E+00 -3.95724E-03  3.07096E-01
 9.37600E+02  3.96242E+00  3.57865E+00 -3.02844E-03  3.06398E-01
 9.38400E+02  3.86205E+00  3.61202E+00 -2.11825E-03  3.05109E-01
 9.39200E+02  3.80875E+00  3.62024E+00 -1.35570E-03  3.04034E-01
 9.40000E+02  3.78563E+00  3.58964E+00 -5.01618E-04  3.04075E-01
 9.40800E+02  3.75587E+00  3.52903E+00  4.89441E-04  3.05547E-01
 9.41600E+02  3.71617E+00  3.46588E+00  1.51287E-03  3.07561E-01
 9.42400E+02  3.69073E+00  3.42275E+00  2.28769E-03  3.09095E-01
 9.43200E+02  3.71589E+00  3.40888E+00  2.75890E-03  3.09524E-01
 9.44000E+02  3.79800E+00  3.41813E+00  3.01140E-03  3.09014E-01
 9.44800E+02  3.92545E+00  3.43842E+00  3.03857E-03  3.08485E-01
 9.45600E+02  4.08160E+00  3.46522E+00  2.81094E-03  3.08516E-01
 9.46400E+02  4.25222E+00  3.49957E+00  2.53224E-03  3.09068E-01
 9.47200E+02  4.40500E+00  3.54211E+00  2.74750E-03  3.09907E-01
 9.48000E+02  4.49906E+00  3.58902E+00  3.61653E-03  3.10481E-01
 9.48800E+02  4.51398E+00  3.63564E+00  4.57175E-03  3.10074E-01
 9.49600E+02  4.49152E+00  3.68629E+00  4.65494E-03  3.08476E-01
 9.50400E+02  4.49063E+00  3.73150E+00  3.30517E-03  3.05973E-01
 9.51200E+02  4.54194E+00  3.74927E+00  9.33721E-04  3.03673E-01
 9.52000E+02  4.61938E+00  3.73088E+00 -1.36146E-03  3.02521E-01
 9.52800E+02  4.65965E+00  3.69251E+00 -2.69154E-03  3.03034E-01
 9.53600E+02  4.62302E+00  3.65834E+00 -2.69103E-03  3.04300E-01
 9.54400E+02  4.51907E+00  3.64721E+00 -1.69319E-03  3.05090E-01
 9.55200E+02  4.40017E+00  3.66374E+00 -3.48776E-04  3.04727E-01
 9.56000E+02  4.31572E+00  3.68556E+00  9.06583E-04  3.04025E-01
 9.56800E+02  4.26952E+00  3.68593E+00  1.94507E-03  3.04106E-01
 9.57600E+02  4.23608E+00  3.65692E+00  2.98017E-03  3.05658E-01
 9.58400E+02  4.19756E+00  3.60333E+00  4.08559E-03  3.07950E-01
 9.59200E+02  4.15920E+00  3.55163E+00  5.17257E-03  3.09879E-01
 9.60000E+02  4.13452E+00  3.51765E+00  5.97287E-03  3.10978E-01
 9.60800E+02  4.12803E+00  3.50292E+00  6.19625E-03  3.11255E-01
 9.61600E+02  4.13948E+00  3.49539E+00  5.68897E-03  3.10858E-01
 9.62400E+02  4.18104E+00  3.49267E+00  4.47563E-03  3.10054E-01
 9.63200E+02  4.27443E+00  3.49859E+00  2.77407E-03  3.08807E-01
 9.64000E+02  4.40645E+00  3.51604E+00  1.11668E-03  3.07916E-01
 9.64800E+02  4.51392E+00  3.54614E+00  1.53149E-04  3.07947E-01
 9.65600E+02  4.52698E+00  3.59618E+00  2.84261E-04  3.09235E-01
 9.66400E+02  4.43294E+00  3.66903E+00  1.64044E-03  3.10984E-01
 9.67200E+02  4.28220E+00  3.76088E+00  3.74624E-03  3.12030E-01
 9.68000E+02  4.14025E+00  3.84198E+00  5.86694E-03  3.12128E-01
 9.68800E+02  4.03349E+00  3.86282E+00  7.24275E-03  3.11983E-01
 9.69600E+02  3.95939E+00  3.79887E+00  7.39356E-03  3.12464E-01
 9.70400E+02  3.91005E+00  3.68140E+00  6.20461E-03  3.13303E-01
 9.71200E+02  3.89453E+00  3.57594E+00  4.03662E-03  3.13781E-01
 9.72000E+02  3.91357E+00  3.51578E+00  1.78364E-03  3.13512E-01
 9.72800E+02  3.94592E+00  3.49657E+00  3.04691E-04  3.13173E-01
 9.73600E+02  3.94791E+00  3.49683E+00  1.25348E-04  3.13778E-01
 9.74400E+02  3.89981E+00  3.49813E+00  1.30972E-03  3.15255E-01
 9.75200E+02  3.82518E+00  3.50100E+00  3.33610E-03  3.16789E-01
 9.76000E+02  3.76687E+00  3.51138E+00  5.52414E-03  3.17852E-01
 9.76800E+02  3.74336E+00  3.52605E+00  7.25735E-03  3.18378E-01
 9.77600E+02  3.74494E+00  3.54174E+00  8.10222E-03  3.19160E-01
 9.78400E+02  3.75301E+00  3.55861E+00  7.79699E-03  3.20290E-01
 9.79200E+02  3.76820E+00  3.57746E+00  6.21743E-03  3.21414E-01
 9.80000E+02  3.80175E+00  3.59378E+00  3.59807E-03  3.22007E-01
 9.80800E+02  3.84350E+00  3.59026E+00  8.58598E-04  3.22110E-01
 9.81600E+02  3.85842E+00  3.56003E+00 -7.73230E-04  3.22140E-01
 9.82400E+02  3.81839E+00  3.51283E+00 -6.34065E-04  3.22659E-01
 9.83200E+02  3.74358E+00  3.46472E+00  9.92128E-04  3.23698E-01
 9.84000E+02  3.68404E+00  3.43227E+00  3.23602E-03  3.24751E-01
 9.84800E+02  3.66522E+00  3.42112E+00  5.23949E-03  3.25536E-01
 9.85600E+02  3.68421E+00  3.42658E+00  6.60499E-03  3.26035E-01
 9.86400E+02  3.71938E+00  3.44380E+00  7.27926E-03  3.26315E-01
 9.87200E+02  3.75140E+00  3.46674E+00  7.20388E-03  3.26446E-01
 9.88000E+02  3.77120E+00  3.48740E+00  6.58011E-03  3.26590E-01
 9.88800E+02  3.77197E+00  3.49861E+00  5.71452E-03  3.26734E-01
 9.89600E+02  3.76113E+00  3.49028E+00  4.99085E-03  3.26736E-01
 9.90400E+02  3.75144E+00  3.46987E+00  4.35359E-03  3.26644E-01
 9.91200E+02  3.77046E+00  3.45061E+00  3.39956E-03  3.26310E-01
 9.92000E+02  3.83698E+00  3.44217E+00  1.81320E-03  3.25848E-01
 9.92800E+02  3.93366E+00  3.44565E+00 -2.18937E-04  3.25253E-01
 9.93600E+02  4.01941E+00  3.45493E+00 -1.73297E-03  3.24635E-01
 9.94400E+02  4.05336E+00  3.46381E+00 -1.95919E-03  3.24293E-01
 9.95200E+02  4.03289E+00  3.46797E+00 -8.92577E-04  3.24069E-01
 9.96000E+02  3.99820E+00  3.47015E+00  7.15342E-04  3.23939E-01
 9.96800E+02  3.99189E+00  3.47450E+00  2.03256E-03  3.23653E-01
 9.97600E+02  4.01792E+00  3.48069E+00  2.83123E-03  3.23316E-01
 9.98400E+02  4.05405E+00  3.48603E+00  3.26582E-03  3.23078E-01
 9.99200E+02  4.08771E+00  3.49114E+00  3.43190E-03  3.23108E-01
 1.00000E+03  4.11674E+00  3.49299E+00  3.41638E-03  3.23233E-01
 1.00080E+03  4.14101E+00  3.49591E+00  3.48126E-03  3.23297E-01
 1.00160E+03  4.14882E+00  3.50232E+00  3.96349E-03  3.23326E-01
 1.00240E+03  4.13021E+00  3.50743E+00  4.90244E-03  3.23397E-01
 1.00320E+03  4.09575E+00  3.50856E+00  5.91722E-03  3.23666E-01
 1.00400E+03  4.06905E+00  3.50621E+00  6.44624E-03  3.24131E-01
 1.00480E+03  4.08648E+00  3.50080E+00  6.12093E-03  3.24431E-01
 1.00560E+03  4.17028E+00  3.50251E+00  4.97460E-03  3.24306E-01
 1.00640E+03  4.30738E+00  3.50969E+00  3.45847E-03  3.23796E-01
 1.00720E+03  4.44602E+00  3.51591E+00  2.16648E-03  3.23259E-01
 1.00800E+03  4.53214E+00  3.52130E+00  1.54899E-03  3.23098E-01
 1.00880E+03  4.55322E+00  3.52280E+00  1.68534E-03  3.23265E-01
 1.00960E+03  4.53645E+00  3.52328E+00  2.23103E-03  3.23610E-01
 1.01040E+03  4.51594E+00  3.52523E+00  2.72956E-03  3.23986E-01
 1.01120E+03  4.49630E+00  3.52846E+00  2.93163E-03  3.24230E-01
 1.01200E+03  4.46680E+00  3.53164E+00  2.93272E-03  3.24325E-01
 1.01280E+03  4.42435E+00  3.53546E+00  2.92843E-03  3.24338E-01
 1.01360E+03  4.37877E+00  3.53946E+00  2.95731E-03  3.24450E-01
 1.01440E+03  4.34883E+00  3.54668E+00  2.86270E-03  3.24432E-01
 1.01520E+03  4.34443E+00  3.55513E+00  2.43558E-03  3.24435E-01
 1.01600E+03  4.36230E+00  3.56090E+00  1.71130E-03  3.24274E-01
 1.01680E+03  4.37643E+00  3.56447E+00  8.73458E-04  3.24298E-01
 1.01760E+03  4.37214E+00  3.56176E+00  2.68258E-04  3.24540E-01
 1.01840E+03  4.35394E+00  3.55708E+00  1.33846E-04  3.25050E-01
 1.01920E+03  4.32897E+00  3.55165E+00  5.07293E-04  3.25804E-01
 1.02000E+03  4.30536E+00  3.54595E+00  1.19875E-03  3.26489E-01
 1.02080E+03  4.28627E+00  3.54199E+00  1.91660E-03  3.27038E-01
 1.02160E+03  4.27057E+00  3.53891E+00  2.43518E-03  3.27508E-01
 1.02240E+03  4.26270E+00  3.54093E+00  2.49101E-03  3.27863E-01
 1.02320E+03  4.26633E+00  3.54245E+00  1.91561E-03  3.28187E-01
 1.02400E+03  4.28371E+00  3.54690E+00  9.02827E-04  3.28454E-01
 1.02480E+03  4.31482E+00  3.55404E+00 -3.16357E-04  3.28667E-01
 1.02560E+03  4.35990E+00  3.56293E+00 -1.33108E-03  3.28741E-01
 1.02640E+03  4.41277E+00  3.57242E+00 -1.92389E-03  3.28714E-01
 1.02720E+03  4.46419E+00  3.58167E+00 -1.89842E-03  3.28572E-01
 1.02800E+03  4.49969E+00  3.59022E+00 -1.13325E-03  3.28361E-01
 1.02880E+03  4.51033E+00  3.59773E+00  2.23286E-04  3.28046E-01
 1.02960E+03  4.49755E+00  3.60261E+00  1.60805E-03  3.27834E-01
 1.03040E+03  4.47160E+00  3.60504E+00  2.57236E-03  3.27796E-01
 1.03120E+03  4.44702E+00  3.60430E+00  2.94414E-03  3.27857E-01
 1.03200E+03  4.43623E+00  3.60217E+00  2.89668E-03  3.27876E-01
 1.03280E+03  4.43863E+00  3.60023E+00  2.71188E-03  3.27844E-01
 1.03360E+03  4.43908E+00  3.59828E+00  2.64186E-03  3.27849E-01
 1.03440E+03  4.42805E+00  3.59566E+00  2.71065E-03  3.28089E-01
 1.03520E+03  4.40894E+00  3.59270E+00  2.78963E-03  3.28533E-01
 1.03600E+03  4.39826E+00  3.59280E+00  2.94442E-03  3.29100E-01
 1.03680E+03  4.40110E+00  3.59177E+00  3.25733E-03  3.29859E-01
 1.03760E+03  4.40900E+00  3.59250E+00  3.66653E-03  3.30501E-01
 1.03840E+03  4.41523E+00  3.59344E+00  3.93497E-03  3.31014E-01
 1.03920E+03  4.42685E+00  3.59564E+00  3.74846E-03  3.31313E-01
 1.04000E+03  4.45545E+00  3.59937E+00  2.84129E-03  3.31443E-01
 1.04080E+03  4.49699E+00  3.60393E+00  1.45682E-03  3.31331E-01
 1.04160E+03  4.52987E+00  3.60766E+00  1.71276E-04  3.31359E-01
 1.04240E+03  4.53644E+00  3.60998E+00 -5.86893E-04  3.31443E-01
 1.04320E+03  4.52244E+00  3.61010E+00 -7.14094E-04  3.31666E-01
 1.04400E+03  4.50897E+00  3.61089E+00 -5.34977E-04  3.31942E-01
 1.04480E+03  4.51198E+00  3.61415E+00 -2.12361E-04  3.31981E-01
 1.04560E+03  4.51989E+00  3.61976E+00  3.36421E-04  3.31809E-01
 1.04640E+03  4.51954E+00  3.62605E+00  1.14417E-03  3.31484E-01
 1.04720E+03  4.50804E+00  3.63060E+00  1.93663E-03  3.31104E-01
 1.04800E+03  4.49199E+00  3.63399E+00  2.46891E-03  3.30811E-01
 1.04880E+03  4.48086E+00  3.63551E+00  2.73898E-03  3.30707E-01
 1.04960E+03  4.47080E+00  3.63553E+00  2.85032E-03  3.30599E-01
 1.05040E+03  4.44848E+00  3.63289E+00  3.02063E-03  3.30722E-01
 1.05120E+03  4.40265E+00  3.63012E+00  3.31877E-03  3.31054E-01
 1.05200E+03  4.33737E+00  3.62197E+00  3.76871E-03  3.31738E-01
 1.05280E+03  4.27216E+00  3.61120E+00  4.19359E-03  3.32596E-01
 1.05360E+03  4.23071E+00  3.60220E+00  4.41986E-03  3.33495E-01
 1.05440E+03  4.22723E+00  3.59614E+00  4.34449E-03  3.34284E-01
 1.05520E+03  4.26224E+00  3.59569E+00  4.00465E-03  3.34764E-01
 1.05600E+03  4.32220E+00  3.60001E+00  3.46830E-03  3.35106E-01
 1.05680E+03  4.38446E+00  3.60960E+00  3.09616E-03  3.35261E-01
 1.05760E+03  4.42069E+00  3.62275E+00  3.11424E-03  3.35413E-01
 1.05840E+03  4.41760E+00  3.63570E+00  3.55712E-03  3.35421E-01
 1.05920E+03  4.38416E+00  3.64418E+00  4.18943E-03  3.35288E-01
 1.06000E+03  4.33918E+00  3.64541E+00  4.74970E-03  3.35006E-01
 1.06080E+03  4.30235E+00  3.64216E+00  5.08564E-03  3.34753E-01
 1.06160E+03  4.28259E+00  3.63670E+00  5.06531E-03  3.34680E-01
 1.06240E+03  4.27733E+00  3.63150E+00  4.67827E-03  3.34732E-01
 1.06320E+03  4.27766E+00  3.62524E+00  3.93268E-03  3.34985E-01
 1.06400E+03  4.27487E+00  3.61856E+00  3.01398E-03  3.35421E-01
 1.06480E+03  4.26651E+00  3.61482E+00  2.21237E-03  3.35934E-01
 1.06560E+03  4.25843E+00  3.61135E+00  1.78098E-03  3.36430E-01
 1.06640E+03  4.25465E+00  3.61025E+00  1.76357E-03  3.36813E-01
 1.06720E+03  4.26621E+00  3.61222E+00  1.98902E-03  3.36932E-01
 1.06800E+03  4.29651E+00  3.61664E+00  2.32916E-03  3.36921E-01
 1.06880E+03  4.34428E+00  3.62178E+00  2.80647E-03  3.36804E-01
 1.06960E+03  4.39158E+00  3.62755E+00  3.57234E-03  3.36770E-01
 1.07040E+03  4.41855E+00  3.63155E+00  4.54863E-03  3.36772E-01
 1.07120E+03  4.40721E+00  3.63227E+00  5.34436E-03  3.36949E-01
 1.07200E+03  4.35639E+00  3.63013E+00  5.70829E-03  3.37291E-01
 1.07280E+03  4.27857E+00  3.62499E+00  5.66579E-03  3.37836E-01
 1.07360E+03  4.19168E+00  3.61954E+00  5.60711E-03  3.38383E-01
 1.07440E+03  4.11807E+00  3.61538E+00  5.71113E-03  3.38890E-01
 1.07520E+03  4.07150E+00  3.61633E+00  5.92171E-03  3.39212E-01
 1.07600E+03  4.05730E+00  3.61611E+00  6.10735E-03  3.39439E-01
 1.07680E+03  4.07183E+00  3.61742E+00  6.23145E-03  3.39586E-01
 1.07760E+03  4.10068E+00  3.61973E+00  6.32380E-03  3.39624E-01
 1.07840E+03  4.12683E+00  3.62245E+00  6.30894E-03  3.39760E-01
 1.07920E+03  4.14604E+00  3.62478E+00  6.07493E-03  3.39816E-01
 1.08000E+03  4.14796E+00  3.62591E+00  5.61417E-03  3.39908E-01
 1.08080E+03  4.13448E+00  3.62555E+00  5.16965E-03  3.40137E-01
 1.08160E+03  4.11027E+00  3.62423E+00  5.00201E-03  3.40308E-01
 1.08240E+03  4.08180E+00  3.62275E+00  5.14774E-03  3.40586E-01
 1.08320E+03  4.05444E+00  3.62149E+00  5.44525E-03  3.40760E-01
 1.08400E+03  4.03146E+00  3.62036E+00  5.60855E-03  3.40918E-01
 1.08480E+03  4.01481E+00  3.61933E+00  5.53375E-03  3.41132E-01
 1.08560E+03  4.01229E+00  3.61878E+00  5.26937E-03  3.41311E-01
 1.08640E+03  4.01904E+00  3.61889E+00  5.05133E-03  3.41491E-01
 1.08720E+03  4.02967E+00  3.62190E+00  5.08723E-03  3.41629E-01
 1.08800E+03  4.03505E+00  3.62247E+00  5.45271E-03  3.41868E-01
 1.08880E+03  4.02856E+00  3.62332E+00  5.97767E-03  3.42046E-01
 1.08960E+03  4.00973E+00  3.62309E+00  6.47179E-03  3.42323E-01
 1.09040E+03  3.98342E+00  3.62288E+00  6.85441E-03  3.42499E-01
 1.09120E+03  3.96138E+00  3.62318E+00  7.08707E-03  3.42661E-01
 1.09200E+03  3.94877E+00  3.62427E+00  7.13466E-03  3.42758E-01
 1.09280E+03  3.94589E+00  3.62607E+00  7.08090E-03  3.42839E-01
 1.09360E+03  3.95161E+00  3.62822E+00  6.94644E-03  3.42984E-01
 1.09440E+03  3.96000E+00  3.63031E+00  6.74322E-03  3.43053E-01
 1.09520E+03  3.96832E+00  3.63182E+00  6.51228E-03  3.43130E-01
 1.09600E+03  3.97439E+00  3.63257E+00  6.23879E-03  3.43211E-01
 1.09680E+03  3.97854E+00  3.63284E+00  5.93843E-03  3.43321E-01
 1.09760E+03  3.98226E+00  3.63302E+00  5.66640E-03  3.43508E-01
 1.09840E+03  3.98285E+00  3.63308E+00  5.64691E-03  3.43638E-01
 1.09920E+03  3.97525E+00  3.63266E+00  5.98657E-03  3.43914E-01
