   9.7979e+04   0.0000e+00   0.0000e+00
   9.3993e+04   0.0000e+00   0.0000e+00
   9.0169e+04   0.0000e+00   0.0000e+00
   8.6501e+04   0.0000e+00   0.0000e+00
   8.2983e+04   0.0000e+00   0.0000e+00
   7.9607e+04   0.0000e+00   0.0000e+00
   7.6369e+04   0.0000e+00   0.0000e+00
   7.3262e+04   0.0000e+00   0.0000e+00
   7.0282e+04   0.0000e+00   0.0000e+00
   6.7423e+04   0.0000e+00   0.0000e+00
   6.4680e+04   0.0000e+00   0.0000e+00
   6.2049e+04   0.0000e+00   0.0000e+00
   5.9525e+04   0.0000e+00   0.0000e+00
   5.7103e+04   0.0000e+00   0.0000e+00
   5.4781e+04   0.0000e+00   0.0000e+00
   5.2552e+04   0.0000e+00   0.0000e+00
   5.0414e+04   0.0000e+00   0.0000e+00
   4.8364e+04   0.0000e+00   0.0000e+00
   4.6396e+04   0.0000e+00   0.0000e+00
   4.4509e+04   0.0000e+00   0.0000e+00
   4.2698e+04   0.0000e+00   0.0000e+00
   4.0961e+04   0.0000e+00   0.0000e+00
   3.9295e+04   0.0000e+00   0.0000e+00
   3.7697e+04   0.0000e+00   0.0000e+00
   3.6163e+04   0.0000e+00   0.0000e+00
   3.4692e+04   0.0000e+00   0.0000e+00
   3.3281e+04   0.0000e+00   0.0000e+00
   3.1927e+04   0.0000e+00   0.0000e+00
   3.0628e+04   0.0000e+00   0.0000e+00
   2.9382e+04   0.0000e+00   0.0000e+00
   2.8187e+04   0.0000e+00   0.0000e+00
   2.7040e+04   0.0000e+00   0.0000e+00
   2.5940e+04   0.0000e+00   0.0000e+00
   2.4885e+04   0.0000e+00   0.0000e+00
   2.3873e+04   0.0000e+00   0.0000e+00
   2.2902e+04   0.0000e+00   0.0000e+00
   2.1970e+04   0.0000e+00   0.0000e+00
   2.1076e+04   0.0000e+00   0.0000e+00
   2.0219e+04   0.0000e+00   0.0000e+00
   1.9397e+04   0.0000e+00   0.0000e+00
   1.8608e+04   0.0000e+00   0.0000e+00
   1.7851e+04   0.0000e+00   0.0000e+00
   1.7124e+04   0.0000e+00   0.0000e+00
   1.6428e+04   0.0000e+00   0.0000e+00
   1.5760e+04   0.0000e+00   0.0000e+00
   1.5118e+04   0.0000e+00   0.0000e+00
   1.4503e+04   0.0000e+00   0.0000e+00
   1.3913e+04   0.0000e+00   0.0000e+00
   1.3348e+04   0.0000e+00   0.0000e+00
   1.2805e+04   0.0000e+00   0.0000e+00
   1.2284e+04   0.0000e+00   0.0000e+00
   1.1784e+04   0.0000e+00   0.0000e+00
   1.1305e+04   0.0000e+00   0.0000e+00
   1.0845e+04   0.0000e+00   0.0000e+00
   1.0404e+04   0.0000e+00   0.0000e+00
   9.9804e+03   0.0000e+00   0.0000e+00
   9.5744e+03   0.0000e+00   0.0000e+00
   9.1849e+03   0.0000e+00   0.0000e+00
   8.8113e+03   0.0000e+00   0.0000e+00
   8.4529e+03   0.0000e+00   0.0000e+00
   8.1090e+03   0.0000e+00   0.0000e+00
   7.7791e+03   0.0000e+00   0.0000e+00
   7.4627e+03   0.0000e+00   0.0000e+00
   7.1591e+03   0.0000e+00   0.0000e+00
   6.8679e+03   0.0000e+00   0.0000e+00
   6.5885e+03   0.0000e+00   0.0000e+00
   6.3205e+03   0.0000e+00   0.0000e+00
   6.0634e+03   0.0000e+00   0.0000e+00
   5.8167e+03   0.0000e+00   0.0000e+00
   5.5801e+03   0.0000e+00   0.0000e+00
   5.3531e+03   0.0000e+00   0.0000e+00
   5.1354e+03   0.0000e+00   0.0000e+00
   4.9265e+03   0.0000e+00   0.0000e+00
   4.7261e+03   0.0000e+00   0.0000e+00
   4.5338e+03   0.0000e+00   0.0000e+00
   4.3494e+03   0.0000e+00   0.0000e+00
   4.1724e+03   0.0000e+00   0.0000e+00
   4.0027e+03   0.0000e+00   0.0000e+00
   3.8399e+03   0.0000e+00   0.0000e+00
   3.6837e+03   0.0000e+00   0.0000e+00
   3.5338e+03   0.0000e+00   0.0000e+00
   3.3901e+03   0.0000e+00   0.0000e+00
   3.2522e+03   0.0000e+00   0.0000e+00
   3.1199e+03   0.0000e+00   0.0000e+00
   2.9930e+03   0.0000e+00   0.0000e+00
   2.8712e+03   0.0000e+00   0.0000e+00
   2.7544e+03   0.0000e+00   0.0000e+00
   2.6424e+03   0.0000e+00   0.0000e+00
   2.5349e+03   0.0000e+00   0.0000e+00
   2.4318e+03   0.0000e+00   0.0000e+00
   2.3328e+03   0.0000e+00   0.0000e+00
   2.2379e+03   0.0000e+00   0.0000e+00
   2.1469e+03   0.0000e+00   0.0000e+00
   2.0596e+03   0.0000e+00   0.0000e+00
   1.9758e+03   0.0000e+00   7.1145e+05
   1.8954e+03   0.0000e+00   0.0000e+00
   1.8183e+03   0.0000e+00   0.0000e+00
   1.7443e+03   0.0000e+00   7.4708e+05
   1.6734e+03   0.0000e+00   0.0000e+00
   1.6053e+03   0.0000e+00   0.0000e+00
   1.5400e+03   0.0000e+00   0.0000e+00
   1.4774e+03   0.0000e+00   6.8409e+05
   1.4173e+03   0.0000e+00   0.0000e+00
   1.3596e+03   0.0000e+00   0.0000e+00
   1.3043e+03   0.0000e+00   6.5641e+04
   1.2512e+03   0.0000e+00   7.3406e+05
   1.2004e+03   0.0000e+00   6.4852e+05
   1.1515e+03   6.7276e+06   2.9652e+06
   1.1047e+03   2.8405e+07   9.6788e+06
   1.0597e+03   4.0365e+07   1.2411e+07
   1.0166e+03   6.0548e+07   2.3340e+07
   9.7528e+02   4.9336e+07   1.5656e+07
   9.3560e+02   5.8306e+07   2.1285e+07
   8.9754e+02   5.9801e+07   2.6096e+07
   8.6103e+02   6.1296e+07   2.5488e+07
   8.2601e+02   7.2508e+07   2.1183e+07
   7.9241e+02   8.6711e+07   2.9742e+07
   7.6017e+02   8.8206e+07   2.3974e+07
   7.2925e+02   8.8953e+07   2.8341e+07
   6.9958e+02   1.0615e+08   2.9374e+07
   6.7112e+02   1.0615e+08   3.3428e+07
   6.4382e+02   1.2184e+08   4.5453e+07
   6.1763e+02   1.5847e+08   5.3615e+07
   5.9251e+02   1.3904e+08   4.0793e+07
   5.6841e+02   1.6370e+08   6.6198e+07
   5.4528e+02   1.7566e+08   7.0905e+07
   5.2310e+02   2.0631e+08   8.4999e+07
   5.0182e+02   1.9734e+08   6.9778e+07
   4.8141e+02   2.2276e+08   1.0169e+08
   4.6183e+02   2.5939e+08   1.1032e+08
   4.4304e+02   2.9377e+08   1.2530e+08
   4.2502e+02   3.1321e+08   1.3680e+08
   4.0773e+02   3.3862e+08   1.5874e+08
   3.9114e+02   3.9618e+08   1.7717e+08
   3.7523e+02   3.8945e+08   1.8383e+08
   3.5997e+02   4.2309e+08   2.1200e+08
   3.4532e+02   4.9934e+08   2.4457e+08
   3.3128e+02   4.9859e+08   2.7040e+08
   3.1780e+02   5.9801e+08   3.1725e+08
   3.0487e+02   6.0100e+08   3.6824e+08
   2.9247e+02   6.3389e+08   3.8381e+08
   2.8057e+02   7.7068e+08   4.6634e+08
   2.6916e+02   7.5947e+08   5.1725e+08
   2.5821e+02   8.2002e+08   5.9932e+08
   2.4771e+02   9.3439e+08   6.9950e+08
   2.3763e+02   9.9792e+08   8.1604e+08
   2.2796e+02   1.0794e+09   9.1130e+08
   2.1869e+02   1.2140e+09   1.0641e+09
   2.0979e+02   1.3336e+09   1.2251e+09
   2.0126e+02   1.4397e+09   1.3888e+09
   1.9307e+02   1.5384e+09   1.6273e+09
   1.8522e+02   1.6647e+09   1.8400e+09
   1.7768e+02   1.8202e+09   2.1163e+09
   1.7046e+02   1.9577e+09   2.4378e+09
   1.6352e+02   3.0012e+09   2.9611e+09
   1.5687e+02   4.0806e+09   3.5581e+09
   1.5049e+02   4.2705e+09   4.1388e+09
   1.4437e+02   4.6413e+09   4.7052e+09
   1.3849e+02   5.6467e+09   5.5238e+09
   1.3286e+02   6.7739e+09   6.2482e+09
   1.2746e+02   7.8586e+09   7.0360e+09
   1.2227e+02   9.2654e+09   8.1042e+09
   1.1730e+02   8.4738e+09   8.7908e+09
   1.1253e+02   9.0314e+09   9.9071e+09
   1.0795e+02   9.5494e+09   1.0904e+10
   1.0356e+02   1.0308e+10   1.2129e+10
   9.9344e+01   1.0630e+10   1.3465e+10
   9.5303e+01   1.1389e+10   1.5161e+10
   9.1426e+01   1.2125e+10   1.6599e+10
   8.7707e+01   1.3090e+10   1.8845e+10
   8.4139e+01   1.4182e+10   2.0995e+10
   8.0717e+01   1.4823e+10   2.2858e+10
   7.7433e+01   1.5354e+10   2.5277e+10
   7.4283e+01   1.6554e+10   2.7917e+10
   7.1262e+01   1.7658e+10   3.0350e+10
   6.8363e+01   1.8437e+10   3.2860e+10
   6.5582e+01   1.9545e+10   3.5674e+10
   6.2914e+01   2.0454e+10   3.8500e+10
   6.0355e+01   2.1252e+10   4.1072e+10
   5.7899e+01   2.1842e+10   4.4067e+10
   5.5544e+01   2.2855e+10   4.6532e+10
   5.3285e+01   2.3940e+10   4.9135e+10
   5.1117e+01   2.4561e+10   5.1845e+10
   4.9038e+01   2.5568e+10   5.3984e+10
   4.7043e+01   2.6338e+10   5.6549e+10
   4.5129e+01   2.7295e+10   5.7838e+10
   4.3293e+01   2.8260e+10   5.9415e+10
   4.1532e+01   2.9050e+10   6.0413e+10
   3.9843e+01   2.9998e+10   6.0860e+10
   3.8222e+01   3.0547e+10   6.1190e+10
   3.6667e+01   3.1476e+10   6.0481e+10
   3.5176e+01   3.2769e+10   5.9031e+10
   3.3745e+01   3.3491e+10   5.7451e+10
   3.2372e+01   3.4883e+10   5.5360e+10
   3.1055e+01   3.5545e+10   5.2819e+10
   2.9792e+01   3.6441e+10   5.0238e+10
   2.8580e+01   3.6890e+10   4.7168e+10
   2.7417e+01   3.7662e+10   4.4550e+10
   2.6302e+01   3.8295e+10   4.1730e+10
   2.5232e+01   3.9079e+10   3.9085e+10
   2.4206e+01   3.9749e+10   3.6392e+10
   2.3221e+01   4.0339e+10   3.3755e+10
   2.2276e+01   4.1308e+10   3.1299e+10
   2.1370e+01   4.1961e+10   2.8493e+10
   2.0501e+01   4.2319e+10   2.6046e+10
   1.9667e+01   4.2017e+10   2.3451e+10
   1.8867e+01   4.2781e+10   2.1267e+10
   1.8099e+01   4.4023e+10   1.9482e+10
   1.7363e+01   4.4554e+10   1.8100e+10
   1.6657e+01   4.4948e+10   1.7171e+10
   1.5979e+01   4.5290e+10   1.6309e+10
   1.5329e+01   4.5482e+10   1.5572e+10
   1.4706e+01   4.6477e+10   1.4871e+10
   1.4107e+01   4.6575e+10   1.3763e+10
   1.3534e+01   4.7095e+10   1.2261e+10
   1.2983e+01   4.7767e+10   1.0483e+10
   1.2455e+01   4.8704e+10   8.7221e+09
   1.1948e+01   4.8612e+10   7.0944e+09
   1.1462e+01   4.8560e+10   5.6527e+09
   1.0996e+01   4.9390e+10   4.4772e+09
   1.0549e+01   4.9612e+10   3.3912e+09
   1.0120e+01   4.9182e+10   2.6520e+09
   9.7079e+00   4.9632e+10   2.1311e+09
   9.3130e+00   5.0389e+10   1.8866e+09
   8.9341e+00   5.0324e+10   2.0220e+09
   8.5707e+00   5.0120e+10   2.2723e+09
   8.2220e+00   5.0600e+10   2.5889e+09
   7.8876e+00   5.1310e+10   3.0295e+09
   7.5667e+00   5.1867e+10   3.3277e+09
   7.2589e+00   5.1256e+10   3.4422e+09
   6.9636e+00   5.1184e+10   3.1548e+09
   6.6803e+00   5.1369e+10   2.8513e+09
   6.4086e+00   5.1533e+10   2.4550e+09
   6.1479e+00   5.1577e+10   2.0629e+09
   5.8978e+00   5.1973e+10   1.9694e+09
   5.6579e+00   5.1684e+10   1.7573e+09
   5.4277e+00   5.1159e+10   1.5379e+09
   5.2069e+00   5.0989e+10   1.3584e+09
   4.9951e+00   5.0659e+10   1.2069e+09
   4.7919e+00   5.0658e+10   1.0678e+09
   4.5970e+00   5.0586e+10   9.2233e+08
   4.4100e+00   5.0857e+10   8.3790e+08
   4.2306e+00   5.1412e+10   7.6607e+08
   4.0585e+00   5.1731e+10   7.1777e+08
   3.8934e+00   5.0856e+10   6.7607e+08
   3.7350e+00   5.0260e+10   6.5292e+08
   3.5831e+00   5.0564e+10   6.1081e+08
   3.4373e+00   5.0249e+10   5.7159e+08
   3.2975e+00   5.0028e+10   5.5300e+08
   3.1634e+00   4.9405e+10   5.7525e+08
   3.0347e+00   4.8964e+10   5.3850e+08
   2.9112e+00   4.8818e+10   5.9331e+08
   2.7928e+00   4.7420e+10   5.7392e+08
   2.6792e+00   4.6740e+10   5.9842e+08
   2.5702e+00   4.6192e+10   6.5403e+08
   2.4657e+00   4.5216e+10   6.2998e+08
   2.3654e+00   4.4335e+10   6.7775e+08
   2.2691e+00   4.4664e+10   7.4331e+08
   2.1768e+00   4.4863e+10   8.1682e+08
   2.0883e+00   4.4087e+10   9.0529e+08
   2.0033e+00   4.3344e+10   8.9917e+08
   1.9218e+00   4.2538e+10   9.9786e+08
   1.8437e+00   4.2471e+10   1.1198e+09
   1.7687e+00   4.2805e+10   1.1889e+09
   1.6967e+00   4.3445e+10   1.2325e+09
   1.6277e+00   4.3403e+10   1.3676e+09
   1.5615e+00   4.3834e+10   1.4446e+09
   1.4980e+00   4.4232e+10   1.4618e+09
   1.4370e+00   4.5272e+10   1.4620e+09
   1.3786e+00   4.6131e+10   1.6106e+09
   1.3225e+00   4.7153e+10   1.6409e+09
   1.2687e+00   4.8258e+10   1.7537e+09
   1.2171e+00   4.9868e+10   1.8560e+09
   1.1676e+00   5.1491e+10   1.9235e+09
   1.1201e+00   5.3783e+10   1.9766e+09
   1.0745e+00   5.5469e+10   2.1521e+09
   1.0308e+00   5.7859e+10   2.2298e+09
   9.8887e-01   5.9593e+10   2.3766e+09
   9.4864e-01   6.1711e+10   2.4936e+09
   9.1005e-01   6.3929e+10   2.6223e+09
   8.7303e-01   6.4977e+10   2.5980e+09
   8.3752e-01   6.5508e+10   2.6433e+09
   8.0345e-01   6.9835e+10   2.9359e+09
   7.7077e-01   7.2211e+10   3.0265e+09
   7.3941e-01   7.4391e+10   3.1114e+09
   7.0933e-01   7.5738e+10   3.3231e+09
   6.8048e-01   7.8823e+10   3.4565e+09
   6.5280e-01   8.2067e+10   3.6330e+09
   6.2624e-01   8.5528e+10   3.7376e+09
   6.0077e-01   9.0744e+10   3.9387e+09
   5.7633e-01   9.5051e+10   4.2284e+09
   5.5288e-01   9.8964e+10   4.2663e+09
   5.3039e-01   1.0391e+11   4.4843e+09
   5.0882e-01   1.0857e+11   4.6888e+09
   4.8812e-01   1.1436e+11   4.8932e+09
   4.6826e-01   1.2262e+11   5.2603e+09
   4.4922e-01   1.2926e+11   5.5465e+09
   4.3094e-01   1.3398e+11   5.6207e+09
   4.1341e-01   1.4244e+11   5.8039e+09
   3.9659e-01   1.4808e+11   5.9832e+09
   3.8046e-01   1.4867e+11   5.2465e+09
   3.6498e-01   1.4436e+11   4.3534e+09
   3.5014e-01   1.5606e+11   4.7264e+09
   3.3589e-01   1.6263e+11   4.9150e+09
   3.2223e-01   1.6842e+11   5.0001e+09
   3.0912e-01   1.7360e+11   5.1961e+09
   2.9655e-01   1.7845e+11   5.2615e+09
   2.8448e-01   1.8234e+11   5.4251e+09
   2.7291e-01   1.8925e+11   5.5332e+09
   2.6181e-01   1.9603e+11   5.8346e+09
   2.5116e-01   2.0237e+11   5.9916e+09
   2.4094e-01   2.1078e+11   5.9671e+09
   2.3114e-01   2.2188e+11   6.5988e+09
   2.2174e-01   2.3546e+11   7.5275e+09
   2.1272e-01   2.4760e+11   7.8496e+09
   2.0407e-01   2.5733e+11   8.4218e+09
   1.9576e-01   2.6728e+11   9.1274e+09
   1.8780e-01   2.7790e+11   9.7161e+09
   1.8016e-01   2.9787e+11   1.0613e+10
   1.7283e-01   3.0756e+11   1.1172e+10
   1.6580e-01   3.2066e+11   1.1729e+10
   1.5906e-01   3.1890e+11   1.2050e+10
   1.5259e-01   3.2406e+11   1.2399e+10
   1.4638e-01   3.5643e+11   1.3714e+10
   1.4042e-01   3.5551e+11   1.3906e+10
   1.3471e-01   3.7844e+11   1.4596e+10
   1.2923e-01   3.8051e+11   1.4922e+10
   1.2398e-01   3.5488e+11   1.3311e+10
   1.1893e-01   3.3972e+11   1.3124e+10
   1.1409e-01   3.6781e+11   1.5044e+10
   1.0945e-01   3.7305e+11   1.5310e+10
   1.0500e-01   3.7402e+11   1.4820e+10
   1.0073e-01   3.3161e+11   1.2964e+10
   9.6632e-02   3.1328e+11   1.1501e+10
   9.2701e-02   2.6640e+11   7.5315e+09
   8.8930e-02   1.5276e+11   1.8797e+09
   8.5312e-02   1.3898e+11   1.7288e+09
   8.1842e-02   1.4293e+11   1.7072e+09
   7.8513e-02   1.1951e+11   1.4518e+09
   7.5319e-02   1.2876e+11   1.6067e+09
   7.2255e-02   1.4133e+11   1.7256e+09
   6.9316e-02   1.2705e+11   1.6992e+09
   6.6496e-02   1.1982e+11   1.6677e+09
   6.3791e-02   1.1989e+11   1.9144e+09
   6.1196e-02   1.2491e+11   1.9676e+09
   5.8707e-02   1.1897e+11   1.7483e+09
   5.6318e-02   1.0282e+11   1.7166e+09
   5.4027e-02   6.9063e+10   1.2647e+09
   5.1830e-02   1.0304e+11   1.8146e+09
   4.9721e-02   8.4551e+10   1.3182e+09
   4.7699e-02   7.4426e+10   1.1215e+09
   4.5758e-02   6.9218e+10   1.0691e+09
   4.3897e-02   5.4241e+10   9.6353e+08
   4.2111e-02   5.5746e+10   1.0404e+09
   4.0398e-02   5.0850e+10   9.0370e+08
   3.8755e-02   4.3977e+10   7.6884e+08
   3.7178e-02   4.2365e+10   7.4082e+08
   3.5666e-02   3.3468e+10   6.1871e+08
   3.4215e-02   3.6279e+10   6.2569e+08
   3.2823e-02   3.7687e+10   7.7863e+08
   3.1488e-02   3.2639e+10   7.3106e+08
   3.0207e-02   2.6412e+10   5.8448e+08
   2.8978e-02   2.0083e+10   3.3535e+08
   2.7800e-02   2.3558e+10   4.6939e+08
   2.6669e-02   2.0427e+10   4.1837e+08
   2.5584e-02   2.0770e+10   4.7120e+08
   2.4543e-02   1.4592e+10   2.6792e+08
   2.3545e-02   1.0335e+10   2.6242e+07
   2.2587e-02   9.5823e+09   1.4242e+07
   2.1668e-02   8.7668e+09   1.0491e+06
   2.0787e-02   8.0701e+09   2.5075e+06
   1.9941e-02   7.6732e+09   1.3765e+06
   1.9130e-02   7.0864e+09   7.2065e+05
   1.8352e-02   6.6394e+09   4.0841e+05
   1.7605e-02   6.1879e+09   2.4559e+06
   1.6889e-02   5.6437e+09   1.0062e+06
   1.6202e-02   5.3133e+09   1.0465e+06
   1.5543e-02   4.9694e+09   2.4853e+06
   1.4911e-02   4.5336e+09   2.3245e+06
   1.4304e-02   4.3520e+09   1.7437e+05
   1.3722e-02   3.9969e+09   1.7895e+06
   1.3164e-02   3.8437e+09   1.0295e+06
   1.2629e-02   3.5716e+09   4.2573e+05
   1.2115e-02   3.2831e+09   1.4960e+04
   1.1622e-02   3.1246e+09   4.8230e+05
   1.1149e-02   2.8502e+09   1.8685e+06
   1.0696e-02   2.7351e+09   1.4657e+06
   1.0261e-02   2.5228e+09   5.9132e+05
   9.8432e-03   2.2799e+09   9.4205e+05
   9.4428e-03   2.1880e+09   6.1251e+05
   9.0587e-03   2.0041e+09   1.4293e+06
   8.6902e-03   1.9316e+09   2.0880e+06
   8.3366e-03   1.7566e+09   2.2454e+05
   7.9975e-03   1.6625e+09   9.6323e+05
   7.6722e-03   1.5750e+09   3.0156e+05
   7.3601e-03   1.4248e+09   3.3225e+05
   7.0607e-03   1.3074e+09   8.5077e+05
   6.7735e-03   1.2760e+09   1.4139e+06
   6.4979e-03   1.2184e+09   9.8855e+05
   6.2336e-03   1.1033e+09   1.0603e+06
   5.9800e-03   1.0839e+09   3.3172e+05
   5.7368e-03   9.3214e+08   0.0000e+00
   5.5034e-03   9.8223e+08   1.2976e+06
   5.2795e-03   9.4261e+08   1.3346e+06
   5.0648e-03   1.0114e+09   7.0888e+05
   4.8587e-03   1.0211e+09   5.8419e+05
   4.6611e-03   1.0203e+09   1.1457e+06
   4.4715e-03   1.0413e+09   1.6540e+06
   4.2896e-03   1.0652e+09   8.7432e+05
   4.1151e-03   1.0293e+09   1.7885e+00
   3.9477e-03   1.0233e+09   1.0809e+06
   3.7871e-03   1.0353e+09   1.0688e+06
   3.6330e-03   1.0936e+09   0.0000e+00
   3.4852e-03   1.0809e+09   5.9709e+05
   3.3435e-03   1.0854e+09   5.4007e+05
   3.2075e-03   1.1056e+09   2.0311e+06
   3.0770e-03   1.0532e+09   1.2764e+06
   2.9518e-03   1.0839e+09   3.2178e+06
   2.8317e-03   1.1429e+09   4.4604e+06
   2.7165e-03   1.1198e+09   5.6303e+05
   2.6060e-03   1.1183e+09   2.0508e+06
   2.5000e-03   1.1676e+09   1.4403e+06
   2.3983e-03   1.1362e+09   2.1146e+06
   2.3008e-03   1.1482e+09   2.5187e+06
   2.2072e-03   1.1370e+09   2.2914e+06
   2.1174e-03   1.2132e+09   1.7614e+06
   2.0313e-03   1.2409e+09   3.6785e+06
   1.9486e-03   1.1796e+09   3.0321e+06
   1.8694e-03   1.1923e+09   1.8904e+06
   1.7933e-03   1.2625e+09   1.9919e+06
   1.7204e-03   1.2005e+09   4.0574e+06
   1.6504e-03   1.2439e+09   2.6125e+06
   1.5832e-03   1.2468e+09   6.6432e+05
   1.5188e-03   1.2573e+09   3.4015e+06
   1.4571e-03   1.2835e+09   1.3770e+06
   1.3978e-03   1.2573e+09   3.7146e+06
   1.3409e-03   1.3081e+09   1.7055e+06
   1.2864e-03   1.3493e+09   1.2962e+06
   1.2340e-03   1.2797e+09   4.7786e+06
   1.1838e-03   1.3343e+09   7.0565e+06
   1.1357e-03   1.3881e+09   9.2937e+05
   1.0895e-03   1.2917e+09   2.1524e+06
   1.0452e-03   1.3455e+09   6.7381e+06
   1.0027e-03   1.4203e+09   1.4581e+06
   9.6187e-04   1.3821e+09   2.8928e+06
   9.2274e-04   1.4046e+09   4.2812e+06
   8.8520e-04   1.3941e+09   4.9995e+06
   8.4919e-04   1.3859e+09   2.7322e+06
   8.1465e-04   1.4905e+09   2.1102e+06
   7.8151e-04   1.4390e+09   3.7339e+06
   7.4972e-04   1.4554e+09   3.7910e+06
   7.1922e-04   1.4285e+09   3.0303e+06
   6.8996e-04   1.5055e+09   2.5775e+06
   6.6190e-04   1.5032e+09   3.4472e+06
   6.3497e-04   1.4352e+09   3.2578e+06
   6.0914e-04   1.4816e+09   1.5715e+06
   5.8436e-04   1.4920e+09   1.9958e+06
   5.6059e-04   1.5391e+09   7.3767e+06
   5.3779e-04   1.5862e+09   5.1078e+06
   5.1591e-04   1.5989e+09   7.8222e+06
   4.9492e-04   1.5503e+09   1.0075e+07
   4.7479e-04   1.5787e+09   9.8523e+06
   4.5548e-04   1.5795e+09   9.7607e+06
   4.3695e-04   1.6408e+09   1.2158e+07
   4.1917e-04   1.6475e+09   1.1944e+07
   4.0212e-04   1.6288e+09   1.7873e+07
   3.8576e-04   1.6699e+09   2.5962e+07
   3.7007e-04   1.7424e+09   3.3201e+07
   3.5502e-04   1.7626e+09   3.5977e+07
   3.4058e-04   1.7454e+09   4.5142e+07
   3.2672e-04   1.7551e+09   5.9657e+07
   3.1343e-04   1.8052e+09   6.9413e+07
   3.0068e-04   1.8508e+09   8.7241e+07
   2.8845e-04   1.8919e+09   1.1226e+08
   2.7672e-04   1.8643e+09   1.3457e+08
   2.6546e-04   1.9906e+09   1.6755e+08
   2.5466e-04   1.9353e+09   2.0019e+08
   2.4430e-04   1.9562e+09   2.2542e+08
   2.3436e-04   1.9839e+09   2.7621e+08
   2.2483e-04   1.9420e+09   2.9530e+08
   2.1568e-04   2.0332e+09   3.7296e+08
   2.0691e-04   2.1020e+09   4.2248e+08
   1.9849e-04   2.1169e+09   4.9797e+08
   1.9042e-04   2.0542e+09   5.4362e+08
   1.8267e-04   2.1177e+09   6.1226e+08
   1.7524e-04   2.1468e+09   5.9339e+08
   1.6811e-04   2.1581e+09   4.5440e+08
   1.6127e-04   2.1782e+09   5.0597e+08
   1.5471e-04   2.2567e+09   5.8996e+08
   1.4842e-04   2.2365e+09   6.4608e+08
   1.4238e-04   2.2881e+09   7.2092e+08
   1.3659e-04   2.4331e+09   8.2211e+08
   1.3103e-04   2.3606e+09   8.7257e+08
   1.2570e-04   2.5632e+09   1.0130e+09
   1.2059e-04   2.5288e+09   1.0608e+09
   1.1568e-04   2.6888e+09   1.2270e+09
   1.1098e-04   2.7957e+09   1.3482e+09
   1.0646e-04   2.8323e+09   1.4534e+09
   1.0213e-04   3.0685e+09   1.6391e+09
   9.8058e-05   2.2922e+11   1.3071e+11
