18 22 26  2.95244E+02  2.98826E+02  5.66109E+02  1.53621E-01  1.81763E+00  1.18318E+01  6.78800E-01  7.47000E+00  1.10047E+01  7.71058E-01  7.70665E+00  9.99491E+00
19 22 26  3.46575E+02  3.51060E+02  6.43206E+02  1.82454E-01  1.96258E+00  1.07566E+01  6.38300E-01  6.38200E+00  9.99843E+00  7.19394E-01  6.66196E+00  9.26052E+00
20 22 26  4.01664E+02  4.07098E+02  7.26186E+02  2.21532E-01  2.07062E+00  9.34684E+00  6.32000E-01  5.50700E+00  8.71361E+00  7.95094E-01  5.69474E+00  7.16235E+00
21 22 26  4.60574E+02  4.67031E+02  8.15102E+02  2.70627E-01  2.15053E+00  7.94647E+00  6.33400E-01  4.70200E+00  7.42343E+00  6.94988E-01  4.77323E+00  6.86807E+00
22 22 26  5.23290E+02  5.30860E+02  9.09948E+02  3.27336E-01  2.20815E+00  6.74581E+00  6.38500E-01  4.03500E+00  6.31950E+00  6.99803E-01  4.11037E+00  5.87360E+00
23 22 26  5.89837E+02  5.98631E+02  1.01078E+03  3.93927E-01  2.24153E+00  5.69021E+00  6.47800E-01  3.46500E+00  5.34887E+00  7.07200E-01  3.53739E+00  5.00196E+00
24 22 26  6.60199E+02  6.70349E+02  1.11759E+03  4.68948E-01  2.25570E+00  4.81012E+00  6.55600E-01  2.97000E+00  4.53020E+00  7.12055E-01  3.03647E+00  4.26438E+00
25 22 26  7.34384E+02  7.46045E+02  1.23042E+03  5.51477E-01  2.25357E+00  4.08642E+00  6.61400E-01  2.55000E+00  3.85546E+00  7.14839E-01  2.60893E+00  3.64968E+00
26 22 26  8.12359E+02  8.25734E+02  1.34928E+03  6.40558E-01  2.23617E+00  3.49098E+00  6.62800E-01  2.18300E+00  3.29360E+00  7.13124E-01  2.23523E+00  3.13441E+00
27 22 26  8.94162E+02  9.09475E+02  1.47423E+03  7.33967E-01  2.20780E+00  3.00803E+00  6.63500E-01  1.88600E+00  2.84250E+00  7.10870E-01  1.93170E+00  2.71737E+00
28 22 26  9.79776E+02  9.97289E+02  1.60527E+03  8.29528E-01  2.16995E+00  2.61588E+00  6.56700E-01  1.62100E+00  2.46840E+00  7.01238E-01  1.66112E+00  2.36883E+00
29 22 26  1.06920E+03  1.08922E+03  1.74245E+03  9.25667E-01  2.12589E+00  2.29660E+00  6.48100E-01  1.40500E+00  2.16788E+00  6.89938E-01  1.44029E+00  2.08757E+00
30 22 26  1.16244E+03  1.18528E+03  1.88581E+03  1.02082E+00  2.07746E+00  2.03509E+00  6.34100E-01  1.21700E+00  1.91926E+00  6.73477E-01  1.24750E+00  1.85233E+00
31 22 26  1.25949E+03  1.28554E+03  2.03539E+03  1.11347E+00  2.02762E+00  1.82098E+00  6.16900E-01  1.05700E+00  1.71341E+00  6.53984E-01  1.08462E+00  1.65848E+00
32 22 26  1.36036E+03  1.39003E+03  2.19122E+03  1.20277E+00  1.97774E+00  1.64432E+00  5.96300E-01  9.20100E-01  1.54302E+00  6.31424E-01  9.43903E-01  1.49488E+00
33 22 26  1.46504E+03  1.49878E+03  2.35335E+03  1.28757E+00  1.92811E+00  1.49748E+00  5.75100E-01  8.07200E-01  1.40358E+00  6.07967E-01  8.28301E-01  1.36241E+00
34 22 26  1.57355E+03  1.61183E+03  2.52182E+03  1.36785E+00  1.88059E+00  1.37486E+00  5.51900E-01  7.09200E-01  1.28502E+00  5.82785E-01  7.27826E-01  1.24888E+00
35 22 26  1.68588E+03  1.72924E+03  2.69668E+03  1.44283E+00  1.83507E+00  1.27185E+00  5.27700E-01  6.25500E-01  1.18533E+00  5.56853E-01  6.42037E-01  1.15298E+00
36 22 26  1.80204E+03  1.85105E+03  2.87798E+03  1.51225E+00  1.79140E+00  1.18459E+00  5.03100E-01  5.53500E-01  1.10018E+00  5.30551E-01  5.68286E-01  1.07112E+00
37 22 26  1.92203E+03  1.97728E+03  3.06576E+03  1.57708E+00  1.75103E+00  1.11030E+00  4.78700E-01  4.91900E-01  1.02757E+00  5.04628E-01  5.05084E-01  1.00090E+00
38 22 26  2.04586E+03  2.10801E+03  3.26009E+03  1.63690E+00  1.71358E+00  1.04684E+00  4.54700E-01  4.38800E-01  9.65032E-01  4.79150E-01  4.50659E-01  9.40537E-01
39 22 26  2.17353E+03  2.24328E+03  3.46101E+03  1.69190E+00  1.67889E+00  9.92312E-01  4.31200E-01  3.92900E-01  9.11178E-01  4.54335E-01  4.03499E-01  8.88111E-01
40 22 26  2.30506E+03  2.38314E+03  3.66857E+03  1.74233E+00  1.64683E+00  9.45189E-01  4.08500E-01  3.52900E-01  8.63892E-01  4.30369E-01  3.62543E-01  8.42400E-01
41 22 26  2.44044E+03  2.52763E+03  3.88285E+03  1.78849E+00  1.61733E+00  9.04300E-01  3.86800E-01  3.18200E-01  8.22647E-01  4.07412E-01  3.26866E-01  8.02299E-01
42 21 26  2.57968E+03  2.67682E+03  4.10390E+03  1.83071E+00  1.58997E+00  8.68498E-01  3.65900E-01  2.87700E-01  7.86280E-01  3.85443E-01  2.95578E-01  7.66851E-01
43 19 26  2.72278E+03  2.83076E+03  4.33178E+03  1.86895E+00  1.56477E+00  8.37245E-01  3.46100E-01  2.60900E-01  7.53828E-01  3.64528E-01  2.68101E-01  7.35474E-01
44 19 26  2.86977E+03  2.98951E+03  4.56657E+03  1.90322E+00  1.54148E+00  8.09934E-01  3.27200E-01  2.37300E-01  7.25244E-01  3.44624E-01  2.43853E-01  7.07592E-01
45 19 26  3.02062E+03  3.15312E+03  4.80833E+03  1.93316E+00  1.51885E+00  7.85679E-01  3.09100E-01  2.16100E-01  6.99126E-01  3.25632E-01  2.22217E-01  6.82416E-01
46 19 26  3.17538E+03  3.32168E+03  5.05713E+03  1.96005E+00  1.49913E+00  7.64840E-01  2.92200E-01  1.97600E-01  6.76249E-01  3.07759E-01  2.03182E-01  6.60197E-01
47 18 26  3.33403E+03  3.49522E+03  5.31304E+03  1.98294E+00  1.48111E+00  7.46924E-01  2.75800E-01  1.80800E-01  6.55547E-01  2.90511E-01  1.85884E-01  6.39852E-01
48 18 26  3.49660E+03  3.67384E+03  5.57615E+03  2.00138E+00  1.46467E+00  7.31829E-01  2.60800E-01  1.66300E-01  6.37653E-01  2.74716E-01  1.71064E-01  6.22693E-01
49 18 26  3.66310E+03  3.85760E+03  5.84654E+03  2.01424E+00  1.44962E+00  7.19683E-01  2.46200E-01  1.53100E-01  6.21852E-01  2.59383E-01  1.57494E-01  6.07187E-01
50 18 25  3.83354E+03  4.04658E+03  6.12429E+03  2.01922E+00  1.43583E+00  7.11079E-01  2.32200E-01  1.41200E-01  6.08096E-01  2.44639E-01  1.45301E-01  5.93943E-01
51 18 25  4.00797E+03  4.24085E+03  6.40948E+03  2.01102E+00  1.42329E+00  7.07745E-01  2.18200E-01  1.30600E-01  5.98533E-01  2.30111E-01  1.34312E-01  5.83683E-01
52 18 24  4.18644E+03  4.44048E+03  6.70219E+03  1.97512E+00  1.41192E+00  7.14854E-01  2.03000E-01  1.20700E-01  5.94581E-01  2.14427E-01  1.24206E-01  5.79247E-01
53 18 24  4.36915E+03  4.64556E+03  7.00255E+03  1.86098E+00  1.40167E+00  7.53191E-01  1.83900E-01  1.12000E-01  6.09027E-01  1.95480E-01  1.15212E-01  5.89381E-01
54 18 25  4.55689E+03  4.85619E+03  7.31063E+03  1.43072E+00  1.39263E+00  9.73380E-01  1.42600E-01  1.04200E-01  7.30715E-01  1.57720E-01  1.07244E-01  6.79966E-01
55 16 25  4.73991E+03  5.07244E+03  7.62653E+03  1.85244E+00  1.38475E+00  7.47528E-01  1.36600E-01  9.70100E-02  7.10176E-01  1.58455E-01  9.98447E-02  6.30116E-01
56 16 25  4.93606E+03  5.29440E+03  7.95036E+03  2.20871E+00  1.37824E+00  6.24001E-01  1.63700E-01  9.04400E-02  5.52474E-01  1.76836E-01  9.30932E-02  5.26438E-01
57 16 25  5.13474E+03  5.52218E+03  8.28223E+03  2.25844E+00  1.37281E+00  6.07857E-01  1.61500E-01  8.44400E-02  5.22848E-01  1.72157E-01  8.69226E-02  5.04904E-01
58 16 26  5.33706E+03  5.75586E+03  8.62224E+03  2.26884E+00  1.36881E+00  6.03306E-01  1.55000E-01  7.89700E-02  5.09484E-01  1.64494E-01  8.12895E-02  4.94180E-01
59 16 26  5.54325E+03  5.99555E+03  8.97052E+03  2.27293E+00  1.36653E+00  6.01218E-01  1.47800E-01  7.39700E-02  5.00474E-01  1.56633E-01  7.61442E-02  4.86130E-01
60 16 26  5.75339E+03  6.24134E+03  9.32718E+03  2.27571E+00  1.36620E+00  6.00339E-01  1.40600E-01  6.93300E-02  4.93101E-01  1.48794E-01  7.13740E-02  4.79683E-01
61 16 26  5.96752E+03  6.49333E+03  9.69235E+03  2.27812E+00  1.36809E+00  6.00535E-01  1.34300E-01  6.50400E-02  4.84289E-01  1.42065E-01  6.69559E-02  4.71303E-01
62 16 26  6.18567E+03  6.75162E+03  1.00661E+04  2.28032E+00  1.37267E+00  6.01966E-01  1.27700E-01  6.13400E-02  4.80345E-01  1.35072E-01  6.31466E-02  4.67504E-01
63 16 26  6.40785E+03  7.01629E+03  1.04487E+04  2.28221E+00  1.38022E+00  6.04770E-01  1.21700E-01  5.77600E-02  4.74610E-01  1.28670E-01  5.94701E-02  4.62190E-01
64 16 26  6.63408E+03  7.28741E+03  1.08402E+04  2.28383E+00  1.39060E+00  6.08891E-01  1.16000E-01  5.43800E-02  4.68793E-01  1.22634E-01  5.59977E-02  4.56626E-01
65 16 26  6.86436E+03  7.56497E+03  1.12408E+04  2.28525E+00  1.40102E+00  6.13072E-01  1.10600E-01  5.09900E-02  4.61031E-01  1.16963E-01  5.25341E-02  4.49152E-01
66 16 26  7.09874E+03  7.84885E+03  1.16505E+04  2.28608E+00  1.40098E+00  6.12832E-01  1.05500E-01  4.70900E-02  4.46351E-01  1.11594E-01  4.85776E-02  4.35306E-01
67 16 26  7.33720E+03  8.13867E+03  1.20696E+04  2.28638E+00  1.35443E+00  5.92389E-01  1.00600E-01  4.15100E-02  4.12624E-01  1.06439E-01  4.29784E-02  4.03783E-01
68 16 28  7.57977E+03  8.45878E+03  1.24982E+04  2.28643E+00  1.86573E-01  8.16002E-02  9.61100E-02  1.03000E-02  1.07169E-01  1.01654E-01  1.16115E-02  1.14227E-01
69 16 28  7.82645E+03  8.76146E+03  1.29366E+04  2.28610E+00  4.20412E-01  1.83899E-01  9.18300E-02  1.73500E-02  1.88936E-01  9.71319E-02  1.86102E-02  1.91597E-01
70 16 28  8.07727E+03  9.07336E+03  1.33848E+04  2.28533E+00  6.24572E-01  2.73296E-01  8.77900E-02  2.20900E-02  2.51623E-01  9.28636E-02  2.32528E-02  2.50397E-01
71 16 28  8.33223E+03  9.39398E+03  1.38430E+04  2.28416E+00  7.57097E-01  3.31455E-01  8.39700E-02  2.41800E-02  2.87960E-01  8.88215E-02  2.52580E-02  2.84368E-01
72 16 28  8.59135E+03  9.72301E+03  1.43116E+04  2.28281E+00  8.38046E-01  3.67112E-01  8.03500E-02  2.47100E-02  3.07530E-01  8.49973E-02  2.57157E-02  3.02547E-01
73 16 28  8.85465E+03  1.00604E+04  1.47905E+04  2.28111E+00  8.88711E-01  3.89596E-01  7.69200E-02  2.44500E-02  3.17863E-01  8.13747E-02  2.53960E-02  3.12088E-01
74 16 28  9.12212E+03  1.04061E+04  1.52801E+04  2.27916E+00  9.21199E-01  4.04184E-01  7.36700E-02  2.37900E-02  3.22927E-01  7.79432E-02  2.46823E-02  3.16670E-01
75 16 28  9.39380E+03  1.07604E+04  1.57806E+04  2.27690E+00  9.42315E-01  4.13859E-01  7.06000E-02  2.29300E-02  3.24788E-01  7.46907E-02  2.37720E-02  3.18273E-01
76 16 28  9.66970E+03  1.11233E+04  1.62921E+04  2.27439E+00  9.56085E-01  4.20371E-01  6.76800E-02  2.19700E-02  3.24616E-01  7.16056E-02  2.27717E-02  3.18015E-01
77 16 28  9.94983E+03  1.14952E+04  1.68150E+04  2.27156E+00  9.64699E-01  4.24685E-01  6.49100E-02  2.09800E-02  3.23217E-01  6.86760E-02  2.17347E-02  3.16482E-01
78 16 28  1.02342E+04  1.18761E+04  1.73494E+04  2.26859E+00  9.69747E-01  4.27468E-01  6.22800E-02  1.99800E-02  3.20809E-01  6.58949E-02  2.06973E-02  3.14096E-01
79 16 28  1.05228E+04  1.22664E+04  1.78956E+04  2.26540E+00  9.72089E-01  4.29103E-01  5.97400E-02  1.90000E-02  3.18045E-01  6.32023E-02  1.96730E-02  3.11269E-01
80 16 28  1.08157E+04  1.26663E+04  1.84539E+04  2.26202E+00  9.72425E-01  4.29893E-01  5.74200E-02  1.80400E-02  3.14176E-01  6.07481E-02  1.86855E-02  3.07590E-01
81 16 28  1.11129E+04  1.30759E+04  1.90245E+04  2.25845E+00  9.71142E-01  4.30003E-01  5.51700E-02  1.71200E-02  3.10314E-01  5.83637E-02  1.77273E-02  3.03739E-01
82 16 28  1.14144E+04  1.34957E+04  1.96078E+04  2.25470E+00  9.68595E-01  4.29589E-01  5.28000E-02  1.62100E-02  3.07008E-01  5.58643E-02  1.67893E-02  3.00538E-01
83 16 28  1.17203E+04  1.39259E+04  2.02039E+04  2.25082E+00  9.64919E-01  4.28697E-01  5.06700E-02  1.53300E-02  3.02546E-01  5.36097E-02  1.58787E-02  2.96192E-01
84 16 28  1.20304E+04  1.43667E+04  2.08134E+04  2.24679E+00  9.60403E-01  4.27455E-01  4.87300E-02  1.45200E-02  2.97968E-01  5.15514E-02  1.50368E-02  2.91685E-01
85 16 28  1.23450E+04  1.48185E+04  2.14364E+04  2.24259E+00  9.55118E-01  4.25899E-01  4.68800E-02  1.37400E-02  2.93089E-01  4.95923E-02  1.42336E-02  2.87013E-01
86 16 28  1.26639E+04  1.52816E+04  2.20727E+04  2.23831E+00  9.49234E-01  4.24085E-01  4.51200E-02  1.30000E-02  2.88121E-01  4.77240E-02  1.34680E-02  2.82207E-01
87 16 28  1.29872E+04  1.57564E+04  2.27238E+04  2.23391E+00  9.42646E-01  4.21971E-01  4.35000E-02  1.23200E-02  2.83218E-01  4.59907E-02  1.27626E-02  2.77505E-01
88 16 28  1.33149E+04  1.62432E+04  2.33895E+04  2.22941E+00  9.35510E-01  4.19623E-01  4.21800E-02  1.16700E-02  2.76671E-01  4.45728E-02  1.20837E-02  2.71100E-01
89 16 28  1.36470E+04  1.67425E+04  2.40707E+04  2.22479E+00  9.27856E-01  4.17052E-01  4.06600E-02  1.10300E-02  2.71274E-01  4.29468E-02  1.14212E-02  2.65938E-01
90 16 28  1.39835E+04  1.72544E+04  2.47662E+04  2.22010E+00  9.19836E-01  4.14323E-01  3.92000E-02  1.04200E-02  2.65816E-01  4.13773E-02  1.07904E-02  2.60780E-01
91 16 28  1.43245E+04  1.77797E+04  2.54789E+04  2.21534E+00  9.11455E-01  4.11430E-01  3.78100E-02  9.83500E-03  2.60116E-01  3.98611E-02  1.01895E-02  2.55624E-01
92 16 28  1.46701E+04  1.83185E+04  2.62062E+04  2.21054E+00  9.03069E-01  4.08528E-01  3.63500E-02  9.25800E-03  2.54691E-01  3.81761E-02  9.59378E-03  2.51303E-01
93 16 28  1.50200E+04  1.88716E+04  2.69523E+04  2.20564E+00  8.96006E-01  4.06233E-01  3.48900E-02  8.73400E-03  2.50330E-01  3.65876E-02  9.05233E-03  2.47415E-01
94 16 28  1.53746E+04  1.94386E+04  2.77134E+04  2.20062E+00  9.06583E-01  4.11968E-01  3.36700E-02  8.29300E-03  2.46302E-01  3.58413E-02  8.59129E-03  2.39704E-01
95 16 28  1.57336E+04  2.00223E+04  2.84935E+04  2.19553E+00  8.45637E-01  3.85163E-01  3.26600E-02  7.56900E-03  2.31751E-01  3.47240E-02  7.85319E-03  2.26160E-01
96 16 28  1.60972E+04  2.06208E+04  2.92926E+04  2.19038E+00  8.39381E-01  3.83212E-01  3.14000E-02  7.11900E-03  2.26720E-01  3.33080E-02  7.38788E-03  2.21805E-01
97 16 28  1.64654E+04  2.12356E+04  3.01108E+04  2.18520E+00  8.21847E-01  3.76096E-01  3.05900E-02  6.63300E-03  2.16836E-01  3.23994E-02  6.88787E-03  2.12592E-01
98 16 28  1.68382E+04  2.18671E+04  3.09474E+04  2.17993E+00  7.93563E-01  3.64031E-01  2.94800E-02  6.10500E-03  2.07090E-01  3.11962E-02  6.34537E-03  2.03402E-01
99 16 28  1.72155E+04  2.25155E+04  3.18047E+04  2.17459E+00  7.46688E-01  3.43369E-01  2.84200E-02  5.48100E-03  1.92857E-01  3.01206E-02  5.70164E-03  1.89294E-01
100 16 28  1.75975E+04  2.31762E+04  3.26827E+04  2.16921E+00  2.93405E-01  1.35258E-01  2.74100E-02  1.86400E-03  6.80044E-02  2.90403E-02  2.02325E-03  6.96702E-02
101 16 28  1.79842E+04  2.38753E+04  3.35817E+04  2.16380E+00  9.91919E-01  4.58416E-01  2.65100E-02  6.80700E-03  2.56771E-01  2.80931E-02  6.99546E-03  2.49010E-01
102 16 28  1.83755E+04  2.45805E+04  3.45034E+04  2.15832E+00  8.93821E-01  4.14127E-01  2.56500E-02  5.77900E-03  2.25302E-01  2.76367E-02  5.96564E-03  2.15859E-01
103 16 28  1.87716E+04  2.53076E+04  3.54480E+04  2.15278E+00  8.57246E-01  3.98204E-01  2.49400E-02  5.29300E-03  2.12229E-01  2.64201E-02  5.46947E-03  2.07019E-01
104 16 28  1.91724E+04  2.60565E+04  3.64171E+04  2.14724E+00  8.32048E-01  3.87496E-01  2.40600E-02  4.87200E-03  2.02494E-01  2.54904E-02  5.03912E-03  1.97687E-01
105 16 28  1.95778E+04  2.68281E+04  3.74106E+04  2.14159E+00  8.12140E-01  3.79223E-01  2.33100E-02  4.52800E-03  1.94251E-01  2.46868E-02  4.68569E-03  1.89805E-01
106 16 28  1.99881E+04  2.76233E+04  3.84290E+04  2.13594E+00  7.94799E-01  3.72107E-01  2.27500E-02  4.21900E-03  1.85451E-01  2.40884E-02  4.36753E-03  1.81312E-01
107 16 28  2.04031E+04  2.84435E+04  3.94757E+04  2.13026E+00  7.78606E-01  3.65498E-01  2.18700E-02  3.92900E-03  1.79652E-01  2.31652E-02  4.07246E-03  1.75801E-01
108 16 28  2.08229E+04  2.92893E+04  4.05481E+04  2.12453E+00  7.63106E-01  3.59188E-01  2.12100E-02  3.67400E-03  1.73220E-01  2.24772E-02  3.80477E-03  1.69272E-01
109 16 28  2.12475E+04  3.01627E+04  4.16508E+04  2.11877E+00  7.47748E-01  3.52916E-01  2.05600E-02  3.42700E-03  1.66683E-01  2.18138E-02  3.54919E-03  1.62704E-01
110 16 28  2.16770E+04  3.10644E+04  4.27817E+04  2.11297E+00  7.32624E-01  3.46727E-01  1.99300E-02  3.18800E-03  1.59960E-01  2.11518E-02  3.30260E-03  1.56139E-01
