18 22 26  2.95244E+02  2.98826E+02  5.66109E+02  1.53621E-01  1.81763E+00  1.18318E+01  6.78800E-01  7.47000E+00  1.10047E+01  7.71058E-01  7.70665E+00  9.99491E+00
19 22 26  3.46575E+02  3.51060E+02  6.43206E+02  1.82454E-01  1.96258E+00  1.07566E+01  6.38300E-01  6.38200E+00  9.99843E+00  7.19394E-01  6.66196E+00  9.26052E+00
20 22 26  4.01664E+02  4.07098E+02  7.26186E+02  2.21532E-01  2.07062E+00  9.34684E+00  6.32000E-01  5.50700E+00  8.71361E+00  7.95094E-01  5.69474E+00  7.16235E+00
21 22 26  4.60574E+02  4.67031E+02  8.15102E+02  2.70627E-01  2.15053E+00  7.94647E+00  6.33400E-01  4.70200E+00  7.42343E+00  6.94988E-01  4.77323E+00  6.86807E+00
22 22 26  5.23290E+02  5.30860E+02  9.09948E+02  3.27336E-01  2.20815E+00  6.74581E+00  6.38500E-01  4.03500E+00  6.31950E+00  6.99803E-01  4.11037E+00  5.87360E+00
23 22 26  5.89837E+02  5.98631E+02  1.01078E+03  3.93927E-01  2.24153E+00  5.69021E+00  6.47800E-01  3.46500E+00  5.34887E+00  7.07200E-01  3.53739E+00  5.00196E+00
24 22 26  6.60199E+02  6.70349E+02  1.11759E+03  4.68948E-01  2.25570E+00  4.81012E+00  6.55600E-01  2.97000E+00  4.53020E+00  7.12055E-01  3.03647E+00  4.26438E+00
25 22 26  7.34384E+02  7.46045E+02  1.23042E+03  5.51477E-01  2.25357E+00  4.08642E+00  6.61400E-01  2.55000E+00  3.85546E+00  7.14839E-01  2.60893E+00  3.64968E+00
26 22 26  8.12359E+02  8.25734E+02  1.34928E+03  6.40558E-01  2.23617E+00  3.49098E+00  6.62800E-01  2.18300E+00  3.29360E+00  7.13124E-01  2.23523E+00  3.13441E+00
27 22 26  8.94162E+02  9.09475E+02  1.47423E+03  7.33967E-01  2.20780E+00  3.00803E+00  6.63500E-01  1.88600E+00  2.84250E+00  7.10870E-01  1.93170E+00  2.71737E+00
28 22 26  9.79776E+02  9.97289E+02  1.60527E+03  8.29528E-01  2.16995E+00  2.61588E+00  6.56700E-01  1.62100E+00  2.46840E+00  7.01238E-01  1.66112E+00  2.36883E+00
29 22 26  1.06920E+03  1.08922E+03  1.74245E+03  9.25667E-01  2.12589E+00  2.29660E+00  6.48100E-01  1.40500E+00  2.16788E+00  6.89938E-01  1.44029E+00  2.08757E+00
30 22 26  1.16244E+03  1.18528E+03  1.88581E+03  1.02082E+00  2.07746E+00  2.03509E+00  6.34100E-01  1.21700E+00  1.91926E+00  6.73477E-01  1.24750E+00  1.85233E+00
31 22 26  1.25949E+03  1.28554E+03  2.03539E+03  1.11347E+00  2.02762E+00  1.82098E+00  6.16900E-01  1.05700E+00  1.71341E+00  6.53984E-01  1.08462E+00  1.65848E+00
32 22 26  1.36036E+03  1.39003E+03  2.19122E+03  1.20277E+00  1.97774E+00  1.64432E+00  5.96300E-01  9.20100E-01  1.54302E+00  6.31424E-01  9.43903E-01  1.49488E+00
33 22 26  1.46504E+03  1.49878E+03  2.35335E+03  1.28757E+00  1.92811E+00  1.49748E+00  5.75100E-01  8.07200E-01  1.40358E+00  6.07967E-01  8.28301E-01  1.36241E+00
34 22 26  1.57355E+03  1.61183E+03  2.52182E+03  1.36785E+00  1.88059E+00  1.37486E+00  5.51900E-01  7.09200E-01  1.28502E+00  5.82785E-01  7.27826E-01  1.24888E+00
35 22 26  1.68588E+03  1.72924E+03  2.69668E+03  1.44283E+00  1.83507E+00  1.27185E+00  5.27700E-01  6.25500E-01  1.18533E+00  5.56853E-01  6.42037E-01  1.15298E+00
36 22 26  1.80204E+03  1.85105E+03  2.87798E+03  1.51225E+00  1.79140E+00  1.18459E+00  5.03100E-01  5.53500E-01  1.10018E+00  5.30551E-01  5.68286E-01  1.07112E+00
37 22 26  1.92203E+03  1.97728E+03  3.06576E+03  1.57708E+00  1.75103E+00  1.11030E+00  4.78700E-01  4.91900E-01  1.02757E+00  5.04628E-01  5.05084E-01  1.00090E+00
38 22 26  2.04586E+03  2.10801E+03  3.26009E+03  1.63690E+00  1.71358E+00  1.04684E+00  4.54700E-01  4.38800E-01  9.65032E-01  4.79150E-01  4.50659E-01  9.40537E-01
39 22 26  2.17353E+03  2.24328E+03  3.46101E+03  1.69190E+00  1.67889E+00  9.92312E-01  4.31200E-01  3.92900E-01  9.11178E-01  4.54335E-01  4.03499E-01  8.88111E-01
40 22 26  2.30506E+03  2.38314E+03  3.66857E+03  1.74233E+00  1.64683E+00  9.45189E-01  4.08500E-01  3.52900E-01  8.63892E-01  4.30369E-01  3.62543E-01  8.42400E-01
41 22 26  2.44044E+03  2.52763E+03  3.88285E+03  1.78849E+00  1.61733E+00  9.04300E-01  3.86800E-01  3.18200E-01  8.22647E-01  4.07412E-01  3.26866E-01  8.02299E-01
42 21 26  2.57968E+03  2.67682E+03  4.10390E+03  1.83071E+00  1.58997E+00  8.68498E-01  3.65900E-01  2.87700E-01  7.86280E-01  3.85443E-01  2.95578E-01  7.66851E-01
43 19 26  2.72278E+03  2.83076E+03  4.33178E+03  1.86895E+00  1.56477E+00  8.37245E-01  3.46100E-01  2.60900E-01  7.53828E-01  3.64528E-01  2.68101E-01  7.35474E-01
44 19 26  2.86977E+03  2.98951E+03  4.56657E+03  1.90322E+00  1.54148E+00  8.09934E-01  3.27200E-01  2.37300E-01  7.25244E-01  3.44624E-01  2.43853E-01  7.07592E-01
45 19 26  3.02062E+03  3.15312E+03  4.80833E+03  1.93316E+00  1.51885E+00  7.85679E-01  3.09100E-01  2.16100E-01  6.99126E-01  3.25632E-01  2.22217E-01  6.82416E-01
46 19 26  3.17538E+03  3.32168E+03  5.05713E+03  1.96005E+00  1.49913E+00  7.64840E-01  2.92200E-01  1.97600E-01  6.76249E-01  3.07759E-01  2.03182E-01  6.60197E-01
47 18 26  3.33403E+03  3.49522E+03  5.31304E+03  1.98294E+00  1.48111E+00  7.46924E-01  2.75800E-01  1.80800E-01  6.55547E-01  2.90511E-01  1.85884E-01  6.39852E-01
48 18 26  3.49660E+03  3.67384E+03  5.57615E+03  2.00138E+00  1.46467E+00  7.31829E-01  2.60800E-01  1.66300E-01  6.37653E-01  2.74716E-01  1.71064E-01  6.22693E-01
49 18 26  3.66310E+03  3.85760E+03  5.84654E+03  2.01424E+00  1.44962E+00  7.19683E-01  2.46200E-01  1.53100E-01  6.21852E-01  2.59383E-01  1.57494E-01  6.07187E-01
50 18 25  3.83354E+03  4.04658E+03  6.12429E+03  2.01922E+00  1.43583E+00  7.11079E-01  2.32200E-01  1.41200E-01  6.08096E-01  2.44639E-01  1.45301E-01  5.93943E-01
51 18 25  4.00797E+03  4.24085E+03  6.40948E+03  2.01102E+00  1.42329E+00  7.07745E-01  2.18200E-01  1.30600E-01  5.98533E-01  2.30111E-01  1.34312E-01  5.83683E-01
52 18 24  4.18644E+03  4.44048E+03  6.70219E+03  1.97512E+00  1.41192E+00  7.14854E-01  2.03000E-01  1.20700E-01  5.94581E-01  2.14427E-01  1.24206E-01  5.79247E-01
53 18 24  4.36915E+03  4.64556E+03  7.00255E+03  1.86098E+00  1.40167E+00  7.53191E-01  1.83900E-01  1.12000E-01  6.09027E-01  1.95480E-01  1.15212E-01  5.89381E-01
54 18 25  4.55689E+03  4.85619E+03  7.31063E+03  1.43072E+00  1.39263E+00  9.73380E-01  1.42600E-01  1.04200E-01  7.30715E-01  1.57720E-01  1.07244E-01  6.79966E-01
55 16 25  4.73991E+03  5.07244E+03  7.62653E+03  1.85244E+00  1.38475E+00  7.47528E-01  1.36600E-01  9.70100E-02  7.10176E-01  1.58455E-01  9.98447E-02  6.30116E-01
56 16 25  4.93606E+03  5.29440E+03  7.95036E+03  2.20871E+00  1.37824E+00  6.24001E-01  1.63700E-01  9.04400E-02  5.52474E-01  1.76836E-01  9.30932E-02  5.26438E-01
57 16 25  5.13474E+03  5.52218E+03  8.28223E+03  2.25844E+00  1.37281E+00  6.07857E-01  1.61500E-01  8.44400E-02  5.22848E-01  1.72157E-01  8.69226E-02  5.04904E-01
58 16 26  5.33706E+03  5.75586E+03  8.62224E+03  2.26884E+00  1.36881E+00  6.03306E-01  1.55000E-01  7.89700E-02  5.09484E-01  1.64494E-01  8.12895E-02  4.94180E-01
59 16 26  5.54325E+03  5.99555E+03  8.97052E+03  2.27293E+00  1.36653E+00  6.01218E-01  1.47800E-01  7.39700E-02  5.00474E-01  1.56633E-01  7.61442E-02  4.86130E-01
60 16 26  5.75339E+03  6.24134E+03  9.32718E+03  2.27571E+00  1.36620E+00  6.00339E-01  1.40600E-01  6.93300E-02  4.93101E-01  1.48794E-01  7.13740E-02  4.79683E-01
61 16 26  5.96752E+03  6.49333E+03  9.69235E+03  2.27812E+00  1.36809E+00  6.00535E-01  1.34300E-01  6.50400E-02  4.84289E-01  1.42065E-01  6.69559E-02  4.71303E-01
62 16 26  6.18567E+03  6.75162E+03  1.00661E+04  2.28032E+00  1.37267E+00  6.01966E-01  1.27700E-01  6.13400E-02  4.80345E-01  1.35072E-01  6.31466E-02  4.67504E-01
63 16 26  6.40785E+03  7.01629E+03  1.04487E+04  2.28221E+00  1.38022E+00  6.04770E-01  1.21700E-01  5.77600E-02  4.74610E-01  1.28670E-01  5.94701E-02  4.62190E-01
64 16 26  6.63408E+03  7.28741E+03  1.08402E+04  2.28383E+00  1.39060E+00  6.08891E-01  1.16000E-01  5.43800E-02  4.68793E-01  1.22634E-01  5.59977E-02  4.56626E-01
65 16 26  6.86436E+03  7.56497E+03  1.12408E+04  2.28525E+00  1.40102E+00  6.13072E-01  1.10600E-01  5.09900E-02  4.61031E-01  1.16963E-01  5.25341E-02  4.49152E-01
66 16 26  7.09874E+03  7.84885E+03  1.16505E+04  2.28608E+00  1.40098E+00  6.12832E-01  1.05500E-01  4.70900E-02  4.46351E-01  1.11594E-01  4.85776E-02  4.35306E-01
67 16 26  7.33720E+03  8.13867E+03  1.20696E+04  2.28638E+00  1.35443E+00  5.92389E-01  1.00600E-01  4.15100E-02  4.12624E-01  1.06439E-01  4.29784E-02  4.03783E-01
68 16 28  7.57977E+03  8.45878E+03  1.24982E+04  2.28643E+00  1.86573E-01  8.16002E-02  9.61100E-02  1.03000E-02  1.07169E-01  1.01654E-01  1.16115E-02  1.14227E-01
69 16 28  7.82645E+03  8.76146E+03  1.29366E+04  2.28610E+00  4.20412E-01  1.83899E-01  9.18300E-02  1.73500E-02  1.88936E-01  9.71319E-02  1.86102E-02  1.91597E-01
70 16 28  8.07727E+03  9.07336E+03  1.33848E+04  2.28533E+00  6.24572E-01  2.73296E-01  8.77900E-02  2.20900E-02  2.51623E-01  9.28636E-02  2.32528E-02  2.50397E-01
71 16 28  8.33223E+03  9.39398E+03  1.38430E+04  2.28416E+00  7.57097E-01  3.31455E-01  8.39700E-02  2.41800E-02  2.87960E-01  8.88215E-02  2.52580E-02  2.84368E-01
72 16 28  8.59135E+03  9.72301E+03  1.43116E+04  2.28281E+00  8.38046E-01  3.67112E-01  8.03500E-02  2.47100E-02  3.07530E-01  8.49973E-02  2.57157E-02  3.02547E-01
73 16 28  8.85465E+03  1.00604E+04  1.47905E+04  2.28111E+00  8.88711E-01  3.89596E-01  7.69200E-02  2.44500E-02  3.17863E-01  8.13747E-02  2.53960E-02  3.12088E-01
74 16 28  9.12212E+03  1.04061E+04  1.52801E+04  2.27916E+00  9.21199E-01  4.04184E-01  7.36700E-02  2.37900E-02  3.22927E-01  7.79432E-02  2.46823E-02  3.16670E-01
75 16 28  9.39380E+03  1.07604E+04  1.57806E+04  2.27690E+00  9.42315E-01  4.13859E-01  7.06000E-02  2.29300E-02  3.24788E-01  7.46907E-02  2.37720E-02  3.18273E-01
76 16 28  9.66970E+03  1.11233E+04  1.62921E+04  2.27439E+00  9.56085E-01  4.20371E-01  6.76800E-02  2.19700E-02  3.24616E-01  7.16056E-02  2.27717E-02  3.18015E-01
77 16 28  9.94983E+03  1.14952E+04  1.68150E+04  2.27156E+00  9.64699E-01  4.24685E-01  6.49100E-02  2.09800E-02  3.23217E-01  6.86760E-02  2.17347E-02  3.16482E-01
78 16 28  1.02342E+04  1.18761E+04  1.73494E+04  2.26859E+00  9.69747E-01  4.27468E-01  6.22800E-02  1.99800E-02  3.20809E-01  6.58949E-02  2.06973E-02  3.14096E-01
