 2.97872E+02  6.01744E+00
 5.10638E+02  1.69021E+01
 8.08511E+02  6.89025E+01
 1.10638E+03  1.63394E+02
 1.36170E+03  2.03621E+02
 1.53191E+03  1.90288E+02
 1.74468E+03  2.14231E+02
 1.82979E+03  2.37137E+02
 2.21277E+03  2.25393E+02
 2.89362E+03  2.21609E+02
 3.19149E+03  2.33156E+02
 3.48936E+03  2.03621E+02
 3.65957E+03  1.80864E+02
 3.91489E+03  1.60651E+02
 4.04255E+03  1.47611E+02
 4.25532E+03  1.35629E+02
 4.59574E+03  1.40300E+02
 4.89362E+03  1.35629E+02
 5.14894E+03  1.10692E+02
 5.57447E+03  8.88238E+01
 5.74468E+03  7.88967E+01
 5.91489E+03  6.66085E+01
 6.21277E+03  6.12019E+01
 6.42553E+03  5.25519E+01
 6.93617E+03  4.99493E+01
 7.19149E+03  4.91107E+01
 7.27660E+03  4.21697E+01
 7.53191E+03  3.62096E+01
 7.78723E+03  4.07656E+01
 7.91489E+03  3.74567E+01
 8.00000E+03  3.80963E+01
 8.38298E+03  3.56017E+01
 8.63830E+03  3.10919E+01
 9.27660E+03  2.76170E+01
 9.74468E+03  2.80886E+01
 9.95745E+03  2.58086E+01
 1.06383E+04  2.33156E+01
 1.13191E+04  2.25393E+01
 1.16596E+04  2.10634E+01
 1.21277E+04  1.96842E+01
 1.25532E+04  1.80864E+01
 1.32340E+04  1.66184E+01
 1.38298E+04  1.52695E+01
 1.42979E+04  1.35629E+01
 1.50638E+04  1.20471E+01
 1.58723E+04  1.16460E+01
 1.59574E+04  1.10692E+01
 1.63404E+04  1.03444E+01
 1.66809E+04  7.49894E+00
 1.67234E+04  1.26748E+01
 1.68936E+04  1.24620E+01
 1.71915E+04  1.01707E+01
 1.74468E+04  8.02439E+00
 1.75745E+04  1.00000E+01
 1.77021E+04  1.07007E+01
 1.78723E+04  1.26748E+01
 1.81277E+04  9.66705E+00
 1.82128E+04  7.88967E+00
 1.82979E+04  8.88238E+00
 1.84255E+04  1.08834E+01
 1.84255E+04  1.08834E+01
 1.90638E+04  9.66705E+00
 1.94468E+04  8.58665E+00
 1.98298E+04  7.49894E+00
 2.05532E+04  7.00791E+00
 2.17872E+04  5.71943E+00
 2.29787E+04  5.71943E+00
 2.31489E+04  7.24927E+00
 2.37021E+04  5.81709E+00
 2.42553E+04  5.43618E+00
 2.51915E+04  5.16696E+00
 2.62979E+04  4.43669E+00
 2.78723E+04  3.74567E+00
 2.80000E+04  3.94083E+00
 2.87234E+04  3.68279E+00
 2.94468E+04  3.80963E+00
 2.97021E+04  4.00812E+00
 2.98723E+04  3.05699E+00
