 1.54930E+03  1.83397E+02
 1.64319E+03  2.34712E+02
 1.87793E+03  3.50464E+02
 2.30047E+03  4.48524E+02
 2.67606E+03  4.62571E+02
 3.09859E+03  5.92000E+02
 3.52113E+03  7.34635E+02
 3.94366E+03  7.34635E+02
 4.36620E+03  5.74022E+02
 5.02347E+03  4.34903E+02
 5.58685E+03  3.19495E+02
 6.19718E+03  2.20673E+02
 7.04225E+03  1.57191E+02
 8.07512E+03  1.11971E+02
 8.82629E+03  9.59716E+01
 9.67136E+03  7.73380E+01
 1.04225E+04  6.62870E+01
 1.14554E+04  5.34169E+01
 1.21596E+04  4.43937E+01
 1.30516E+04  3.92419E+01
 1.37089E+04  3.68947E+01
 1.44131E+04  3.26132E+01
 1.53052E+04  2.79530E+01
 1.61972E+04  2.47091E+01
 1.68545E+04  2.39588E+01
 1.74648E+04  2.18417E+01
 1.86854E+04  1.87207E+01
 1.95775E+04  1.65482E+01
 2.03756E+04  1.55584E+01
 2.15023E+04  1.33352E+01
 2.26761E+04  1.25376E+01
 2.37559E+04  1.07461E+01
 2.52113E+04  1.04197E+01
 2.60094E+04  9.79651E+00
 2.69953E+04  9.21055E+00
 2.77934E+04  8.65964E+00
 2.87793E+04  8.93085E+00
 2.92958E+04  7.42225E+00
 2.98592E+04  7.42225E+00
