  0 63.000  -1 0.000E+00 0.000E+00 0.000E+00 0.000E+00 0.000E+00 0.000E+00 0.000E+00 0.000E+00    0 0.000E+00 0.000E+00 0.000E+00
  1 20.000  -1 0.000E+00 0.000E+00 0.000E+00 0.000E+00 0.000E+00 0.000E+00 0.000E+00 0.000E+00    0 0.000E+00 0.000E+00 0.000E+00
  2 18.000  -1 0.000E+00 0.000E+00 0.000E+00 0.000E+00 0.000E+00 0.000E+00 0.000E+00 0.000E+00    0 0.000E+00 0.000E+00 0.000E+00
  3 16.000  -1 0.000E+00 0.000E+00 0.000E+00 0.000E+00 0.000E+00 0.000E+00 0.000E+00 0.000E+00    0 0.000E+00 0.000E+00 0.000E+00
  4 14.000  -1 0.000E+00 0.000E+00 0.000E+00 0.000E+00 0.000E+00 0.000E+00 0.000E+00 0.000E+00    0 0.000E+00 0.000E+00 0.000E+00
  5 12.000  -1 0.000E+00 0.000E+00 0.000E+00 0.000E+00 0.000E+00 0.000E+00 0.000E+00 0.000E+00    0 0.000E+00 0.000E+00 0.000E+00
  6 10.000   1 3.597E+00 2.653E+01 4.271E-01 3.913E-04 4.041E+01 4.044E+01 8.946E-05 6.991E-01    4 1.446E-03 6.613E-03 8.236E-04
  7 9.8000   1 3.278E+00 2.526E+01 4.678E-01 2.923E-04 5.183E+01 5.175E+01 7.740E-05 3.728E-02    3 1.589E-03 7.118E-03 8.015E-04
  8 9.6000   1 4.028E+00 3.007E+01 5.317E-01 3.913E-04 5.855E+01 5.850E+01 9.691E-05 6.877E-02    4 1.417E-03 7.483E-03 9.734E-04
  9 9.4000   1 6.472E+00 4.576E+01 6.585E-01 7.803E-04 6.392E+01 6.403E+01 1.862E-04 8.997E-01    8 1.122E-03 7.281E-03 1.249E-03
 10 9.2000   1 5.863E+00 4.244E+01 7.153E-01 6.828E-04 5.929E+01 5.925E+01 1.766E-04 4.355E-01    4 1.304E-03 7.762E-03 1.181E-03
 11 9.0000   1 6.446E+00 4.701E+01 8.098E-01 6.828E-04 6.050E+01 6.061E+01 1.866E-04 1.918E+00    4 1.314E-03 7.821E-03 1.307E-03
 12 8.7999   1 9.806E+00 6.819E+01 9.954E-01 1.071E-03 7.819E+01 7.817E+01 3.025E-04 2.004E+00    7 1.199E-03 6.957E-03 1.838E-03
 13 8.5999   1 9.951E+00 7.030E+01 1.115E+00 1.071E-03 7.975E+01 7.975E+01 3.159E-04 9.925E-01    7 1.373E-03 6.842E-03 2.037E-03
 14 8.3999   1 1.003E+01 7.263E+01 1.244E+00 1.168E-03 9.192E+01 9.187E+01 3.500E-04 1.568E+00    6 1.585E-03 6.714E-03 2.052E-03
 15 8.2000   1 1.046E+01 7.734E+01 1.544E+00 1.264E-03 2.763E+02 2.763E+02 4.186E-04 4.928E+00    5 1.783E-03 6.672E-03 2.631E-03
 16 8.0000   1 1.292E+01 9.637E+01 2.134E+00 1.362E-03 3.854E+02 3.854E+02 5.713E-04 6.879E+00    5 1.987E-03 7.423E-03 3.558E-03
 17 7.8000   1 1.067E+01 8.888E+01 2.972E+00 1.264E-03 5.746E+02 5.746E+02 7.354E-04 1.306E+01    3 2.503E-03 1.040E-02 6.268E-03
 18 7.6000   1 1.047E+01 9.312E+01 3.371E+00 1.395E-03 1.639E+02 1.638E+02 1.100E-03 2.146E+01    2 2.658E-03 1.296E-02 4.179E-03
 19 7.4000   1 9.653E+00 9.429E+01 3.650E+00 1.959E-03 1.942E+02 1.944E+02 1.730E-03 3.511E+01    2 2.900E-03 1.325E-02 2.624E-03
 20 7.2000   1 1.729E+01 1.491E+02 4.763E+00 3.952E-03 5.554E+02 5.565E+02 3.119E-03 6.121E+01    7 2.333E-03 1.179E-02 4.953E-03
 21 7.0000   1 1.043E+01 1.122E+02 5.721E+00 4.679E-03 8.540E+02 8.538E+02 4.476E-03 1.767E+01    2 4.095E-03 1.318E-02 8.703E-03
 22 6.8999   1 9.764E+00 1.153E+02 6.821E+00 5.837E-03 9.611E+02 9.595E+02 5.731E-03 1.223E+02    2 4.614E-03 1.421E-02 9.991E-03
 23 6.7999   1 9.735E+00 1.215E+02 7.783E+00 7.827E-03 6.527E+02 6.525E+02 7.595E-03 1.627E+02    3 4.590E-03 1.573E-02 8.289E-03
 24 6.7000   1 1.749E+01 2.015E+02 1.123E+01 2.344E-02 5.924E+02 5.927E+02 2.301E-02 4.926E+02    7 3.313E-03 1.617E-02 7.406E-03
 25 6.5999   1 1.794E+01 2.082E+02 1.192E+01 3.084E-02 6.020E+02 6.022E+02 3.037E-02 4.719E+02    8 3.124E-03 1.651E-02 7.482E-03
 26 6.5000   1 1.763E+01 2.124E+02 1.252E+01 3.615E-02 5.345E+02 5.349E+02 3.569E-02 4.006E+02    7 3.174E-03 1.689E-02 7.889E-03
 27 6.4000   1 2.221E+01 2.486E+02 1.346E+01 4.186E-02 3.075E+02 3.076E+02 4.095E-02 5.488E+02   11 2.825E-03 1.671E-02 7.739E-03
 28 6.3000   1 2.279E+01 2.552E+02 1.372E+01 4.534E-02 2.387E+02 2.387E+02 4.454E-02 1.614E+02   11 2.728E-03 1.687E-02 7.555E-03
 29 6.2000   1 2.347E+01 2.606E+02 1.401E+01 4.910E-02 2.508E+02 2.510E+02 4.827E-02 2.864E+02   12 2.637E-03 1.691E-02 7.952E-03
 30 6.1000   1 2.392E+01 2.655E+02 1.426E+01 5.317E-02 2.207E+02 2.208E+02 5.244E-02 6.805E+02   10 2.614E-03 1.691E-02 8.753E-03
