  0 63.000  -1 0.000E+00 0.000E+00 0.000E+00 0.000E+00 0.000E+00 0.000E+00 0.000E+00 0.000E+00    0 0.000E+00 0.000E+00 0.000E+00
  1 20.000  -1 0.000E+00 0.000E+00 0.000E+00 0.000E+00 0.000E+00 0.000E+00 0.000E+00 0.000E+00    0 0.000E+00 0.000E+00 0.000E+00
  2 18.000  -1 0.000E+00 0.000E+00 0.000E+00 0.000E+00 0.000E+00 0.000E+00 0.000E+00 0.000E+00    0 0.000E+00 0.000E+00 0.000E+00
  3 16.000  -1 0.000E+00 0.000E+00 0.000E+00 0.000E+00 0.000E+00 0.000E+00 0.000E+00 0.000E+00    0 0.000E+00 0.000E+00 0.000E+00
  4 14.000  -1 0.000E+00 0.000E+00 0.000E+00 0.000E+00 0.000E+00 0.000E+00 0.000E+00 0.000E+00    0 0.000E+00 0.000E+00 0.000E+00
  5 12.000   1 2.631E+00 1.725E+01 2.242E-01 2.932E-04 4.894E+01 4.885E+01 6.513E-05 1.447E-02    3 1.257E-03 2.780E-03 4.647E-04
  6 10.000   1 5.389E+00 4.373E+01 1.574E+00 6.803E-04 3.519E+02 3.512E+02 3.176E-04 4.686E+00    4 2.370E-03 1.071E-02 2.461E-03
  7 9.8000   1 5.181E+00 4.580E+01 1.916E+00 6.803E-04 1.890E+02 1.896E+02 3.935E-04 7.966E+00    3 3.207E-03 1.113E-02 3.844E-03
  8 9.6000   1 4.943E+00 4.832E+01 2.448E+00 6.803E-04 5.957E+02 5.950E+02 5.131E-04 1.113E+01    1 3.487E-03 1.227E-02 3.555E-03
  9 9.4000   1 4.813E+00 5.244E+01 3.029E+00 9.005E-04 5.001E+02 5.000E+02 7.013E-04 1.488E+01    2 3.167E-03 1.499E-02 2.760E-03
 10 9.2000   1 4.581E+00 5.580E+01 3.638E+00 1.111E-03 4.323E+02 4.334E+02 9.460E-04 2.018E+01    2 3.362E-03 1.598E-02 2.887E-03
 11 9.0000   1 5.884E+00 6.942E+01 4.468E+00 1.536E-03 6.597E+02 6.628E+02 1.349E-03 2.821E+01    3 2.860E-03 1.601E-02 4.054E-03
 12 8.7999   1 6.041E+00 7.430E+01 5.045E+00 2.192E-03 3.698E+02 3.706E+02 1.888E-03 3.986E+01    4 3.099E-03 1.757E-02 4.756E-03
 13 8.5999   1 6.519E+00 7.955E+01 5.426E+00 3.046E-03 2.658E+02 2.680E+02 2.682E-03 5.626E+01    5 2.367E-03 1.890E-02 3.153E-03
 14 8.3999   1 4.739E+00 6.925E+01 5.601E+00 3.847E-03 1.678E+02 1.681E+02 3.782E-03 8.205E+01    1 2.725E-03 1.969E-02 1.464E-03
 15 8.2000   1 7.436E+00 8.888E+01 6.059E+00 6.050E-03 1.819E+02 1.822E+02 5.692E-03 1.216E+02    3 2.372E-03 1.903E-02 1.355E-03
 16 8.0000   1 1.168E+01 1.165E+02 6.482E+00 9.387E-03 2.333E+02 2.337E+02 8.732E-03 1.847E+02    8 1.938E-03 1.843E-02 1.964E-03
 17 7.8000   1 1.523E+01 1.463E+02 7.244E+00 1.436E-02 3.839E+02 3.839E+02 1.350E-02 2.868E+02   10 2.017E-03 1.745E-02 2.594E-03
 18 7.6000   1 1.748E+01 1.684E+02 8.079E+00 1.896E-02 4.060E+02 4.060E+02 1.806E-02 1.139E+02   11 2.233E-03 1.711E-02 3.463E-03
 19 7.4000   1 2.188E+01 2.022E+02 8.781E+00 2.144E-02 3.269E+02 3.267E+02 2.030E-02 8.807E+01   15 2.023E-03 1.727E-02 4.472E-03
 20 7.2000   1 2.390E+01 2.240E+02 9.777E+00 2.569E-02 4.353E+02 4.340E+02 2.451E-02 5.203E+02   14 1.674E-03 1.793E-02 8.210E-03
 21 7.0000   1 2.552E+01 2.390E+02 1.040E+01 4.275E-02 4.176E+02 4.166E+02 4.188E-02 8.979E+02   11 1.506E-03 1.835E-02 7.655E-03
 22 6.8999   1 2.839E+01 2.610E+02 1.083E+01 5.682E-02 2.960E+02 2.959E+02 5.587E-02 1.200E+03   12 1.463E-03 1.820E-02 8.027E-03
 23 6.7999   1 2.949E+01 2.710E+02 1.113E+01 7.604E-02 2.946E+02 2.925E+02 7.517E-02 1.619E+03   12 1.494E-03 1.817E-02 8.605E-03
 24 6.7000   1 2.718E+01 2.637E+02 1.136E+01 1.029E-01 2.244E+02 2.242E+02 1.022E-01 2.206E+03   11 1.681E-03 1.815E-02 7.972E-03
 25 6.5999   1 2.778E+01 2.724E+02 1.165E+01 1.354E-01 2.528E+02 2.528E+02 1.345E-01 8.223E+02   11 1.760E-03 1.784E-02 7.397E-03
 26 6.5000   1 3.561E+01 3.231E+02 1.216E+01 1.399E-01 3.147E+02 3.145E+02 1.385E-01 1.370E+02   17 1.664E-03 1.722E-02 8.557E-03
 27 6.4000   1 2.992E+01 2.943E+02 1.230E+01 1.418E-01 3.076E+02 3.077E+02 1.408E-01 1.041E+02   10 2.028E-03 1.719E-02 7.710E-03
 28 6.3000   1 2.565E+01 2.775E+02 1.263E+01 1.426E-01 3.357E+02 3.356E+02 1.419E-01 5.009E+01    7 2.560E-03 1.702E-02 7.503E-03
 29 6.2000   1 3.312E+01 3.384E+02 1.402E+01 1.445E-01 3.814E+02 3.824E+02 1.435E-01 7.700E+01   11 2.587E-03 1.602E-02 1.033E-02
 30 6.1000   1 2.603E+01 2.919E+02 1.366E+01 1.451E-01 4.022E+02 4.022E+02 1.445E-01 1.238E+02    5 2.991E-03 1.667E-02 8.514E-03
