  0 63.000  -1 0.000E+00 0.000E+00 0.000E+00 0.000E+00 0.000E+00 0.000E+00 0.000E+00 0.000E+00    0 0.000E+00 0.000E+00 0.000E+00
  1 20.000  -1 0.000E+00 0.000E+00 0.000E+00 0.000E+00 0.000E+00 0.000E+00 0.000E+00 0.000E+00    0 0.000E+00 0.000E+00 0.000E+00
  2 18.000  -1 0.000E+00 0.000E+00 0.000E+00 0.000E+00 0.000E+00 0.000E+00 0.000E+00 0.000E+00    0 0.000E+00 0.000E+00 0.000E+00
  3 16.000  -1 0.000E+00 0.000E+00 0.000E+00 0.000E+00 0.000E+00 0.000E+00 0.000E+00 0.000E+00    0 0.000E+00 0.000E+00 0.000E+00
  4 14.000  -1 0.000E+00 0.000E+00 0.000E+00 0.000E+00 0.000E+00 0.000E+00 0.000E+00 0.000E+00    0 0.000E+00 0.000E+00 0.000E+00
  5 12.000  -1 0.000E+00 0.000E+00 0.000E+00 0.000E+00 0.000E+00 0.000E+00 0.000E+00 0.000E+00    0 0.000E+00 0.000E+00 0.000E+00
  6 10.000   3 6.052E-01 3.831E+00 1.261E-02 9.728E-05 2.430E+00 2.350E+00 2.095E-05 3.479E-05    1 3.900E-04 4.996E-04 5.608E-05
  7 9.8000   3 7.034E-01 4.401E+00 1.555E-02 9.728E-05 4.266E+00 4.174E+00 2.284E-05 2.198E-04    1 4.097E-04 4.992E-04 5.214E-05
  8 9.6000   3 9.075E-01 5.685E+00 2.228E-02 9.728E-05 6.480E+00 6.393E+00 2.507E-05 4.375E-04    1 4.348E-04 5.161E-04 5.812E-05
  9 9.4000   2 1.003E+00 6.329E+00 3.055E-02 9.728E-05 6.473E+00 6.415E+00 2.809E-05 4.426E-04    1 5.084E-04 6.017E-04 6.019E-05
 10 9.2000   4 1.163E+00 7.296E+00 4.006E-02 9.728E-05 7.696E+00 7.593E+00 3.114E-05 8.152E-04    1 5.858E-04 7.221E-04 5.994E-05
 11 9.0000   2 2.045E+00 1.327E+01 8.093E-02 1.958E-04 1.345E+01 1.333E+01 7.298E-05 8.559E-01    2 6.872E-04 8.878E-04 1.729E-04
 12 8.7999   3 2.331E+00 1.474E+01 7.946E-02 3.894E-04 1.138E+01 1.130E+01 8.713E-05 1.649E-03    4 6.188E-04 1.002E-03 1.670E-04
 13 8.5999   1 3.312E+00 2.153E+01 1.333E-01 4.879E-04 1.658E+01 1.639E+01 1.381E-04 2.740E-03    5 7.366E-04 1.139E-03 3.187E-04
 14 8.3999   2 3.550E+00 2.346E+01 1.593E-01 4.879E-04 1.649E+01 1.631E+01 1.466E-04 1.097E+00    5 8.145E-04 1.292E-03 3.695E-04
 15 8.2000   2 3.855E+00 2.554E+01 1.845E-01 4.879E-04 1.679E+01 1.655E+01 1.590E-04 3.928E-01    5 9.023E-04 1.520E-03 4.535E-04
 16 8.0000   2 4.093E+00 2.736E+01 2.138E-01 4.879E-04 2.044E+01 2.018E+01 1.702E-04 2.342E+00    5 9.675E-04 1.691E-03 4.960E-04
 17 7.8000   2 4.514E+00 3.011E+01 2.557E-01 4.879E-04 2.237E+01 2.219E+01 1.819E-04 4.588E-01    4 1.044E-03 1.994E-03 6.306E-04
 18 7.6000   1 5.167E+00 3.535E+01 3.323E-01 5.854E-04 3.524E+01 3.492E+01 2.403E-04 3.092E-02    4 1.168E-03 2.130E-03 7.718E-04
 19 7.4000   1 5.656E+00 3.961E+01 4.061E-01 6.820E-04 3.962E+01 3.926E+01 2.800E-04 1.787E+00    4 1.294E-03 2.363E-03 8.059E-04
 20 7.2000   1 8.716E+00 6.000E+01 6.066E-01 1.078E-03 6.617E+01 6.566E+01 4.176E-04 5.529E-01    8 1.231E-03 2.464E-03 1.057E-03
 21 7.0000   1 1.070E+01 8.492E+01 1.568E+00 1.173E-03 1.496E+02 1.487E+02 4.918E-04 2.749E+00    7 1.504E-03 7.243E-03 1.173E-03
 22 6.8999   1 1.287E+01 1.007E+02 1.892E+00 1.370E-03 1.811E+02 1.801E+02 6.218E-04 3.982E+00    9 1.587E-03 6.943E-03 1.482E-03
 23 6.7999   1 1.307E+01 1.035E+02 2.115E+00 1.370E-03 1.920E+02 1.908E+02 7.064E-04 8.843E+00    9 1.808E-03 7.306E-03 1.873E-03
 24 6.7000   1 1.374E+01 1.102E+02 2.326E+00 1.467E-03 1.793E+02 1.783E+02 8.342E-04 9.283E+00    8 1.927E-03 7.819E-03 2.060E-03
 25 6.5999   1 1.383E+01 1.134E+02 2.559E+00 1.467E-03 2.259E+02 2.247E+02 9.859E-04 9.683E+00    7 2.040E-03 8.374E-03 2.198E-03
 26 6.5000   1 1.431E+01 1.186E+02 2.887E+00 1.661E-03 3.759E+02 3.737E+02 1.224E-03 2.223E+01    7 2.096E-03 9.155E-03 2.336E-03
 27 6.4000   1 1.679E+01 1.449E+02 3.810E+00 2.271E-03 2.884E+02 2.849E+02 1.710E-03 2.814E+01    8 2.283E-03 9.708E-03 2.738E-03
 28 6.3000   1 1.715E+01 1.510E+02 4.117E+00 2.825E-03 2.183E+02 2.159E+02 2.260E-03 4.251E+01    8 2.269E-03 1.075E-02 2.881E-03
 29 6.2000   1 1.745E+01 1.565E+02 4.397E+00 3.546E-03 1.942E+02 1.900E+02 3.092E-03 5.874E+01    7 2.226E-03 1.137E-02 3.046E-03
 30 6.1000   1 1.755E+01 1.623E+02 4.613E+00 4.816E-03 1.606E+02 1.572E+02 4.313E-03 8.369E+01    7 2.256E-03 1.177E-02 2.939E-03
