  0 63.000  -1 0.000E+00 0.000E+00 0.000E+00 0.000E+00 0.000E+00 0.000E+00 0.000E+00 0.000E+00    0 0.000E+00 0.000E+00 0.000E+00
  1 20.000  -1 0.000E+00 0.000E+00 0.000E+00 0.000E+00 0.000E+00 0.000E+00 0.000E+00 0.000E+00    0 0.000E+00 0.000E+00 0.000E+00
  2 18.000  -1 0.000E+00 0.000E+00 0.000E+00 0.000E+00 0.000E+00 0.000E+00 0.000E+00 0.000E+00    0 0.000E+00 0.000E+00 0.000E+00
  3 16.000  -1 0.000E+00 0.000E+00 0.000E+00 0.000E+00 0.000E+00 0.000E+00 0.000E+00 0.000E+00    0 0.000E+00 0.000E+00 0.000E+00
  4 14.000  -1 0.000E+00 0.000E+00 0.000E+00 0.000E+00 0.000E+00 0.000E+00 0.000E+00 0.000E+00    0 0.000E+00 0.000E+00 0.000E+00
  5 12.000  -1 0.000E+00 0.000E+00 0.000E+00 0.000E+00 0.000E+00 0.000E+00 0.000E+00 0.000E+00    0 0.000E+00 0.000E+00 0.000E+00
  6 10.000  -1 0.000E+00 0.000E+00 0.000E+00 0.000E+00 0.000E+00 0.000E+00 0.000E+00 0.000E+00    0 0.000E+00 0.000E+00 0.000E+00
  7 9.8000   5 6.091E-01 3.709E+00 1.036E-02 9.653E-05 1.911E+00 1.903E+00 2.012E-05 1.649E-05    1 3.029E-04 3.960E-04 4.965E-05
  8 9.6000   5 7.546E-01 4.611E+00 1.332E-02 9.653E-05 2.176E+00 2.175E+00 2.112E-05 1.742E-05    1 3.095E-04 4.292E-04 6.347E-05
  9 9.4000   4 1.528E+00 9.613E+00 3.371E-02 2.908E-04 3.765E+00 3.759E+00 6.399E-05 5.041E-05    3 3.837E-04 5.539E-04 1.693E-04
 10 9.2000   4 1.255E+00 7.932E+00 2.930E-02 1.940E-04 3.205E+00 3.211E+00 4.653E-05 5.066E-05    2 4.061E-04 4.636E-04 1.580E-04
 11 9.0000   1 2.277E+00 1.448E+01 5.479E-02 3.883E-04 5.222E+00 5.220E+00 9.407E-05 1.141E+00    4 4.362E-04 5.432E-04 3.158E-04
 12 8.7999   2 2.520E+00 1.586E+01 6.285E-02 3.883E-04 6.028E+00 5.999E+00 9.882E-05 5.622E-01    4 4.476E-04 5.814E-04 3.500E-04
 13 8.5999   2 2.807E+00 1.737E+01 7.618E-02 3.883E-04 7.594E+00 7.539E+00 1.039E-04 1.411E-04    4 4.879E-04 6.199E-04 4.052E-04
 14 8.3999   2 3.545E+00 2.128E+01 9.515E-02 4.849E-04 1.000E+01 9.956E+00 1.277E-04 6.369E-01    5 4.976E-04 6.337E-04 4.958E-04
 15 8.2000   1 3.816E+00 2.303E+01 1.139E-01 4.849E-04 1.125E+01 1.125E+01 1.347E-04 2.252E-04    4 5.553E-04 6.949E-04 5.782E-04
 16 8.0000   4 2.773E+00 1.663E+01 9.118E-02 3.870E-04 9.047E+00 9.043E+00 1.051E-04 3.066E-04    3 6.320E-04 7.518E-04 4.178E-04
 17 7.8000   1 7.588E+00 4.583E+01 2.297E-01 8.771E-04 1.919E+01 1.917E+01 2.399E-04 5.252E-01    8 5.838E-04 7.648E-04 1.239E-03
 18 7.6000   1 1.309E+01 8.236E+01 6.405E-01 1.267E-03 6.905E+01 6.908E+01 4.280E-04 2.547E+00   11 8.740E-04 1.655E-03 2.039E-03
 19 7.4000   1 2.058E+01 1.284E+02 9.551E-01 2.146E-03 9.509E+01 9.480E+01 6.626E-04 1.564E+00   20 8.396E-04 1.708E-03 3.314E-03
 20 7.2000   1 2.201E+01 1.358E+02 1.115E+00 2.337E-03 1.659E+02 1.649E+02 7.222E-04 1.222E+00   20 9.108E-04 2.114E-03 3.772E-03
 21 7.0000   1 3.783E+01 2.357E+02 2.505E+00 3.801E-03 2.151E+02 2.149E+02 1.362E-03 1.173E+01   32 1.038E-03 4.610E-03 8.033E-03
 22 6.8999   1 2.611E+01 1.663E+02 1.970E+00 2.530E-03 1.511E+02 1.512E+02 1.024E-03 1.063E+01   18 1.062E-03 6.313E-03 4.848E-03
 23 6.7999   1 3.401E+01 2.153E+02 2.592E+00 3.306E-03 2.042E+02 2.044E+02 1.441E-03 1.277E+01   20 1.146E-03 5.600E-03 6.346E-03
 24 6.7000   1 2.925E+01 1.854E+02 2.380E+00 2.940E-03 1.799E+02 1.801E+02 1.450E-03 1.623E+01   15 1.156E-03 6.478E-03 5.579E-03
 25 6.5999   1 2.968E+01 1.900E+02 2.666E+00 3.221E-03 2.633E+02 2.634E+02 1.751E-03 2.263E+01   14 1.264E-03 6.452E-03 5.711E-03
 26 6.5000   1 3.094E+01 2.057E+02 3.561E+00 3.612E-03 3.719E+02 3.719E+02 2.321E-03 3.361E+01   13 1.699E-03 6.011E-03 6.333E-03
 27 6.4000   1 3.656E+01 2.442E+02 4.464E+00 4.504E-03 5.743E+02 5.743E+02 3.178E-03 5.021E+01   16 1.794E-03 6.124E-03 9.952E-03
 28 6.3000   1 3.922E+01 2.667E+02 5.380E+00 5.846E-03 5.122E+02 5.117E+02 4.249E-03 7.096E+01   19 1.931E-03 7.227E-03 1.409E-02
 29 6.2000   1 4.012E+01 2.748E+02 5.938E+00 7.135E-03 4.132E+02 4.132E+02 5.682E-03 1.007E+02   17 2.075E-03 8.088E-03 1.408E-02
 30 6.1000   1 4.066E+01 2.848E+02 6.569E+00 9.351E-03 4.653E+02 4.659E+02 7.858E-03 1.466E+02   16 2.177E-03 8.582E-03 1.227E-02
