  0 63.000  -1 0.000E+00 0.000E+00 0.000E+00 0.000E+00 0.000E+00 0.000E+00 0.000E+00 0.000E+00    0 0.000E+00 0.000E+00 0.000E+00
  1 20.000  -1 0.000E+00 0.000E+00 0.000E+00 0.000E+00 0.000E+00 0.000E+00 0.000E+00 0.000E+00    0 0.000E+00 0.000E+00 0.000E+00
  2 18.000  -1 0.000E+00 0.000E+00 0.000E+00 0.000E+00 0.000E+00 0.000E+00 0.000E+00 0.000E+00    0 0.000E+00 0.000E+00 0.000E+00
  3 16.000  -1 0.000E+00 0.000E+00 0.000E+00 0.000E+00 0.000E+00 0.000E+00 0.000E+00 0.000E+00    0 0.000E+00 0.000E+00 0.000E+00
  4 14.000  -1 0.000E+00 0.000E+00 0.000E+00 0.000E+00 0.000E+00 0.000E+00 0.000E+00 0.000E+00    0 0.000E+00 0.000E+00 0.000E+00
  5 12.000  -1 0.000E+00 0.000E+00 0.000E+00 0.000E+00 0.000E+00 0.000E+00 0.000E+00 0.000E+00    0 0.000E+00 0.000E+00 0.000E+00
  6 10.000   1 3.919E+00 2.647E+01 2.691E-01 4.860E-04 3.457E+01 3.424E+01 1.185E-04 4.075E-03    5 1.165E-03 2.277E-03 3.709E-04
  7 9.8000   1 4.104E+00 2.824E+01 3.108E-01 4.860E-04 4.164E+01 4.141E+01 1.245E-04 5.895E-03    5 1.265E-03 2.700E-03 4.252E-04
  8 9.6000   1 4.445E+00 3.100E+01 3.549E-01 4.860E-04 4.153E+01 4.126E+01 1.327E-04 1.282E+00    5 1.341E-03 3.127E-03 5.053E-04
  9 9.4000   1 4.555E+00 3.251E+01 4.046E-01 4.860E-04 4.139E+01 4.111E+01 1.391E-04 1.339E-02    4 1.450E-03 3.732E-03 5.898E-04
 10 9.2000   1 4.725E+00 3.449E+01 4.603E-01 4.860E-04 4.863E+01 4.818E+01 1.452E-04 3.548E-02    4 1.512E-03 4.294E-03 6.355E-04
 11 9.0000   1 5.246E+00 3.879E+01 5.309E-01 4.860E-04 4.317E+01 4.296E+01 1.525E-04 1.686E+00    4 1.507E-03 4.902E-03 7.711E-04
 12 8.7999   1 6.144E+00 4.558E+01 6.099E-01 6.797E-04 4.086E+01 4.048E+01 2.088E-04 1.062E+00    5 1.455E-03 5.253E-03 1.250E-03
 13 8.5999   1 6.284E+00 4.651E+01 6.481E-01 6.807E-04 4.065E+01 4.029E+01 2.097E-04 4.006E-02    5 1.465E-03 5.724E-03 1.351E-03
 14 8.3999   1 6.351E+00 4.764E+01 7.158E-01 6.807E-04 5.134E+01 5.102E+01 2.170E-04 5.994E-01    5 1.560E-03 5.965E-03 1.376E-03
 15 8.2000   1 7.361E+00 5.473E+01 8.177E-01 7.774E-04 5.549E+01 5.496E+01 2.558E-04 8.514E-02    5 1.561E-03 5.815E-03 1.395E-03
 16 8.0000   1 7.539E+00 5.763E+01 9.326E-01 7.774E-04 9.095E+01 9.046E+01 2.638E-04 1.889E-01    5 1.697E-03 5.828E-03 1.348E-03
 17 7.8000   1 7.556E+00 6.037E+01 1.099E+00 7.774E-04 9.391E+01 9.303E+01 3.028E-04 3.941E+00    4 1.998E-03 6.079E-03 1.253E-03
 18 7.6000   1 8.486E+00 6.812E+01 1.259E+00 9.719E-04 9.823E+01 9.732E+01 4.276E-04 6.920E+00    5 2.076E-03 6.400E-03 1.502E-03
 19 7.4000   1 1.103E+01 8.693E+01 1.570E+00 1.170E-03 1.168E+02 1.160E+02 6.840E-04 9.406E+00    6 2.002E-03 6.517E-03 1.921E-03
 20 7.2000   1 1.174E+01 9.375E+01 2.035E+00 1.291E-03 1.856E+02 1.798E+02 1.030E-03 1.832E+01    5 2.163E-03 8.122E-03 2.205E-03
 21 7.0000   1 1.230E+01 1.012E+02 2.347E+00 1.888E-03 1.582E+02 1.547E+02 1.689E-03 3.429E+01    4 2.154E-03 9.900E-03 2.461E-03
 22 6.8999   1 1.246E+01 1.049E+02 2.480E+00 2.340E-03 1.115E+02 1.106E+02 2.214E-03 4.622E+01    4 2.203E-03 1.035E-02 2.553E-03
 23 6.7999   1 1.294E+01 1.086E+02 2.584E+00 3.174E-03 1.070E+02 1.060E+02 2.930E-03 5.947E+01    4 2.166E-03 1.062E-02 2.553E-03
 24 6.7000   1 2.331E+01 1.926E+02 4.447E+00 5.022E-03 2.293E+02 2.269E+02 4.364E-03 8.258E+01    7 2.472E-03 8.588E-03 4.308E-03
 25 6.5999   1 2.419E+01 2.010E+02 4.728E+00 6.209E-03 2.625E+02 2.605E+02 5.497E-03 5.864E+01    6 2.505E-03 8.754E-03 4.173E-03
 26 6.5000   1 2.855E+01 2.289E+02 5.191E+00 7.579E-03 3.149E+02 3.127E+02 6.534E-03 5.854E+01    9 2.352E-03 8.654E-03 4.743E-03
 27 6.4000   1 3.006E+01 2.408E+02 5.625E+00 8.582E-03 3.242E+02 3.218E+02 7.417E-03 1.874E+01   11 2.442E-03 8.665E-03 5.225E-03
 28 6.3000   1 3.134E+01 2.508E+02 6.053E+00 9.075E-03 3.331E+02 3.314E+02 8.198E-03 4.103E+01   10 2.536E-03 8.781E-03 5.468E-03
 29 6.2000   1 3.216E+01 2.585E+02 6.516E+00 9.728E-03 3.225E+02 3.202E+02 8.974E-03 1.599E+01   10 2.669E-03 8.947E-03 5.684E-03
 30 6.1000   1 3.239E+01 2.653E+02 6.982E+00 1.069E-02 3.080E+02 3.056E+02 9.756E-03 8.371E+01   10 2.848E-03 9.127E-03 6.204E-03
