  0 63.000  -1 0.000E+00 0.000E+00 0.000E+00 0.000E+00 0.000E+00 0.000E+00 0.000E+00 0.000E+00    0 0.000E+00 0.000E+00 0.000E+00
  1 20.000  -1 0.000E+00 0.000E+00 0.000E+00 0.000E+00 0.000E+00 0.000E+00 0.000E+00 0.000E+00    0 0.000E+00 0.000E+00 0.000E+00
  2 18.000  -1 0.000E+00 0.000E+00 0.000E+00 0.000E+00 0.000E+00 0.000E+00 0.000E+00 0.000E+00    0 0.000E+00 0.000E+00 0.000E+00
  3 16.000  -1 0.000E+00 0.000E+00 0.000E+00 0.000E+00 0.000E+00 0.000E+00 0.000E+00 0.000E+00    0 0.000E+00 0.000E+00 0.000E+00
  4 14.000  -1 0.000E+00 0.000E+00 0.000E+00 0.000E+00 0.000E+00 0.000E+00 0.000E+00 0.000E+00    0 0.000E+00 0.000E+00 0.000E+00
  5 12.000  -1 0.000E+00 0.000E+00 0.000E+00 0.000E+00 0.000E+00 0.000E+00 0.000E+00 0.000E+00    0 0.000E+00 0.000E+00 0.000E+00
  6 10.000   1 3.905E+00 2.454E+01 1.956E-01 3.923E-04 3.594E+01 3.556E+01 1.547E-04 1.629E-02    3 8.721E-04 1.352E-03 2.836E-04
  7 9.8000   1 4.140E+00 2.643E+01 2.315E-01 3.923E-04 3.655E+01 3.610E+01 1.593E-04 7.250E-01    3 1.001E-03 1.464E-03 3.349E-04
  8 9.6000   1 6.757E+00 4.357E+01 3.904E-01 5.857E-04 7.398E+01 7.343E+01 2.582E-04 2.116E+00    5 1.005E-03 1.549E-03 6.270E-04
  9 9.4000   1 7.015E+00 4.683E+01 5.389E-01 5.857E-04 1.877E+02 1.870E+02 2.739E-04 3.246E+00    5 1.177E-03 2.130E-03 5.908E-04
 10 9.2000   1 7.259E+00 5.042E+01 7.422E-01 5.857E-04 1.203E+02 1.192E+02 3.252E-04 3.129E+00    3 1.556E-03 3.508E-03 5.678E-04
 11 9.0000   1 7.048E+00 5.263E+01 9.049E-01 5.857E-04 1.328E+02 1.323E+02 3.909E-04 4.063E+00    2 1.843E-03 5.068E-03 5.814E-04
 12 8.7999   1 1.159E+01 8.400E+01 1.275E+00 1.075E-03 2.538E+02 2.523E+02 6.474E-04 8.416E+00    7 1.480E-03 5.781E-03 1.138E-03
 13 8.5999   1 1.207E+01 9.197E+01 1.741E+00 1.288E-03 2.576E+02 2.542E+02 8.221E-04 1.261E+01    7 1.585E-03 8.065E-03 1.413E-03
 14 8.3999   1 9.957E+00 8.339E+01 1.925E+00 1.469E-03 1.552E+02 1.519E+02 1.033E-03 1.795E+01    6 1.833E-03 1.027E-02 1.245E-03
 15 8.2000   1 1.076E+01 9.156E+01 2.142E+00 1.932E-03 1.335E+02 1.328E+02 1.482E-03 2.692E+01    6 1.852E-03 1.037E-02 1.648E-03
 16 8.0000   1 1.157E+01 9.887E+01 2.331E+00 2.528E-03 1.263E+02 1.251E+02 2.122E-03 4.073E+01    6 1.846E-03 1.051E-02 1.947E-03
 17 7.8000   1 2.087E+01 1.611E+02 3.042E+00 4.674E-03 1.529E+02 1.505E+02 3.558E-03 6.359E+01   18 1.525E-03 9.294E-03 3.744E-03
 18 7.6000   1 2.511E+01 1.910E+02 3.431E+00 6.398E-03 1.840E+02 1.816E+02 5.308E-03 1.008E+02   16 1.467E-03 9.025E-03 4.165E-03
 19 7.4000   1 2.507E+01 1.938E+02 3.683E+00 8.680E-03 1.821E+02 1.807E+02 7.845E-03 1.552E+02   12 1.615E-03 9.112E-03 4.342E-03
 20 7.2000   1 3.230E+01 2.449E+02 4.444E+00 1.220E-02 2.470E+02 2.445E+02 1.078E-02 7.986E+01   16 1.624E-03 8.457E-03 5.441E-03
 21 7.0000   1 3.593E+01 2.730E+02 5.113E+00 1.489E-02 3.003E+02 2.979E+02 1.311E-02 3.428E+01   16 1.779E-03 8.182E-03 6.110E-03
 22 6.8999   1 5.017E+01 3.932E+02 7.930E+00 1.811E-02 4.532E+02 4.475E+02 1.577E-02 7.370E+01   22 1.832E-03 8.922E-03 8.453E-03
 23 6.7999   1 4.459E+01 3.388E+02 6.492E+00 1.693E-02 4.256E+02 4.219E+02 1.491E-02 7.822E+01   19 1.956E-03 7.588E-03 7.576E-03
 24 6.7000   1 4.581E+01 3.504E+02 7.111E+00 1.773E-02 4.982E+02 4.945E+02 1.580E-02 2.115E+01   18 2.117E-03 7.629E-03 7.539E-03
 25 6.5999   1 5.649E+01 4.471E+02 1.005E+01 2.326E-02 6.642E+02 6.595E+02 2.107E-02 1.633E+02   23 2.140E-03 8.895E-03 9.035E-03
 26 6.5000   1 5.689E+01 4.564E+02 1.105E+01 2.561E-02 9.524E+02 9.464E+02 2.422E-02 4.661E+02   17 2.321E-03 9.141E-03 8.771E-03
 27 6.4000   1 5.890E+01 4.789E+02 1.242E+01 3.201E-02 8.886E+02 8.795E+02 3.063E-02 4.605E+02   18 2.453E-03 9.739E-03 9.051E-03
 28 6.3000   1 6.911E+01 5.494E+02 1.399E+01 4.265E-02 8.424E+02 8.212E+02 4.050E-02 6.842E+02   22 2.304E-03 1.026E-02 1.025E-02
 29 6.2000   1 7.359E+01 5.841E+02 1.537E+01 5.649E-02 1.166E+03 1.114E+03 5.434E-02 9.631E+02   23 2.294E-03 1.055E-02 1.101E-02
 30 6.1000   1 7.504E+01 6.050E+02 1.724E+01 7.683E-02 1.386E+03 1.370E+03 7.461E-02 1.380E+03   22 2.445E-03 1.092E-02 1.118E-02
