  0 63.000  -1 0.000E+00 0.000E+00 0.000E+00 0.000E+00 0.000E+00 0.000E+00 0.000E+00 0.000E+00    0 0.000E+00 0.000E+00 0.000E+00
  1 20.000  -1 0.000E+00 0.000E+00 0.000E+00 0.000E+00 0.000E+00 0.000E+00 0.000E+00 0.000E+00    0 0.000E+00 0.000E+00 0.000E+00
  2 18.000  -1 0.000E+00 0.000E+00 0.000E+00 0.000E+00 0.000E+00 0.000E+00 0.000E+00 0.000E+00    0 0.000E+00 0.000E+00 0.000E+00
  3 16.000  -1 0.000E+00 0.000E+00 0.000E+00 0.000E+00 0.000E+00 0.000E+00 0.000E+00 0.000E+00    0 0.000E+00 0.000E+00 0.000E+00
  4 14.000  -1 0.000E+00 0.000E+00 0.000E+00 0.000E+00 0.000E+00 0.000E+00 0.000E+00 0.000E+00    0 0.000E+00 0.000E+00 0.000E+00
  5 12.000   1 7.080E-01 4.514E+00 9.984E-03 1.930E-04 2.286E+00 2.240E+00 3.523E-05 3.749E-01    2 2.257E-04 3.450E-04 5.007E-05
  6 10.000   1 1.193E+00 7.585E+00 5.298E-02 1.930E-04 7.278E+00 7.139E+00 6.325E-05 7.988E-04    2 7.997E-04 7.292E-04 1.302E-04
  7 9.8000   1 1.348E+00 8.522E+00 6.217E-02 1.930E-04 7.100E+00 6.960E+00 6.990E-05 7.706E-01    2 8.517E-04 8.032E-04 1.816E-04
  8 9.6000   1 1.510E+00 9.640E+00 6.885E-02 1.930E-04 8.438E+00 8.331E+00 7.623E-05 7.997E-01    2 8.725E-04 8.871E-04 2.215E-04
  9 9.4000   1 1.968E+00 1.275E+01 9.313E-02 2.900E-04 1.124E+01 1.108E+01 1.077E-04 8.507E-01    3 8.797E-04 9.368E-04 2.751E-04
 10 9.2000   2 2.134E+00 1.395E+01 1.088E-01 2.900E-04 1.314E+01 1.292E+01 1.162E-04 1.946E+00    2 9.336E-04 1.083E-03 2.616E-04
 11 9.0000   2 2.156E+00 1.455E+01 1.260E-01 2.900E-04 2.215E+01 2.194E+01 1.232E-04 2.478E-02    2 1.056E-03 1.243E-03 2.449E-04
 12 8.7999   2 2.300E+00 1.565E+01 1.530E-01 2.900E-04 1.922E+01 1.913E+01 1.297E-04 7.065E-01    2 1.185E-03 1.472E-03 2.391E-04
 13 8.5999   2 2.468E+00 1.711E+01 1.786E-01 2.900E-04 1.955E+01 1.940E+01 1.369E-04 1.944E-02    2 1.300E-03 1.760E-03 2.827E-04
 14 8.3999   2 2.599E+00 1.857E+01 2.118E-01 2.900E-04 2.493E+01 2.477E+01 1.440E-04 3.724E-02    2 1.425E-03 2.131E-03 3.261E-04
 15 8.2000   2 2.740E+00 1.980E+01 2.532E-01 2.900E-04 2.575E+01 2.561E+01 1.492E-04 2.398E-02    2 1.633E-03 2.564E-03 3.636E-04
 16 8.0000   2 3.584E+00 2.566E+01 3.102E-01 4.847E-04 2.747E+01 2.729E+01 1.969E-04 3.786E-02    4 1.527E-03 2.885E-03 5.152E-04
 17 7.8000   2 3.788E+00 2.750E+01 3.649E-01 4.847E-04 3.132E+01 3.113E+01 2.033E-04 9.145E-02    4 1.630E-03 3.465E-03 5.634E-04
 18 7.6000   2 4.556E+00 3.295E+01 4.418E-01 5.813E-04 4.047E+01 4.026E+01 2.337E-04 1.183E-01    4 1.591E-03 4.062E-03 6.906E-04
 19 7.4000   2 4.831E+00 3.580E+01 5.417E-01 5.813E-04 5.293E+01 5.271E+01 2.459E-04 9.575E-01    3 1.758E-03 4.757E-03 7.335E-04
 20 7.2000   2 5.956E+00 4.344E+01 6.847E-01 6.807E-04 7.430E+01 7.388E+01 2.852E-04 8.783E-01    4 1.678E-03 5.586E-03 9.689E-04
 21 7.0000   3 6.928E+00 5.009E+01 8.654E-01 7.773E-04 8.942E+01 8.885E+01 3.439E-04 3.106E+00    5 1.707E-03 6.734E-03 1.159E-03
 22 6.8999   1 1.497E+01 1.023E+02 1.432E+00 1.750E-03 1.374E+02 1.363E+02 7.402E-04 2.983E+00   11 1.403E-03 5.779E-03 2.298E-03
 23 6.7999   1 1.538E+01 1.064E+02 1.591E+00 1.750E-03 1.340E+02 1.328E+02 8.105E-04 4.576E+00    9 1.447E-03 6.437E-03 2.405E-03
 24 6.7000   1 3.317E+01 2.239E+02 3.202E+00 3.501E-03 3.504E+02 3.470E+02 1.703E-03 1.639E+01   19 1.503E-03 5.244E-03 4.549E-03
 25 6.5999   1 3.385E+01 2.311E+02 3.672E+00 3.931E-03 3.576E+02 3.522E+02 2.016E-03 1.764E+01   21 1.627E-03 5.967E-03 5.194E-03
 26 6.5000   1 3.444E+01 2.392E+02 4.175E+00 4.140E-03 3.495E+02 3.430E+02 2.436E-03 3.865E+01   17 1.757E-03 6.835E-03 5.626E-03
 27 6.4000   1 3.935E+01 2.730E+02 4.781E+00 4.894E-03 3.485E+02 3.437E+02 3.247E-03 5.352E+01   18 1.748E-03 7.284E-03 6.811E-03
 28 6.3000   1 4.065E+01 2.866E+02 5.321E+00 5.811E-03 4.225E+02 4.195E+02 4.242E-03 7.290E+01   19 1.778E-03 7.835E-03 7.215E-03
 29 6.2000   1 4.321E+01 3.099E+02 6.118E+00 7.400E-03 5.160E+02 5.099E+02 5.743E-03 1.030E+02   19 1.816E-03 8.383E-03 8.094E-03
 30 6.1000   1 4.284E+01 3.141E+02 6.737E+00 9.579E-03 4.467E+02 4.323E+02 7.863E-03 1.488E+02   19 1.922E-03 9.293E-03 8.402E-03
