  0 63.000  -1 0.000E+00 0.000E+00 0.000E+00 0.000E+00 0.000E+00 0.000E+00 0.000E+00 0.000E+00    0 0.000E+00 0.000E+00 0.000E+00
  1 20.000  -1 0.000E+00 0.000E+00 0.000E+00 0.000E+00 0.000E+00 0.000E+00 0.000E+00 0.000E+00    0 0.000E+00 0.000E+00 0.000E+00
  2 18.000  -1 0.000E+00 0.000E+00 0.000E+00 0.000E+00 0.000E+00 0.000E+00 0.000E+00 0.000E+00    0 0.000E+00 0.000E+00 0.000E+00
  3 16.000  -1 0.000E+00 0.000E+00 0.000E+00 0.000E+00 0.000E+00 0.000E+00 0.000E+00 0.000E+00    0 0.000E+00 0.000E+00 0.000E+00
  4 14.000   1 1.156E-01 7.197E-01 1.553E-03 0.000E+00 3.866E-01 3.760E-01 0.000E+00 0.000E+00    0 2.539E-04 2.867E-05 8.983E-06
  5 12.000   1 1.303E+00 8.145E+00 2.323E-02 2.903E-04 5.160E+00 5.086E+00 5.499E-05 3.368E-01    3 2.958E-04 2.873E-04 8.213E-05
  6 10.000   1 6.718E+00 4.172E+01 3.013E-01 8.765E-04 5.457E+01 5.384E+01 2.280E-04 5.937E-01    7 8.007E-04 1.074E-03 4.897E-04
  7 9.8000   1 7.880E+00 4.914E+01 3.938E-01 9.742E-04 7.916E+01 7.849E+01 2.550E-04 5.057E-01    6 8.810E-04 1.206E-03 4.971E-04
  8 9.6000   1 8.577E+00 5.433E+01 5.045E-01 1.071E-03 1.059E+02 1.053E+02 2.772E-04 4.469E-02    6 1.024E-03 1.424E-03 4.947E-04
  9 9.4000   1 8.968E+00 5.852E+01 6.787E-01 1.071E-03 1.238E+02 1.234E+02 2.875E-04 1.750E-01    5 1.280E-03 1.848E-03 4.272E-04
 10 9.2000   1 9.917E+00 6.883E+01 1.330E+00 1.364E-03 1.255E+03 1.251E+03 3.810E-04 6.750E+00    5 1.354E-03 3.075E-03 5.372E-04
 11 9.0000   1 9.309E+00 7.494E+01 2.624E+00 1.461E-03 5.627E+02 5.618E+02 5.206E-04 1.091E+01    5 2.405E-03 9.472E-03 6.314E-04
 12 8.7999   1 9.794E+00 8.494E+01 3.081E+00 1.655E-03 2.808E+02 2.800E+02 7.488E-04 1.493E+01    6 1.867E-03 1.389E-02 8.051E-04
 13 8.5999   1 9.993E+00 9.141E+01 3.370E+00 1.655E-03 2.028E+02 2.006E+02 1.035E-03 2.097E+01    4 1.635E-03 1.503E-02 9.695E-04
 14 8.3999   1 1.083E+01 1.007E+02 3.776E+00 1.754E-03 3.925E+02 3.897E+02 1.476E-03 3.044E+01    3 1.427E-03 1.534E-02 1.129E-03
 15 8.2000   1 1.082E+01 1.059E+02 4.340E+00 2.458E-03 5.549E+02 5.527E+02 2.155E-03 4.510E+01    3 1.340E-03 1.650E-02 1.198E-03
 16 8.0000   1 1.122E+01 1.148E+02 4.953E+00 3.652E-03 2.876E+02 2.732E+02 3.263E-03 6.867E+01    4 1.439E-03 1.711E-02 1.214E-03
 17 7.8000   1 1.316E+01 1.339E+02 5.625E+00 5.817E-03 3.475E+02 3.399E+02 5.160E-03 1.105E+02    8 1.355E-03 1.720E-02 1.233E-03
 18 7.6000   1 1.386E+01 1.448E+02 6.193E+00 8.682E-03 3.972E+02 3.939E+02 8.163E-03 1.738E+02    8 1.319E-03 1.761E-02 1.327E-03
 19 7.4000   1 1.311E+01 1.525E+02 6.862E+00 1.361E-02 3.356E+02 3.127E+02 1.328E-02 2.870E+02    5 1.236E-03 1.843E-02 1.520E-03
 20 7.2000   1 1.352E+01 1.620E+02 7.458E+00 2.251E-02 2.468E+02 2.328E+02 2.227E-02 4.820E+02    4 1.323E-03 1.875E-02 1.548E-03
 21 7.0000   1 1.530E+01 1.795E+02 8.015E+00 3.858E-02 3.236E+02 3.189E+02 3.813E-02 4.971E+02    7 1.240E-03 1.866E-02 1.444E-03
 22 6.8999   1 1.542E+01 1.844E+02 8.281E+00 4.602E-02 2.075E+02 1.986E+02 4.569E-02 8.763E+02    5 1.280E-03 1.872E-02 1.503E-03
 23 6.7999   1 1.843E+01 2.051E+02 8.518E+00 5.310E-02 1.354E+02 1.320E+02 5.221E-02 5.191E+02   12 1.155E-03 1.864E-02 2.055E-03
 24 6.7000   1 1.640E+01 1.978E+02 8.599E+00 5.808E-02 1.161E+02 1.143E+02 5.754E-02 2.596E+02    7 1.260E-03 1.865E-02 1.896E-03
 25 6.5999   1 2.066E+01 2.291E+02 8.846E+00 6.303E-02 1.064E+02 1.040E+02 6.224E-02 2.592E+02   11 1.129E-03 1.829E-02 2.522E-03
 26 6.5000   1 2.122E+01 2.368E+02 8.950E+00 6.696E-02 9.279E+01 9.153E+01 6.621E-02 8.949E+01   11 1.139E-03 1.812E-02 2.713E-03
 27 6.4000   1 1.913E+01 2.315E+02 9.003E+00 6.855E-02 9.110E+01 8.982E+01 6.812E-02 1.136E+02    7 1.258E-03 1.802E-02 2.404E-03
 28 6.3000   1 2.316E+01 2.636E+02 9.239E+00 7.011E-02 1.184E+02 1.168E+02 6.951E-02 4.841E+01   10 1.200E-03 1.763E-02 2.769E-03
 29 6.2000   1 1.600E+01 2.255E+02 9.168E+00 7.046E-02 1.790E+02 1.778E+02 7.035E-02 6.187E+01    2 1.594E-03 1.784E-02 1.816E-03
 30 6.1000   1 2.237E+01 2.725E+02 9.785E+00 7.283E-02 2.723E+02 2.708E+02 7.235E-02 1.340E+02    8 1.521E-03 1.703E-02 2.409E-03
