  0 63.000  -1 0.000E+00 0.000E+00 0.000E+00 0.000E+00 0.000E+00 0.000E+00 0.000E+00 0.000E+00    0 0.000E+00 0.000E+00 0.000E+00
  1 20.000  -1 0.000E+00 0.000E+00 0.000E+00 0.000E+00 0.000E+00 0.000E+00 0.000E+00 0.000E+00    0 0.000E+00 0.000E+00 0.000E+00
  2 18.000  -1 0.000E+00 0.000E+00 0.000E+00 0.000E+00 0.000E+00 0.000E+00 0.000E+00 0.000E+00    0 0.000E+00 0.000E+00 0.000E+00
  3 16.000  -1 0.000E+00 0.000E+00 0.000E+00 0.000E+00 0.000E+00 0.000E+00 0.000E+00 0.000E+00    0 0.000E+00 0.000E+00 0.000E+00
  4 14.000  -1 0.000E+00 0.000E+00 0.000E+00 0.000E+00 0.000E+00 0.000E+00 0.000E+00 0.000E+00    0 0.000E+00 0.000E+00 0.000E+00
  5 12.000  -1 0.000E+00 0.000E+00 0.000E+00 0.000E+00 0.000E+00 0.000E+00 0.000E+00 0.000E+00    0 0.000E+00 0.000E+00 0.000E+00
  6 10.000   2 1.176E+00 7.254E+00 2.894E-02 9.758E-05 4.986E+00 4.981E+00 2.243E-05 4.652E-05    1 4.316E-04 6.166E-04 9.673E-05
  7 9.8000   2 1.441E+00 8.855E+00 3.499E-02 9.758E-05 5.875E+00 5.871E+00 2.372E-05 2.144E-04    1 4.372E-04 6.383E-04 1.223E-04
  8 9.6000   1 1.554E+00 9.589E+00 4.239E-02 9.758E-05 6.970E+00 6.945E+00 2.530E-05 1.022E-04    1 4.919E-04 7.221E-04 1.415E-04
  9 9.4000   1 1.637E+00 1.023E+01 5.007E-02 9.758E-05 8.601E+00 8.566E+00 2.675E-05 1.282E-04    1 5.685E-04 8.109E-04 1.453E-04
 10 9.2000   1 1.703E+00 1.083E+01 6.643E-02 1.948E-04 1.894E+01 1.894E+01 4.339E-05 3.370E-01    2 6.473E-04 1.013E-03 1.277E-04
 11 9.0000   2 1.978E+00 1.288E+01 9.168E-02 1.948E-04 1.693E+01 1.693E+01 4.448E-05 1.485E-03    2 7.806E-04 1.169E-03 1.574E-04
 12 8.7999   2 2.789E+00 1.785E+01 1.210E-01 2.928E-04 1.963E+01 1.959E+01 6.204E-05 3.255E-03    2 7.552E-04 1.382E-03 2.403E-04
 13 8.5999   2 2.870E+00 1.850E+01 1.513E-01 2.928E-04 2.624E+01 2.619E+01 6.380E-05 3.811E-01    2 9.287E-04 1.674E-03 2.848E-04
 14 8.3999   2 2.862E+00 1.969E+01 2.158E-01 3.946E-04 3.053E+01 3.054E+01 9.289E-05 9.498E-03    3 1.274E-03 2.128E-03 4.026E-04
 15 8.2000   1 3.306E+00 2.342E+01 2.676E-01 3.946E-04 3.250E+01 3.250E+01 9.657E-05 1.108E-02    3 1.370E-03 2.733E-03 5.153E-04
 16 8.0000   1 3.604E+00 2.591E+01 3.264E-01 3.946E-04 3.572E+01 3.574E+01 1.005E-04 1.210E-02    3 1.496E-03 3.327E-03 6.168E-04
 17 7.8000   1 4.817E+00 3.430E+01 4.126E-01 5.897E-04 4.180E+01 4.178E+01 1.448E-04 7.224E-02    4 1.367E-03 3.800E-03 8.678E-04
 18 7.6000   1 5.246E+00 3.804E+01 5.320E-01 5.897E-04 7.239E+01 7.241E+01 1.520E-04 6.988E-01    4 1.466E-03 4.676E-03 1.116E-03
 19 7.4000   1 5.523E+00 4.136E+01 7.490E-01 5.897E-04 9.318E+01 9.341E+01 1.768E-04 1.808E+00    4 1.729E-03 6.542E-03 1.815E-03
 20 7.2000   1 5.404E+00 4.248E+01 8.913E-01 5.897E-04 6.839E+01 6.840E+01 2.173E-04 1.943E+00    4 1.841E-03 8.588E-03 1.867E-03
 21 7.0000   1 1.450E+01 1.135E+02 2.122E+00 1.372E-03 1.316E+02 1.316E+02 5.402E-04 3.180E+00   11 1.737E-03 7.107E-03 4.013E-03
 22 6.8999   1 1.262E+01 9.207E+01 1.497E+00 1.369E-03 7.320E+01 7.330E+01 5.543E-04 1.857E+00    8 1.306E-03 7.879E-03 3.174E-03
 23 6.7999   1 1.665E+01 1.309E+02 2.550E+00 1.565E-03 1.431E+02 1.432E+02 7.106E-04 2.570E+00   10 1.737E-03 7.423E-03 4.656E-03
 24 6.7000   1 1.732E+01 1.354E+02 2.713E+00 1.565E-03 1.336E+02 1.337E+02 7.671E-04 2.451E+00   10 1.764E-03 7.674E-03 5.041E-03
 25 6.5999   1 1.488E+01 1.050E+02 1.766E+00 1.562E-03 6.794E+01 6.800E+01 7.623E-04 5.145E+00   10 1.341E-03 8.008E-03 3.929E-03
 26 6.5000   1 2.923E+01 2.211E+02 4.184E+00 2.533E-03 2.003E+02 2.003E+02 1.272E-03 7.006E+00   16 1.805E-03 6.870E-03 8.517E-03
 27 6.4000   1 2.296E+01 1.800E+02 3.856E+00 2.072E-03 1.573E+02 1.573E+02 1.146E-03 3.153E+00   11 2.004E-03 7.634E-03 7.848E-03
 28 6.3000   1 2.272E+01 1.806E+02 4.092E+00 1.975E-03 1.811E+02 1.811E+02 1.211E-03 2.794E+00   10 2.121E-03 7.739E-03 8.091E-03
 29 6.2000   1 2.318E+01 1.844E+02 4.440E+00 2.070E-03 4.329E+02 4.305E+02 1.296E-03 5.468E+00   10 2.237E-03 7.878E-03 9.422E-03
 30 6.1000   1 3.555E+01 2.665E+02 5.791E+00 3.233E-03 2.692E+02 2.693E+02 1.823E-03 7.967E+00   17 2.066E-03 7.627E-03 1.368E-02
