  0 63.000  -1 0.000E+00 0.000E+00 0.000E+00 0.000E+00 0.000E+00 0.000E+00 0.000E+00 0.000E+00    0 0.000E+00 0.000E+00 0.000E+00
  1 20.000  -1 0.000E+00 0.000E+00 0.000E+00 0.000E+00 0.000E+00 0.000E+00 0.000E+00 0.000E+00    0 0.000E+00 0.000E+00 0.000E+00
  2 18.000  -1 0.000E+00 0.000E+00 0.000E+00 0.000E+00 0.000E+00 0.000E+00 0.000E+00 0.000E+00    0 0.000E+00 0.000E+00 0.000E+00
  3 16.000  -1 0.000E+00 0.000E+00 0.000E+00 0.000E+00 0.000E+00 0.000E+00 0.000E+00 0.000E+00    0 0.000E+00 0.000E+00 0.000E+00
  4 14.000  -1 0.000E+00 0.000E+00 0.000E+00 0.000E+00 0.000E+00 0.000E+00 0.000E+00 0.000E+00    0 0.000E+00 0.000E+00 0.000E+00
  5 12.000  -1 0.000E+00 0.000E+00 0.000E+00 0.000E+00 0.000E+00 0.000E+00 0.000E+00 0.000E+00    0 0.000E+00 0.000E+00 0.000E+00
  6 10.000   1 1.520E+00 1.037E+01 9.158E-02 1.987E-04 9.202E+00 9.084E+00 4.570E-05 1.867E-03    2 1.033E-03 1.967E-03 1.499E-04
  7 9.8000   1 1.813E+00 1.186E+01 1.008E-01 1.987E-04 9.821E+00 9.712E+00 4.623E-05 3.584E-01    2 1.001E-03 2.106E-03 2.058E-04
  8 9.6000   1 2.136E+00 1.409E+01 1.163E-01 1.987E-04 9.852E+00 9.725E+00 4.730E-05 6.584E-01    2 9.594E-04 2.297E-03 2.699E-04
  9 9.4000   1 3.757E+00 2.414E+01 1.521E-01 3.922E-04 1.515E+01 1.490E+01 8.890E-05 7.036E-01    3 7.261E-04 2.057E-03 4.536E-04
 10 9.2000   1 4.813E+00 3.077E+01 1.922E-01 4.889E-04 1.983E+01 1.948E+01 1.218E-04 7.529E-01    4 7.077E-04 1.963E-03 5.709E-04
 11 9.0000   1 5.183E+00 3.318E+01 2.204E-01 4.889E-04 2.549E+01 2.506E+01 1.321E-04 3.862E-03    4 7.642E-04 1.984E-03 6.336E-04
 12 8.7999   1 5.845E+00 3.703E+01 2.561E-01 4.889E-04 3.087E+01 3.048E+01 1.426E-04 1.734E+00    4 7.923E-04 1.914E-03 7.516E-04
 13 8.5999   1 6.816E+00 4.269E+01 3.062E-01 5.857E-04 3.607E+01 3.548E+01 1.718E-04 7.128E-03    5 8.096E-04 1.880E-03 8.063E-04
 14 8.3999   1 1.015E+01 6.498E+01 4.819E-01 8.764E-04 6.895E+01 6.821E+01 2.609E-04 2.222E+00    8 8.539E-04 1.842E-03 1.009E-03
 15 8.2000   1 1.255E+01 8.088E+01 6.515E-01 1.074E-03 8.836E+01 8.763E+01 3.262E-04 3.860E-01    9 9.249E-04 1.965E-03 1.346E-03
 16 8.0000   1 1.408E+01 9.102E+01 8.106E-01 1.268E-03 1.170E+02 1.159E+02 3.735E-04 1.131E+00    8 1.044E-03 2.296E-03 1.591E-03
 17 7.8000   1 1.819E+01 1.192E+02 1.236E+00 1.559E-03 3.013E+02 3.000E+02 4.612E-04 3.097E+00   11 1.059E-03 3.114E-03 2.092E-03
 18 7.6000   1 1.853E+01 1.243E+02 1.612E+00 1.559E-03 1.943E+02 1.927E+02 5.484E-04 6.342E+00    9 1.410E-03 4.927E-03 2.322E-03
 19 7.4000   1 1.517E+01 1.089E+02 1.865E+00 1.171E-03 1.683E+02 1.675E+02 5.970E-04 6.558E+00    5 1.870E-03 6.220E-03 1.982E-03
 20 7.2000   1 1.312E+01 9.655E+01 1.950E+00 1.260E-03 2.323E+02 2.300E+02 7.886E-04 1.171E+01    4 2.075E-03 7.120E-03 1.849E-03
 21 7.0000   1 2.353E+01 1.721E+02 3.596E+00 2.786E-03 5.693E+02 5.556E+02 1.631E-03 2.899E+01   13 1.813E-03 7.680E-03 3.145E-03
 22 6.8999   1 2.181E+01 1.644E+02 4.055E+00 2.954E-03 4.643E+02 4.572E+02 2.022E-03 3.574E+01   10 2.125E-03 9.803E-03 2.830E-03
 23 6.7999   1 2.198E+01 1.709E+02 4.553E+00 4.198E-03 5.150E+02 5.138E+02 2.705E-03 5.180E+01   16 2.227E-03 1.098E-02 3.209E-03
 24 6.7000   1 4.481E+01 3.231E+02 6.395E+00 6.714E-03 5.095E+02 4.887E+02 4.347E-03 6.688E+01   27 1.575E-03 1.069E-02 7.062E-03
 25 6.5999   1 2.420E+01 1.932E+02 5.575E+00 6.071E-03 3.102E+02 2.866E+02 4.724E-03 9.432E+01   13 1.891E-03 1.397E-02 3.651E-03
 26 6.5000   1 2.622E+01 2.132E+02 6.025E+00 7.756E-03 3.059E+02 2.900E+02 6.587E-03 1.365E+02   12 1.820E-03 1.410E-02 3.900E-03
 27 6.4000   1 2.163E+01 1.871E+02 6.162E+00 9.563E-03 2.788E+02 2.765E+02 8.889E-03 1.919E+02    5 2.089E-03 1.452E-02 3.355E-03
 28 6.3000   1 5.448E+01 4.002E+02 8.305E+00 1.677E-02 3.903E+02 3.860E+02 1.395E-02 2.809E+02   32 1.475E-03 1.195E-02 8.576E-03
 29 6.2000   1 6.111E+01 4.450E+02 9.192E+00 2.159E-02 5.345E+02 5.291E+02 1.861E-02 1.035E+02   33 1.535E-03 1.135E-02 9.470E-03
 30 6.1000   1 6.458E+01 4.724E+02 1.009E+01 2.415E-02 6.379E+02 6.329E+02 2.090E-02 2.229E+02   37 1.626E-03 1.105E-02 9.795E-03
