  0 63.000  -1 0.000E+00 0.000E+00 0.000E+00 0.000E+00 0.000E+00 0.000E+00 0.000E+00 0.000E+00    0 0.000E+00 0.000E+00 0.000E+00
  1 20.000  -1 0.000E+00 0.000E+00 0.000E+00 0.000E+00 0.000E+00 0.000E+00 0.000E+00 0.000E+00    0 0.000E+00 0.000E+00 0.000E+00
  2 18.000  -1 0.000E+00 0.000E+00 0.000E+00 0.000E+00 0.000E+00 0.000E+00 0.000E+00 0.000E+00    0 0.000E+00 0.000E+00 0.000E+00
  3 16.000  -1 0.000E+00 0.000E+00 0.000E+00 0.000E+00 0.000E+00 0.000E+00 0.000E+00 0.000E+00    0 0.000E+00 0.000E+00 0.000E+00
  4 14.000  -1 0.000E+00 0.000E+00 0.000E+00 0.000E+00 0.000E+00 0.000E+00 0.000E+00 0.000E+00    0 0.000E+00 0.000E+00 0.000E+00
  5 12.000  -1 0.000E+00 0.000E+00 0.000E+00 0.000E+00 0.000E+00 0.000E+00 0.000E+00 0.000E+00    0 0.000E+00 0.000E+00 0.000E+00
  6 10.000   1 5.063E+00 4.060E+01 9.495E-01 4.867E-04 1.017E+02 1.016E+02 1.433E-04 1.565E+00    4 1.572E-03 1.001E-02 5.425E-04
  7 9.8000   1 5.224E+00 4.279E+01 1.055E+00 4.867E-04 1.085E+02 1.081E+02 1.758E-04 3.417E+00    3 1.506E-03 1.063E-02 6.182E-04
  8 9.6000   1 6.504E+00 5.259E+01 1.177E+00 5.833E-04 9.842E+01 9.727E+01 2.456E-04 3.639E+00    4 1.311E-03 1.067E-02 6.709E-04
  9 9.4000   1 6.812E+00 5.581E+01 1.301E+00 6.800E-04 1.578E+02 1.566E+02 3.251E-04 4.864E+00    5 1.376E-03 1.067E-02 6.868E-04
 10 9.2000   1 6.036E+00 5.337E+01 1.499E+00 7.445E-04 1.391E+02 1.374E+02 3.812E-04 6.596E+00    4 1.789E-03 1.069E-02 6.161E-04
 11 9.0000   1 6.431E+00 5.799E+01 1.687E+00 8.410E-04 1.848E+02 1.842E+02 5.154E-04 9.468E+00    5 1.878E-03 1.116E-02 5.873E-04
 12 8.7999   1 7.474E+00 6.696E+01 1.974E+00 1.126E-03 2.450E+02 2.425E+02 7.247E-04 1.353E+01    5 1.834E-03 1.170E-02 7.591E-04
 13 8.5999   1 7.434E+00 7.026E+01 2.278E+00 1.360E-03 1.757E+02 1.740E+02 9.835E-04 1.862E+01    4 1.924E-03 1.272E-02 7.231E-04
 14 8.3999   1 8.734E+00 8.049E+01 2.461E+00 1.872E-03 1.382E+02 1.362E+02 1.416E-03 2.897E+01    5 1.709E-03 1.344E-02 1.079E-03
 15 8.2000   1 9.790E+00 9.085E+01 2.853E+00 2.375E-03 2.423E+02 2.390E+02 2.068E-03 4.309E+01    4 1.550E-03 1.359E-02 1.293E-03
 16 8.0000   1 1.150E+01 1.031E+02 3.152E+00 3.537E-03 1.173E+02 1.145E+02 3.159E-03 6.657E+01    4 1.523E-03 1.450E-02 1.745E-03
 17 7.8000   1 1.168E+01 1.075E+02 3.415E+00 5.172E-03 2.358E+02 2.329E+02 4.840E-03 1.015E+02    4 1.639E-03 1.430E-02 1.956E-03
 18 7.6000   1 1.317E+01 1.210E+02 3.985E+00 8.375E-03 3.843E+02 3.815E+02 7.706E-03 1.635E+02    5 1.755E-03 1.407E-02 1.774E-03
 19 7.4000   1 1.448E+01 1.352E+02 4.558E+00 1.291E-02 2.767E+02 2.723E+02 1.250E-02 2.678E+02    5 1.554E-03 1.545E-02 1.831E-03
 20 7.2000   1 1.535E+01 1.476E+02 5.194E+00 2.123E-02 2.948E+02 2.924E+02 2.104E-02 3.651E+02    4 1.661E-03 1.534E-02 1.807E-03
 21 7.0000   1 1.671E+01 1.651E+02 5.867E+00 2.805E-02 2.822E+02 2.791E+02 2.760E-02 1.248E+02    6 1.956E-03 1.508E-02 1.925E-03
 22 6.8999   1 1.595E+01 1.668E+02 6.114E+00 2.988E-02 2.504E+02 2.488E+02 2.965E-02 9.347E+01    4 2.213E-03 1.517E-02 2.111E-03
 23 6.7999   1 1.688E+01 1.780E+02 6.456E+00 3.170E-02 3.206E+02 3.193E+02 3.136E-02 1.045E+02    5 2.196E-03 1.516E-02 2.205E-03
 24 6.7000   1 1.624E+01 1.822E+02 6.891E+00 3.400E-02 3.409E+02 3.394E+02 3.352E-02 6.713E+01    5 2.351E-03 1.534E-02 2.098E-03
 25 6.5999   1 1.627E+01 1.883E+02 7.213E+00 3.690E-02 2.135E+02 2.123E+02 3.669E-02 7.919E+02    4 2.473E-03 1.569E-02 2.219E-03
 26 6.5000   1 1.615E+01 1.945E+02 7.409E+00 4.064E-02 1.775E+02 1.759E+02 4.016E-02 7.942E+01    5 2.511E-03 1.591E-02 2.153E-03
 27 6.4000   1 1.712E+01 2.069E+02 7.577E+00 4.410E-02 1.172E+02 1.153E+02 4.351E-02 2.024E+02    7 2.330E-03 1.597E-02 2.435E-03
 28 6.3000   1 1.711E+01 2.136E+02 7.653E+00 4.703E-02 9.269E+01 9.158E+01 4.642E-02 2.862E+02    6 2.285E-03 1.598E-02 2.506E-03
 29 6.2000   1 1.687E+01 2.202E+02 7.762E+00 4.997E-02 1.387E+02 1.350E+02 4.961E-02 3.296E+02    5 2.103E-03 1.597E-02 2.556E-03
 30 6.1000   1 1.684E+01 2.266E+02 7.810E+00 5.521E-02 3.380E+01 3.252E+01 5.495E-02 4.881E+01    3 1.995E-03 1.589E-02 2.884E-03
