  0 63.000  -1 0.000E+00 0.000E+00 0.000E+00 0.000E+00 0.000E+00 0.000E+00 0.000E+00 0.000E+00    0 0.000E+00 0.000E+00 0.000E+00
  1 20.000  -1 0.000E+00 0.000E+00 0.000E+00 0.000E+00 0.000E+00 0.000E+00 0.000E+00 0.000E+00    0 0.000E+00 0.000E+00 0.000E+00
  2 18.000  -1 0.000E+00 0.000E+00 0.000E+00 0.000E+00 0.000E+00 0.000E+00 0.000E+00 0.000E+00    0 0.000E+00 0.000E+00 0.000E+00
  3 16.000  -1 0.000E+00 0.000E+00 0.000E+00 0.000E+00 0.000E+00 0.000E+00 0.000E+00 0.000E+00    0 0.000E+00 0.000E+00 0.000E+00
  4 14.000  -1 0.000E+00 0.000E+00 0.000E+00 0.000E+00 0.000E+00 0.000E+00 0.000E+00 0.000E+00    0 0.000E+00 0.000E+00 0.000E+00
  5 12.000  -1 0.000E+00 0.000E+00 0.000E+00 0.000E+00 0.000E+00 0.000E+00 0.000E+00 0.000E+00    0 0.000E+00 0.000E+00 0.000E+00
  6 10.000   2 3.320E+00 2.080E+01 2.204E-01 3.873E-04 5.617E+01 5.599E+01 9.498E-05 9.874E-01    3 1.103E-03 1.708E-03 3.009E-04
  7 9.8000   1 3.489E+00 2.213E+01 2.998E-01 3.873E-04 8.997E+01 8.964E+01 9.828E-05 6.571E-01    3 1.339E-03 2.249E-03 4.134E-04
  8 9.6000   1 5.697E+00 3.668E+01 4.914E-01 5.824E-04 1.021E+02 1.021E+02 1.623E-04 7.967E-01    3 1.354E-03 2.905E-03 8.432E-04
  9 9.4000   1 5.584E+00 3.758E+01 6.048E-01 5.824E-04 1.009E+02 1.010E+02 1.766E-04 8.924E-01    3 1.679E-03 3.907E-03 1.121E-03
 10 9.2000   1 5.732E+00 4.055E+01 7.344E-01 5.824E-04 1.046E+02 1.045E+02 1.947E-04 1.999E+00    3 1.953E-03 4.721E-03 1.584E-03
 11 9.0000   1 9.800E+00 6.969E+01 1.311E+00 9.726E-04 2.252E+02 2.258E+02 3.150E-04 3.735E+00    5 1.923E-03 5.142E-03 2.664E-03
 12 8.7999   1 1.603E+01 1.118E+02 1.758E+00 1.653E-03 1.784E+02 1.784E+02 5.321E-04 4.328E+00   11 1.573E-03 5.881E-03 3.588E-03
 13 8.5999   1 9.459E+00 6.956E+01 1.365E+00 1.067E-03 1.513E+02 1.512E+02 4.652E-04 8.165E+00    6 1.682E-03 8.338E-03 1.903E-03
 14 8.3999   1 1.831E+01 1.314E+02 2.289E+00 1.750E-03 1.902E+02 1.903E+02 8.089E-04 1.177E+01   11 1.562E-03 7.209E-03 3.407E-03
 15 8.2000   1 1.076E+01 8.139E+01 1.746E+00 1.464E-03 1.560E+02 1.562E+02 8.943E-04 1.751E+01    7 1.715E-03 9.153E-03 1.698E-03
 16 8.0000   1 2.195E+01 1.621E+02 3.114E+00 2.492E-03 2.916E+02 2.915E+02 1.527E-03 2.646E+01   12 1.769E-03 7.432E-03 4.444E-03
 17 7.8000   1 2.336E+01 1.766E+02 3.708E+00 3.109E-03 3.544E+02 3.544E+02 2.199E-03 4.242E+01   11 1.968E-03 7.897E-03 5.400E-03
 18 7.6000   1 2.606E+01 1.987E+02 4.369E+00 4.350E-03 2.969E+02 2.970E+02 3.317E-03 5.069E+01   13 2.060E-03 8.562E-03 5.871E-03
 19 7.4000   1 2.702E+01 2.105E+02 4.846E+00 5.308E-03 2.898E+02 2.899E+02 4.506E-03 3.861E+01   10 2.154E-03 9.185E-03 6.288E-03
 20 7.2000   1 3.020E+01 2.351E+02 5.533E+00 6.610E-03 3.448E+02 3.448E+02 5.709E-03 3.151E+01   12 2.163E-03 9.410E-03 7.392E-03
 21 7.0000   1 2.841E+01 2.229E+02 5.970E+00 7.275E-03 3.911E+02 3.910E+02 6.659E-03 3.554E+01    9 2.421E-03 1.011E-02 7.241E-03
 22 6.8999   1 2.950E+01 2.312E+02 6.550E+00 7.973E-03 7.350E+02 7.341E+02 7.142E-03 2.840E+01   11 2.470E-03 1.022E-02 8.690E-03
 23 6.7999   1 3.049E+01 2.431E+02 7.428E+00 8.306E-03 9.806E+02 9.805E+02 7.642E-03 1.589E+02   11 2.633E-03 1.057E-02 1.043E-02
 24 6.7000   1 3.969E+01 3.494E+02 1.443E+01 1.310E-02 2.112E+03 2.109E+03 1.210E-02 2.568E+02   15 2.855E-03 1.290E-02 2.148E-02
 25 6.5999   1 2.890E+01 2.603E+02 1.089E+01 1.447E-02 9.801E+02 9.813E+02 1.381E-02 2.054E+02   10 3.249E-03 1.286E-02 1.608E-02
 26 6.5000   1 3.299E+01 2.995E+02 1.260E+01 1.916E-02 1.605E+03 1.602E+03 1.847E-02 3.919E+02   10 2.853E-03 1.386E-02 1.664E-02
 27 6.4000   1 4.007E+01 3.571E+02 1.493E+01 2.770E-02 1.235E+03 1.236E+03 2.623E-02 5.527E+02   20 2.368E-03 1.508E-02 1.759E-02
 28 6.3000   1 3.810E+01 3.613E+02 1.671E+01 3.838E-02 1.694E+03 1.698E+03 3.706E-02 7.900E+02   16 2.504E-03 1.571E-02 1.692E-02
 29 6.2000   1 3.634E+01 3.658E+02 1.869E+01 5.439E-02 1.644E+03 1.640E+03 5.314E-02 1.140E+03   13 2.810E-03 1.607E-02 1.885E-02
 30 6.1000   1 3.700E+01 3.932E+02 2.209E+01 7.878E-02 1.655E+03 1.655E+03 7.740E-02 1.664E+03   16 2.881E-03 1.659E-02 2.308E-02
