  0 63.000  -1 0.000E+00 0.000E+00 0.000E+00 0.000E+00 0.000E+00 0.000E+00 0.000E+00 0.000E+00    0 0.000E+00 0.000E+00 0.000E+00
  1 20.000  -1 0.000E+00 0.000E+00 0.000E+00 0.000E+00 0.000E+00 0.000E+00 0.000E+00 0.000E+00    0 0.000E+00 0.000E+00 0.000E+00
  2 18.000  -1 0.000E+00 0.000E+00 0.000E+00 0.000E+00 0.000E+00 0.000E+00 0.000E+00 0.000E+00    0 0.000E+00 0.000E+00 0.000E+00
  3 16.000  -1 0.000E+00 0.000E+00 0.000E+00 0.000E+00 0.000E+00 0.000E+00 0.000E+00 0.000E+00    0 0.000E+00 0.000E+00 0.000E+00
  4 14.000  -1 0.000E+00 0.000E+00 0.000E+00 0.000E+00 0.000E+00 0.000E+00 0.000E+00 0.000E+00    0 0.000E+00 0.000E+00 0.000E+00
  5 12.000   2 2.658E+00 1.582E+01 6.685E-02 3.866E-04 1.321E+01 1.304E+01 7.894E-05 5.248E-04    3 4.407E-04 4.777E-04 2.098E-04
  6 10.000   1 7.039E+00 4.780E+01 6.981E-01 9.719E-04 6.257E+01 6.188E+01 3.189E-04 2.222E+00    6 1.495E-03 5.153E-03 1.260E-03
  7 9.8000   1 1.184E+01 7.578E+01 8.674E-01 1.362E-03 8.005E+01 7.915E+01 4.521E-04 4.992E+00    9 1.092E-03 5.090E-03 1.976E-03
  8 9.6000   1 7.761E+00 5.358E+01 8.287E-01 1.069E-03 6.431E+01 6.350E+01 4.014E-04 4.864E+00    6 1.479E-03 6.030E-03 1.436E-03
  9 9.4000   1 1.480E+01 1.009E+02 1.358E+00 1.653E-03 1.153E+02 1.142E+02 5.847E-04 4.038E+00    9 1.344E-03 5.305E-03 2.593E-03
 10 9.2000   1 2.086E+01 1.376E+02 1.672E+00 2.044E-03 1.397E+02 1.377E+02 7.574E-04 5.347E+00   12 1.227E-03 4.940E-03 3.828E-03
 11 9.0000   1 2.175E+01 1.424E+02 1.869E+00 2.044E-03 1.618E+02 1.601E+02 8.330E-04 3.367E+00   11 1.332E-03 4.970E-03 4.190E-03
 12 8.7999   1 1.571E+01 1.049E+02 1.385E+00 1.655E-03 8.789E+01 8.706E+01 7.587E-04 4.278E+00   11 1.307E-03 5.490E-03 3.335E-03
 13 8.5999   1 2.373E+01 1.637E+02 2.500E+00 2.141E-03 2.298E+02 2.284E+02 1.006E-03 5.705E+00   12 1.603E-03 5.265E-03 4.948E-03
 14 8.3999   1 2.402E+01 1.685E+02 2.879E+00 2.239E-03 2.771E+02 2.754E+02 1.189E-03 1.427E+01   12 1.799E-03 5.837E-03 4.923E-03
 15 8.2000   1 1.384E+01 9.868E+01 2.156E+00 1.567E-03 5.126E+02 5.042E+02 1.166E-03 2.074E+01    6 1.992E-03 6.344E-03 2.319E-03
 16 8.0000   1 3.195E+01 2.337E+02 5.596E+00 3.650E-03 7.442E+02 7.390E+02 2.245E-03 3.710E+01   14 2.305E-03 7.403E-03 5.986E-03
 17 7.8000   1 3.120E+01 2.284E+02 5.815E+00 4.502E-03 6.001E+02 5.891E+02 3.196E-03 5.785E+01   15 2.120E-03 1.046E-02 5.905E-03
 18 7.6000   1 4.019E+01 2.950E+02 7.667E+00 6.944E-03 3.899E+02 3.723E+02 5.078E-03 9.625E+01   18 2.133E-03 1.102E-02 7.688E-03
 19 7.4000   1 6.459E+01 4.534E+02 1.012E+01 1.201E-02 6.505E+02 6.288E+02 8.702E-03 1.517E+02   28 1.818E-03 1.032E-02 1.146E-02
 20 7.2000   1 6.443E+01 4.615E+02 1.162E+01 1.663E-02 1.148E+03 1.130E+03 1.348E-02 2.596E+02   24 1.999E-03 1.056E-02 1.010E-02
 21 7.0000   1 6.530E+01 4.933E+02 1.478E+01 2.526E-02 1.261E+03 1.247E+03 2.253E-02 4.579E+02   21 2.358E-03 1.147E-02 9.295E-03
 22 6.8999   1 6.408E+01 5.029E+02 1.609E+01 3.174E-02 1.278E+03 1.271E+03 2.952E-02 6.099E+02   15 2.518E-03 1.221E-02 8.749E-03
 23 6.7999   1 6.222E+01 5.084E+02 1.876E+01 4.000E-02 2.250E+03 2.241E+03 3.799E-02 7.975E+02   11 2.656E-03 1.249E-02 7.960E-03
 24 6.7000   1 6.682E+01 5.569E+02 2.102E+01 5.196E-02 1.564E+03 1.558E+03 4.950E-02 1.042E+03   15 2.901E-03 1.315E-02 8.296E-03
 25 6.5999   1 6.773E+01 5.799E+02 2.272E+01 6.502E-02 1.763E+03 1.755E+03 6.310E-02 3.985E+02   12 2.835E-03 1.421E-02 8.377E-03
 26 6.5000   1 6.543E+01 5.808E+02 2.433E+01 8.117E-02 1.252E+03 1.246E+03 7.905E-02 9.036E+02   12 3.039E-03 1.467E-02 6.853E-03
 27 6.4000   1 6.517E+01 6.031E+02 2.638E+01 1.021E-01 1.700E+03 1.690E+03 1.002E-01 1.536E+03   13 3.180E-03 1.475E-02 5.663E-03
 28 6.3000   1 7.533E+01 6.897E+02 2.852E+01 1.286E-01 1.179E+03 1.171E+03 1.263E-01 2.712E+03   16 3.084E-03 1.465E-02 6.964E-03
 29 6.2000   1 6.016E+01 6.205E+02 2.908E+01 1.613E-01 8.419E+02 8.377E+02 1.596E-01 4.409E+02    9 3.698E-03 1.524E-02 5.373E-03
 30 6.1000   1 1.231E+02 1.072E+03 3.646E+01 2.068E-01 8.542E+02 8.371E+02 2.011E-01 3.913E+03   39 2.428E-03 1.422E-02 1.869E-02
