  0 63.000  -1 0.000E+00 0.000E+00 0.000E+00 0.000E+00 0.000E+00 0.000E+00 0.000E+00 0.000E+00    0 0.000E+00 0.000E+00 0.000E+00
  1 20.000  -1 0.000E+00 0.000E+00 0.000E+00 0.000E+00 0.000E+00 0.000E+00 0.000E+00 0.000E+00    0 0.000E+00 0.000E+00 0.000E+00
  2 18.000  -1 0.000E+00 0.000E+00 0.000E+00 0.000E+00 0.000E+00 0.000E+00 0.000E+00 0.000E+00    0 0.000E+00 0.000E+00 0.000E+00
  3 16.000  -1 0.000E+00 0.000E+00 0.000E+00 0.000E+00 0.000E+00 0.000E+00 0.000E+00 0.000E+00    0 0.000E+00 0.000E+00 0.000E+00
  4 14.000  -1 0.000E+00 0.000E+00 0.000E+00 0.000E+00 0.000E+00 0.000E+00 0.000E+00 0.000E+00    0 0.000E+00 0.000E+00 0.000E+00
  5 12.000  -1 0.000E+00 0.000E+00 0.000E+00 0.000E+00 0.000E+00 0.000E+00 0.000E+00 0.000E+00    0 0.000E+00 0.000E+00 0.000E+00
  6 10.000  -1 0.000E+00 0.000E+00 0.000E+00 0.000E+00 0.000E+00 0.000E+00 0.000E+00 0.000E+00    0 0.000E+00 0.000E+00 0.000E+00
  7 9.8000  -1 0.000E+00 0.000E+00 0.000E+00 0.000E+00 0.000E+00 0.000E+00 0.000E+00 0.000E+00    0 0.000E+00 0.000E+00 0.000E+00
  8 9.6000  -1 0.000E+00 0.000E+00 0.000E+00 0.000E+00 0.000E+00 0.000E+00 0.000E+00 0.000E+00    0 0.000E+00 0.000E+00 0.000E+00
  9 9.4000  -1 0.000E+00 0.000E+00 0.000E+00 0.000E+00 0.000E+00 0.000E+00 0.000E+00 0.000E+00    0 0.000E+00 0.000E+00 0.000E+00
 10 9.2000  -1 0.000E+00 0.000E+00 0.000E+00 0.000E+00 0.000E+00 0.000E+00 0.000E+00 0.000E+00    0 0.000E+00 0.000E+00 0.000E+00
 11 9.0000  -1 0.000E+00 0.000E+00 0.000E+00 0.000E+00 0.000E+00 0.000E+00 0.000E+00 0.000E+00    0 0.000E+00 0.000E+00 0.000E+00
 12 8.7999  -1 0.000E+00 0.000E+00 0.000E+00 0.000E+00 0.000E+00 0.000E+00 0.000E+00 0.000E+00    0 0.000E+00 0.000E+00 0.000E+00
 13 8.5999   5 9.719E-01 6.864E+00 4.839E-02 9.837E-05 5.791E+00 5.721E+00 3.874E-05 2.708E-04    1 9.046E-04 9.099E-04 1.289E-04
 14 8.3999   3 1.944E+00 1.315E+01 9.067E-02 1.955E-04 1.239E+01 1.227E+01 7.516E-05 2.687E-03    2 8.349E-04 1.001E-03 2.225E-04
 15 8.2000   5 1.210E+00 8.360E+00 7.601E-02 9.837E-05 1.064E+01 1.058E+01 4.356E-05 3.795E-03    1 1.146E-03 1.399E-03 1.175E-04
 16 8.0000   3 2.335E+00 1.630E+01 1.407E-01 1.955E-04 1.859E+01 1.846E+01 8.413E-05 8.640E-01    2 1.059E-03 1.518E-03 1.991E-04
 17 7.8000   2 4.171E+00 2.854E+01 2.266E-01 2.927E-04 2.575E+01 2.561E+01 1.284E-04 9.802E-03    3 9.651E-04 1.652E-03 3.487E-04
 18 7.6000   2 4.683E+00 3.204E+01 2.828E-01 3.908E-04 2.755E+01 2.734E+01 1.641E-04 7.992E-03    4 1.074E-03 1.983E-03 4.723E-04
 19 7.4000   1 6.471E+00 4.370E+01 3.878E-01 6.812E-04 3.595E+01 3.567E+01 2.505E-04 1.426E-02    7 1.051E-03 2.194E-03 7.687E-04
 20 7.2000   1 6.891E+00 4.767E+01 4.815E-01 6.824E-04 4.211E+01 4.178E+01 2.707E-04 5.879E-01    7 1.216E-03 2.469E-03 9.005E-04
 21 7.0000   2 6.164E+00 4.196E+01 4.495E-01 6.818E-04 3.072E+01 3.055E+01 2.423E-04 6.197E-01    6 1.273E-03 2.999E-03 1.042E-03
 22 6.8999   1 7.889E+00 5.448E+01 6.176E-01 7.789E-04 3.932E+01 3.894E+01 3.067E-04 4.145E-01    7 1.381E-03 3.010E-03 1.332E-03
 23 6.7999   2 6.936E+00 4.595E+01 5.249E-01 7.795E-04 3.079E+01 3.044E+01 2.705E-04 4.247E-01    7 1.323E-03 3.267E-03 1.255E-03
 24 6.7000   2 8.744E+00 6.028E+01 7.165E-01 8.766E-04 4.020E+01 3.967E+01 3.414E-04 3.564E+00    7 1.425E-03 3.303E-03 1.559E-03
 25 6.5999   2 7.447E+00 4.936E+01 6.034E-01 7.795E-04 3.499E+01 3.463E+01 2.874E-04 1.215E+00    6 1.387E-03 3.567E-03 1.376E-03
 26 6.5000   2 9.485E+00 6.540E+01 8.220E-01 8.766E-04 4.237E+01 4.194E+01 3.652E-04 1.222E+00    7 1.470E-03 3.676E-03 1.887E-03
 27 6.4000   1 1.987E+01 1.468E+02 2.195E+00 2.143E-03 1.588E+02 1.573E+02 1.364E-03 2.100E+01   12 1.581E-03 5.998E-03 3.936E-03
 28 6.3000   1 3.268E+01 2.682E+02 5.994E+00 2.852E-02 2.394E+02 2.379E+02 2.725E-02 3.863E+01   19 1.701E-03 1.075E-02 6.697E-03
 29 6.2000   1 2.419E+01 2.119E+02 5.333E+00 2.857E-02 2.037E+02 2.019E+02 2.770E-02 4.273E+01   13 1.783E-03 1.189E-02 4.760E-03
 30 6.1000   1 3.666E+01 3.017E+02 6.805E+00 3.052E-02 2.962E+02 2.938E+02 2.919E-02 8.673E+01   19 1.802E-03 1.047E-02 7.985E-03
