  0 63.000  -1 0.000E+00 0.000E+00 0.000E+00 0.000E+00 0.000E+00 0.000E+00 0.000E+00 0.000E+00    0 0.000E+00 0.000E+00 0.000E+00
  1 20.000  -1 0.000E+00 0.000E+00 0.000E+00 0.000E+00 0.000E+00 0.000E+00 0.000E+00 0.000E+00    0 0.000E+00 0.000E+00 0.000E+00
  2 18.000  -1 0.000E+00 0.000E+00 0.000E+00 0.000E+00 0.000E+00 0.000E+00 0.000E+00 0.000E+00    0 0.000E+00 0.000E+00 0.000E+00
  3 16.000  -1 0.000E+00 0.000E+00 0.000E+00 0.000E+00 0.000E+00 0.000E+00 0.000E+00 0.000E+00    0 0.000E+00 0.000E+00 0.000E+00
  4 14.000  -1 0.000E+00 0.000E+00 0.000E+00 0.000E+00 0.000E+00 0.000E+00 0.000E+00 0.000E+00    0 0.000E+00 0.000E+00 0.000E+00
  5 12.000   2 4.707E-01 2.982E+00 6.934E-03 9.754E-05 1.538E+00 1.530E+00 1.977E-05 4.281E-01    1 2.426E-04 1.585E-04 3.482E-05
  6 10.000   1 2.103E+00 1.310E+01 5.430E-02 2.921E-04 8.252E+00 8.230E+00 6.543E-05 7.727E-01    3 4.553E-04 7.121E-04 1.896E-04
  7 9.8000   1 3.516E+00 2.165E+01 8.749E-02 4.879E-04 1.248E+01 1.247E+01 1.125E-04 6.810E-01    5 4.513E-04 7.556E-04 3.395E-04
  8 9.6000   1 3.692E+00 2.273E+01 9.826E-02 4.879E-04 1.354E+01 1.352E+01 1.181E-04 4.523E-01    5 4.916E-04 7.983E-04 3.796E-04
  9 9.4000   1 6.007E+00 3.688E+01 1.966E-01 7.824E-04 2.180E+01 2.178E+01 2.044E-04 4.516E-01    8 6.010E-04 8.888E-04 8.104E-04
 10 9.2000   1 5.402E+00 3.273E+01 1.603E-01 5.870E-04 2.235E+01 2.234E+01 1.546E-04 2.322E-03    6 5.327E-04 9.451E-04 6.581E-04
 11 9.0000   1 5.907E+00 3.578E+01 1.918E-01 6.839E-04 2.424E+01 2.421E+01 1.793E-04 1.075E+00    7 5.822E-04 1.063E-03 7.241E-04
 12 8.7999   1 6.186E+00 3.791E+01 2.310E-01 7.805E-04 2.913E+01 2.908E+01 2.085E-04 1.991E+00    7 6.693E-04 1.155E-03 8.037E-04
 13 8.5999   1 6.669E+00 4.106E+01 2.815E-01 7.805E-04 4.046E+01 4.025E+01 2.191E-04 2.241E+00    6 7.668E-04 1.219E-03 8.725E-04
 14 8.3999   1 7.074E+00 4.358E+01 3.556E-01 7.805E-04 5.127E+01 5.130E+01 2.312E-04 1.973E+00    6 8.967E-04 1.370E-03 9.199E-04
 15 8.2000   1 8.944E+00 5.614E+01 5.065E-01 9.751E-04 7.657E+01 7.659E+01 2.963E-04 6.332E-02    6 1.004E-03 1.517E-03 1.309E-03
 16 8.0000   1 1.033E+01 6.644E+01 6.453E-01 1.072E-03 8.629E+01 8.621E+01 3.293E-04 1.027E-01    7 1.141E-03 1.793E-03 1.668E-03
 17 7.8000   1 2.513E+01 1.617E+02 1.831E+00 2.446E-03 2.126E+02 2.125E+02 8.177E-04 2.691E+00   19 1.255E-03 2.671E-03 5.052E-03
 18 7.6000   1 3.184E+01 2.076E+02 2.760E+00 3.029E-03 3.337E+02 3.338E+02 1.109E-03 7.066E+00   23 1.380E-03 4.252E-03 9.027E-03
 19 7.4000   1 4.696E+01 3.013E+02 3.964E+00 4.588E-03 4.063E+02 4.063E+02 1.731E-03 1.102E+01   35 1.362E-03 4.854E-03 1.210E-02
 20 7.2000   1 2.950E+01 1.847E+02 2.231E+00 2.643E-03 1.846E+02 1.846E+02 9.524E-04 1.038E+00   18 1.365E-03 2.844E-03 6.487E-03
 21 7.0000   1 4.171E+01 2.727E+02 4.666E+00 4.265E-03 3.549E+02 3.547E+02 2.272E-03 2.550E+01   21 1.707E-03 6.214E-03 9.858E-03
 22 6.8999   1 4.831E+01 3.212E+02 5.612E+00 5.281E-03 4.576E+02 4.576E+02 2.924E-03 3.958E+01   22 1.785E-03 6.012E-03 1.136E-02
 23 6.7999   1 4.660E+01 3.128E+02 5.819E+00 5.461E-03 5.006E+02 5.006E+02 3.311E-03 2.475E+01   22 1.878E-03 6.261E-03 1.111E-02
 24 6.7000   1 4.918E+01 3.344E+02 6.646E+00 6.119E-03 5.859E+02 5.870E+02 3.808E-03 2.742E+01   22 1.986E-03 6.435E-03 1.347E-02
 25 6.5999   1 5.356E+01 3.715E+02 7.816E+00 6.761E-03 5.888E+02 5.889E+02 4.368E-03 2.461E+01   22 2.170E-03 6.686E-03 1.530E-02
 26 6.5000   1 5.625E+01 3.941E+02 8.858E+00 7.258E-03 7.467E+02 7.472E+02 4.905E-03 3.064E+01   21 2.291E-03 6.827E-03 1.685E-02
 27 6.4000   1 5.779E+01 4.112E+02 9.858E+00 7.603E-03 7.398E+02 7.401E+02 5.487E-03 3.797E+01   20 2.458E-03 7.143E-03 1.898E-02
 28 6.3000   1 6.103E+01 4.380E+02 1.096E+01 8.647E-03 6.918E+02 6.929E+02 6.238E-03 3.355E+01   22 2.588E-03 7.482E-03 2.120E-02
 29 6.2000   1 6.268E+01 4.532E+02 1.190E+01 9.014E-03 6.648E+02 6.653E+02 6.957E-03 4.748E+01   19 2.733E-03 7.849E-03 2.223E-02
 30 6.1000   1 6.342E+01 4.653E+02 1.289E+01 9.847E-03 7.962E+02 7.963E+02 7.943E-03 8.265E+01   19 2.890E-03 8.221E-03 2.276E-02
