  0 63.000  -1 0.000E+00 0.000E+00 0.000E+00 0.000E+00 0.000E+00 0.000E+00 0.000E+00 0.000E+00    0 0.000E+00 0.000E+00 0.000E+00
  1 20.000  -1 0.000E+00 0.000E+00 0.000E+00 0.000E+00 0.000E+00 0.000E+00 0.000E+00 0.000E+00    0 0.000E+00 0.000E+00 0.000E+00
  2 18.000  -1 0.000E+00 0.000E+00 0.000E+00 0.000E+00 0.000E+00 0.000E+00 0.000E+00 0.000E+00    0 0.000E+00 0.000E+00 0.000E+00
  3 16.000  -1 0.000E+00 0.000E+00 0.000E+00 0.000E+00 0.000E+00 0.000E+00 0.000E+00 0.000E+00    0 0.000E+00 0.000E+00 0.000E+00
  4 14.000  -1 0.000E+00 0.000E+00 0.000E+00 0.000E+00 0.000E+00 0.000E+00 0.000E+00 0.000E+00    0 0.000E+00 0.000E+00 0.000E+00
  5 12.000  -1 0.000E+00 0.000E+00 0.000E+00 0.000E+00 0.000E+00 0.000E+00 0.000E+00 0.000E+00    0 0.000E+00 0.000E+00 0.000E+00
  6 10.000  -1 0.000E+00 0.000E+00 0.000E+00 0.000E+00 0.000E+00 0.000E+00 0.000E+00 0.000E+00    0 0.000E+00 0.000E+00 0.000E+00
  7 9.8000  -1 0.000E+00 0.000E+00 0.000E+00 0.000E+00 0.000E+00 0.000E+00 0.000E+00 0.000E+00    0 0.000E+00 0.000E+00 0.000E+00
  8 9.6000  -1 0.000E+00 0.000E+00 0.000E+00 0.000E+00 0.000E+00 0.000E+00 0.000E+00 0.000E+00    0 0.000E+00 0.000E+00 0.000E+00
  9 9.4000  -1 0.000E+00 0.000E+00 0.000E+00 0.000E+00 0.000E+00 0.000E+00 0.000E+00 0.000E+00    0 0.000E+00 0.000E+00 0.000E+00
 10 9.2000  -1 0.000E+00 0.000E+00 0.000E+00 0.000E+00 0.000E+00 0.000E+00 0.000E+00 0.000E+00    0 0.000E+00 0.000E+00 0.000E+00
 11 9.0000  -1 0.000E+00 0.000E+00 0.000E+00 0.000E+00 0.000E+00 0.000E+00 0.000E+00 0.000E+00    0 0.000E+00 0.000E+00 0.000E+00
 12 8.7999  -1 0.000E+00 0.000E+00 0.000E+00 0.000E+00 0.000E+00 0.000E+00 0.000E+00 0.000E+00    0 0.000E+00 0.000E+00 0.000E+00
 13 8.5999  -1 0.000E+00 0.000E+00 0.000E+00 0.000E+00 0.000E+00 0.000E+00 0.000E+00 0.000E+00    0 0.000E+00 0.000E+00 0.000E+00
 14 8.3999  -1 0.000E+00 0.000E+00 0.000E+00 0.000E+00 0.000E+00 0.000E+00 0.000E+00 0.000E+00    0 0.000E+00 0.000E+00 0.000E+00
 15 8.2000  -1 0.000E+00 0.000E+00 0.000E+00 0.000E+00 0.000E+00 0.000E+00 0.000E+00 0.000E+00    0 0.000E+00 0.000E+00 0.000E+00
 16 8.0000  -1 0.000E+00 0.000E+00 0.000E+00 0.000E+00 0.000E+00 0.000E+00 0.000E+00 0.000E+00    0 0.000E+00 0.000E+00 0.000E+00
 17 7.8000  -1 0.000E+00 0.000E+00 0.000E+00 0.000E+00 0.000E+00 0.000E+00 0.000E+00 0.000E+00    0 0.000E+00 0.000E+00 0.000E+00
 18 7.6000  -1 0.000E+00 0.000E+00 0.000E+00 0.000E+00 0.000E+00 0.000E+00 0.000E+00 0.000E+00    0 0.000E+00 0.000E+00 0.000E+00
 19 7.4000   5 1.931E+00 1.258E+01 9.633E-02 1.009E-04 1.520E+01 1.504E+01 3.566E-05 2.599E-03    1 8.827E-04 1.295E-03 1.137E-04
 20 7.2000   3 3.947E+00 2.600E+01 2.050E-01 3.921E-04 3.392E+01 3.357E+01 1.269E-04 4.199E-03    4 9.219E-04 1.545E-03 3.539E-04
 21 7.0000   3 2.733E+00 2.049E+01 2.299E-01 2.951E-04 4.092E+01 4.075E+01 7.232E-05 9.063E-03    3 1.385E-03 2.653E-03 1.836E-04
 22 6.8999   3 4.694E+00 3.340E+01 3.588E-01 4.897E-04 4.711E+01 4.680E+01 1.587E-04 1.418E-02    5 1.301E-03 2.766E-03 5.302E-04
 23 6.7999   3 4.739E+00 3.421E+01 4.142E-01 4.897E-04 4.286E+01 4.256E+01 1.629E-04 2.336E-02    5 1.444E-03 3.449E-03 6.008E-04
 24 6.7000   2 6.221E+00 4.434E+01 4.872E-01 7.796E-04 4.823E+01 4.789E+01 2.284E-04 7.636E-02    7 1.275E-03 3.902E-03 8.144E-04
 25 6.5999   1 1.340E+01 9.008E+01 9.484E-01 1.656E-03 8.359E+01 8.277E+01 5.701E-04 2.088E+00   11 1.215E-03 3.345E-03 1.764E-03
 26 6.5000   1 1.509E+01 1.009E+02 1.174E+00 1.753E-03 1.408E+02 1.401E+02 6.424E-04 3.707E+00   12 1.273E-03 3.629E-03 2.112E-03
 27 6.4000   1 1.567E+01 1.048E+02 1.347E+00 1.753E-03 1.427E+02 1.419E+02 6.649E-04 5.983E-01   10 1.427E-03 4.160E-03 2.444E-03
 28 6.3000   1 1.786E+01 1.201E+02 1.718E+00 2.240E-03 1.599E+02 1.591E+02 8.542E-04 7.612E-01   10 1.564E-03 4.527E-03 3.088E-03
 29 6.2000   1 1.790E+01 1.219E+02 1.807E+00 2.339E-03 1.751E+02 1.735E+02 8.394E-04 3.415E+00   10 1.593E-03 5.398E-03 3.010E-03
 30 6.1000   1 2.774E+01 2.322E+02 5.286E+00 9.363E-03 3.404E+02 3.373E+02 7.791E-03 8.880E+01   11 2.058E-03 9.833E-03 4.458E-03
