  0 63.000  -1 0.000E+00 0.000E+00 0.000E+00 0.000E+00 0.000E+00 0.000E+00 0.000E+00 0.000E+00    0 0.000E+00 0.000E+00 0.000E+00
  1 20.000  -1 0.000E+00 0.000E+00 0.000E+00 0.000E+00 0.000E+00 0.000E+00 0.000E+00 0.000E+00    0 0.000E+00 0.000E+00 0.000E+00
  2 18.000  -1 0.000E+00 0.000E+00 0.000E+00 0.000E+00 0.000E+00 0.000E+00 0.000E+00 0.000E+00    0 0.000E+00 0.000E+00 0.000E+00
  3 16.000  -1 0.000E+00 0.000E+00 0.000E+00 0.000E+00 0.000E+00 0.000E+00 0.000E+00 0.000E+00    0 0.000E+00 0.000E+00 0.000E+00
  4 14.000  -1 0.000E+00 0.000E+00 0.000E+00 0.000E+00 0.000E+00 0.000E+00 0.000E+00 0.000E+00    0 0.000E+00 0.000E+00 0.000E+00
  5 12.000  -1 0.000E+00 0.000E+00 0.000E+00 0.000E+00 0.000E+00 0.000E+00 0.000E+00 0.000E+00    0 0.000E+00 0.000E+00 0.000E+00
  6 10.000   1 1.973E+00 1.209E+01 6.958E-02 1.948E-04 8.885E+00 8.722E+00 6.584E-05 9.608E-04    2 6.169E-04 8.852E-04 2.300E-04
  7 9.8000   2 2.053E+00 1.273E+01 7.951E-02 1.948E-04 9.780E+00 9.638E+00 7.118E-05 4.781E-01    2 7.074E-04 9.992E-04 2.720E-04
  8 9.6000   1 2.197E+00 1.382E+01 8.977E-02 1.948E-04 1.037E+01 1.025E+01 7.625E-05 2.476E-03    1 7.663E-04 1.049E-03 3.087E-04
  9 9.4000   2 2.507E+00 1.563E+01 1.025E-01 1.948E-04 1.091E+01 1.069E+01 8.247E-05 2.834E-03    1 7.790E-04 1.126E-03 3.795E-04
 10 9.2000   2 2.895E+00 1.822E+01 1.199E-01 2.916E-04 1.239E+01 1.223E+01 1.043E-04 3.442E-01    2 7.935E-04 1.212E-03 4.864E-04
 11 9.0000   2 3.047E+00 1.917E+01 1.362E-01 2.916E-04 1.490E+01 1.466E+01 1.106E-04 4.769E-03    1 8.633E-04 1.227E-03 4.874E-04
 12 8.7999   2 3.198E+00 2.002E+01 1.589E-01 2.916E-04 1.757E+01 1.734E+01 1.145E-04 1.155E-02    1 9.582E-04 1.350E-03 4.933E-04
 13 8.5999   2 3.517E+00 2.233E+01 1.901E-01 3.887E-04 2.150E+01 2.126E+01 1.362E-04 2.614E+00    2 1.029E-03 1.388E-03 4.672E-04
 14 8.3999   2 3.456E+00 2.268E+01 2.448E-01 2.916E-04 5.709E+01 5.669E+01 1.279E-04 8.308E-02    1 1.242E-03 1.638E-03 2.896E-04
 15 8.2000   3 3.429E+00 2.363E+01 3.349E-01 2.916E-04 5.618E+01 5.594E+01 1.309E-04 7.812E-02    1 1.716E-03 1.957E-03 1.764E-04
 16 8.0000   2 3.426E+00 2.596E+01 4.779E-01 2.916E-04 1.158E+02 1.155E+02 1.348E-04 4.129E-01    1 2.258E-03 2.686E-03 1.837E-04
 17 7.8000   2 3.952E+00 3.229E+01 7.451E-01 4.855E-04 1.146E+02 1.141E+02 1.985E-04 1.319E+00    3 2.846E-03 4.756E-03 3.090E-04
 18 7.6000   2 3.989E+00 3.585E+01 9.098E-01 5.826E-04 8.707E+01 8.700E+01 2.448E-04 1.458E+00    4 3.316E-03 6.804E-03 4.355E-04
 19 7.4000   2 4.025E+00 3.879E+01 1.051E+00 5.826E-04 7.069E+01 7.055E+01 2.758E-04 1.275E+00    2 3.378E-03 8.283E-03 6.483E-04
 20 7.2000   1 1.703E+01 1.323E+02 2.426E+00 2.342E-03 1.514E+02 1.506E+02 8.688E-04 3.258E+00   15 1.746E-03 7.378E-03 2.907E-03
 21 7.0000   1 1.523E+01 1.194E+02 2.422E+00 2.052E-03 1.434E+02 1.426E+02 8.821E-04 5.963E+00    9 1.856E-03 7.891E-03 2.533E-03
 22 6.8999   1 1.567E+01 1.226E+02 2.585E+00 2.052E-03 1.574E+02 1.566E+02 9.470E-04 5.080E+00    9 1.873E-03 8.136E-03 2.640E-03
 23 6.7999   1 1.596E+01 1.260E+02 2.814E+00 2.052E-03 2.297E+02 2.278E+02 1.070E-03 1.497E+01    9 1.902E-03 8.417E-03 2.723E-03
 24 6.7000   1 1.613E+01 1.301E+02 3.094E+00 2.171E-03 2.020E+02 2.005E+02 1.266E-03 1.458E+01    9 2.005E-03 8.979E-03 2.954E-03
 25 6.5999   1 2.393E+01 1.867E+02 3.916E+00 3.082E-03 2.010E+02 1.993E+02 1.749E-03 2.175E+01   16 1.712E-03 8.954E-03 4.514E-03
 26 6.5000   1 3.114E+01 2.421E+02 4.895E+00 4.613E-03 2.464E+02 2.434E+02 2.542E-03 2.990E+01   22 1.726E-03 8.572E-03 6.227E-03
 27 6.4000   1 3.292E+01 2.572E+02 5.235E+00 5.433E-03 2.676E+02 2.613E+02 3.160E-03 4.218E+01   23 1.689E-03 8.864E-03 6.800E-03
 28 6.3000   1 2.629E+01 2.136E+02 4.842E+00 5.476E-03 1.979E+02 1.957E+02 3.752E-03 5.832E+01   13 1.910E-03 9.485E-03 5.804E-03
 29 6.2000   1 2.750E+01 2.233E+02 5.107E+00 6.642E-03 2.010E+02 1.977E+02 4.938E-03 8.441E+01   11 1.931E-03 9.605E-03 6.274E-03
 30 6.1000   1 3.591E+01 2.844E+02 6.231E+00 9.070E-03 2.502E+02 2.471E+02 6.967E-03 1.265E+02   16 1.820E-03 9.330E-03 8.139E-03
