  0 63.000  -1 0.000E+00 0.000E+00 0.000E+00 0.000E+00 0.000E+00 0.000E+00 0.000E+00 0.000E+00    0 0.000E+00 0.000E+00 0.000E+00
  1 20.000  -1 0.000E+00 0.000E+00 0.000E+00 0.000E+00 0.000E+00 0.000E+00 0.000E+00 0.000E+00    0 0.000E+00 0.000E+00 0.000E+00
  2 18.000  -1 0.000E+00 0.000E+00 0.000E+00 0.000E+00 0.000E+00 0.000E+00 0.000E+00 0.000E+00    0 0.000E+00 0.000E+00 0.000E+00
  3 16.000  -1 0.000E+00 0.000E+00 0.000E+00 0.000E+00 0.000E+00 0.000E+00 0.000E+00 0.000E+00    0 0.000E+00 0.000E+00 0.000E+00
  4 14.000  -1 0.000E+00 0.000E+00 0.000E+00 0.000E+00 0.000E+00 0.000E+00 0.000E+00 0.000E+00    0 0.000E+00 0.000E+00 0.000E+00
  5 12.000  -1 0.000E+00 0.000E+00 0.000E+00 0.000E+00 0.000E+00 0.000E+00 0.000E+00 0.000E+00    0 0.000E+00 0.000E+00 0.000E+00
  6 10.000  -1 0.000E+00 0.000E+00 0.000E+00 0.000E+00 0.000E+00 0.000E+00 0.000E+00 0.000E+00    0 0.000E+00 0.000E+00 0.000E+00
  7 9.8000  -1 0.000E+00 0.000E+00 0.000E+00 0.000E+00 0.000E+00 0.000E+00 0.000E+00 0.000E+00    0 0.000E+00 0.000E+00 0.000E+00
  8 9.6000  -1 0.000E+00 0.000E+00 0.000E+00 0.000E+00 0.000E+00 0.000E+00 0.000E+00 0.000E+00    0 0.000E+00 0.000E+00 0.000E+00
  9 9.4000  -1 0.000E+00 0.000E+00 0.000E+00 0.000E+00 0.000E+00 0.000E+00 0.000E+00 0.000E+00    0 0.000E+00 0.000E+00 0.000E+00
 10 9.2000  -1 0.000E+00 0.000E+00 0.000E+00 0.000E+00 0.000E+00 0.000E+00 0.000E+00 0.000E+00    0 0.000E+00 0.000E+00 0.000E+00
 11 9.0000  -1 0.000E+00 0.000E+00 0.000E+00 0.000E+00 0.000E+00 0.000E+00 0.000E+00 0.000E+00    0 0.000E+00 0.000E+00 0.000E+00
 12 8.7999  -1 0.000E+00 0.000E+00 0.000E+00 0.000E+00 0.000E+00 0.000E+00 0.000E+00 0.000E+00    0 0.000E+00 0.000E+00 0.000E+00
 13 8.5999  -1 0.000E+00 0.000E+00 0.000E+00 0.000E+00 0.000E+00 0.000E+00 0.000E+00 0.000E+00    0 0.000E+00 0.000E+00 0.000E+00
 14 8.3999  -1 0.000E+00 0.000E+00 0.000E+00 0.000E+00 0.000E+00 0.000E+00 0.000E+00 0.000E+00    0 0.000E+00 0.000E+00 0.000E+00
 15 8.2000  -1 0.000E+00 0.000E+00 0.000E+00 0.000E+00 0.000E+00 0.000E+00 0.000E+00 0.000E+00    0 0.000E+00 0.000E+00 0.000E+00
 16 8.0000  -1 0.000E+00 0.000E+00 0.000E+00 0.000E+00 0.000E+00 0.000E+00 0.000E+00 0.000E+00    0 0.000E+00 0.000E+00 0.000E+00
 17 7.8000  -1 0.000E+00 0.000E+00 0.000E+00 0.000E+00 0.000E+00 0.000E+00 0.000E+00 0.000E+00    0 0.000E+00 0.000E+00 0.000E+00
 18 7.6000  -1 0.000E+00 0.000E+00 0.000E+00 0.000E+00 0.000E+00 0.000E+00 0.000E+00 0.000E+00    0 0.000E+00 0.000E+00 0.000E+00
 19 7.4000  -1 0.000E+00 0.000E+00 0.000E+00 0.000E+00 0.000E+00 0.000E+00 0.000E+00 0.000E+00    0 0.000E+00 0.000E+00 0.000E+00
 20 7.2000  -1 0.000E+00 0.000E+00 0.000E+00 0.000E+00 0.000E+00 0.000E+00 0.000E+00 0.000E+00    0 0.000E+00 0.000E+00 0.000E+00
 21 7.0000   3 2.738E+00 2.103E+01 3.481E-01 3.896E-04 2.639E+01 2.639E+01 1.183E-04 2.384E-02    3 1.858E-03 4.207E-03 8.260E-04
 22 6.8999   3 2.555E+00 2.038E+01 3.741E-01 2.931E-04 2.568E+01 2.569E+01 1.036E-04 2.412E-02    2 2.066E-03 4.565E-03 8.391E-04
 23 6.7999   3 4.748E+00 3.932E+01 7.758E-01 4.915E-04 4.818E+01 4.825E+01 1.682E-04 5.263E-02    4 2.000E-03 5.269E-03 1.516E-03
 24 6.7000   2 4.529E+00 3.878E+01 8.241E-01 3.912E-04 5.038E+01 5.042E+01 1.522E-04 5.433E-02    3 2.160E-03 5.475E-03 1.537E-03
 25 6.5999   1 1.085E+01 8.049E+01 1.177E+00 1.075E-03 7.249E+01 7.250E+01 3.644E-04 7.108E-01    9 1.418E-03 4.778E-03 2.677E-03
 26 6.5000   1 1.441E+01 1.102E+02 1.794E+00 1.559E-03 1.375E+02 1.376E+02 5.194E-04 2.275E+00   10 1.582E-03 5.315E-03 3.927E-03
 27 6.4000   2 8.447E+00 6.334E+01 9.546E-01 7.782E-04 8.969E+01 8.966E+01 3.066E-04 2.546E+00    5 1.505E-03 5.437E-03 2.325E-03
 28 6.3000   1 1.539E+01 1.195E+02 2.197E+00 1.656E-03 1.569E+02 1.571E+02 5.838E-04 2.133E+00   11 1.653E-03 6.264E-03 4.731E-03
 29 6.2000   1 1.513E+01 1.208E+02 2.400E+00 1.657E-03 1.366E+02 1.367E+02 6.376E-04 2.637E+00   11 1.770E-03 6.788E-03 5.062E-03
 30 6.1000   1 2.491E+01 2.238E+02 6.606E+00 6.363E-03 2.493E+02 2.494E+02 5.082E-03 2.356E+01   13 2.156E-03 1.108E-02 7.400E-03
