  0 63.000  -1 0.000E+00 0.000E+00 0.000E+00 0.000E+00 0.000E+00 0.000E+00 0.000E+00 0.000E+00    0 0.000E+00 0.000E+00 0.000E+00
  1 20.000  -1 0.000E+00 0.000E+00 0.000E+00 0.000E+00 0.000E+00 0.000E+00 0.000E+00 0.000E+00    0 0.000E+00 0.000E+00 0.000E+00
  2 18.000  -1 0.000E+00 0.000E+00 0.000E+00 0.000E+00 0.000E+00 0.000E+00 0.000E+00 0.000E+00    0 0.000E+00 0.000E+00 0.000E+00
  3 16.000  10 3.131E-02 2.295E-01 3.250E-04 0.000E+00 6.279E-02 6.370E-02 0.000E+00 0.000E+00    0 1.428E-04 1.239E-06 1.788E-06
  4 14.000   3 1.882E-01 1.257E+00 1.570E-03 0.000E+00 5.168E-01 5.154E-01 0.000E+00 0.000E+00    0 1.415E-04 2.204E-05 9.077E-06
  5 12.000   1 2.081E+00 1.249E+01 2.935E-02 3.891E-04 6.352E+00 6.325E+00 7.621E-05 7.681E-01    4 2.393E-04 2.302E-04 1.712E-04
  6 10.000   1 6.469E+00 3.878E+01 2.971E-01 6.813E-04 4.819E+01 4.819E+01 1.808E-04 5.200E-01    5 8.482E-04 7.850E-04 9.735E-04
  7 9.8000   1 8.593E+00 5.127E+01 3.911E-01 9.727E-04 5.486E+01 5.481E+01 2.466E-04 2.203E-02    8 8.431E-04 8.973E-04 1.313E-03
  8 9.6000   1 9.032E+00 5.437E+01 4.599E-01 9.727E-04 6.479E+01 6.474E+01 2.564E-04 1.073E+00    7 9.495E-04 1.053E-03 1.429E-03
  9 9.4000   1 9.074E+00 5.581E+01 5.497E-01 9.727E-04 8.313E+01 8.307E+01 2.645E-04 2.802E-02    7 1.123E-03 1.274E-03 1.437E-03
 10 9.2000   1 1.000E+01 6.217E+01 6.675E-01 1.070E-03 9.189E+01 9.190E+01 2.912E-04 4.807E-01    8 1.225E-03 1.481E-03 1.526E-03
 11 9.0000   1 1.023E+01 6.457E+01 8.054E-01 1.070E-03 1.027E+02 1.028E+02 3.017E-04 5.883E-01    8 1.425E-03 1.753E-03 1.735E-03
 12 8.7999   1 9.760E+00 6.354E+01 9.296E-01 9.727E-04 1.129E+02 1.129E+02 2.970E-04 1.842E+00    6 1.748E-03 2.098E-03 1.952E-03
 13 8.5999   1 1.146E+01 7.572E+01 1.133E+00 1.263E-03 1.364E+02 1.360E+02 3.589E-04 1.097E+00    8 1.773E-03 2.477E-03 2.300E-03
 14 8.3999   1 1.140E+01 7.789E+01 1.388E+00 1.166E-03 1.885E+02 1.886E+02 3.505E-04 3.257E-01    5 2.082E-03 3.139E-03 2.496E-03
 15 8.2000   1 1.066E+01 7.811E+01 1.724E+00 1.262E-03 2.507E+02 2.507E+02 3.806E-04 1.659E+00    6 2.607E-03 4.183E-03 2.936E-03
 16 8.0000   1 1.079E+01 8.357E+01 2.124E+00 1.262E-03 2.339E+02 2.339E+02 4.143E-04 1.520E+00    6 3.062E-03 5.413E-03 3.605E-03
 17 7.8000   1 1.143E+01 9.228E+01 2.524E+00 1.359E-03 2.239E+02 2.239E+02 4.802E-04 1.872E+00    7 3.193E-03 6.705E-03 3.945E-03
 18 7.6000   1 1.135E+01 9.804E+01 3.003E+00 1.359E-03 2.918E+02 2.922E+02 5.595E-04 6.365E+00    5 3.384E-03 7.939E-03 4.764E-03
 19 7.4000   1 1.249E+01 1.116E+02 3.741E+00 1.555E-03 4.282E+02 4.282E+02 8.017E-04 1.206E+01    6 3.155E-03 9.906E-03 8.026E-03
 20 7.2000   1 1.278E+01 1.193E+02 4.291E+00 1.776E-03 2.196E+02 2.193E+02 1.285E-03 2.564E+01    6 3.075E-03 1.217E-02 5.890E-03
 21 7.0000   1 1.332E+01 1.315E+02 5.133E+00 2.546E-03 5.478E+02 5.438E+02 2.216E-03 4.599E+01    5 2.732E-03 1.310E-02 6.152E-03
 22 6.8999   1 1.366E+01 1.373E+02 5.526E+00 3.200E-03 2.122E+02 2.128E+02 2.903E-03 6.083E+01    5 2.663E-03 1.448E-02 6.822E-03
 23 6.7999   1 1.430E+01 1.438E+02 5.692E+00 4.427E-03 1.782E+02 1.787E+02 3.942E-03 8.213E+01    6 2.411E-03 1.503E-02 5.115E-03
 24 6.7000   1 1.502E+01 1.500E+02 5.864E+00 5.735E-03 1.458E+02 1.462E+02 5.331E-03 1.129E+02    5 2.367E-03 1.511E-02 4.427E-03
 25 6.5999   1 1.593E+01 1.574E+02 6.025E+00 7.659E-03 1.613E+02 1.614E+02 7.283E-03 1.552E+02    5 2.281E-03 1.511E-02 4.010E-03
 26 6.5000   1 1.651E+01 1.616E+02 6.216E+00 9.782E-03 1.744E+02 1.745E+02 9.426E-03 7.527E+01    4 2.322E-03 1.500E-02 4.048E-03
 27 6.4000   1 1.711E+01 1.671E+02 6.427E+00 1.102E-02 1.608E+02 1.608E+02 1.067E-02 4.886E+01    4 2.435E-03 1.486E-02 4.109E-03
 28 6.3000   1 1.772E+01 1.720E+02 6.639E+00 1.177E-02 1.604E+02 1.603E+02 1.143E-02 3.570E+01    4 2.515E-03 1.476E-02 4.197E-03
 29 6.2000   1 1.835E+01 1.784E+02 6.867E+00 1.231E-02 1.714E+02 1.714E+02 1.199E-02 3.035E+01    4 2.593E-03 1.466E-02 3.676E-03
 30 6.1000   1 1.887E+01 1.827E+02 7.109E+00 1.258E-02 1.753E+02 1.753E+02 1.244E-02 5.604E+01    3 2.689E-03 1.455E-02 4.026E-03
