  0 63.000  -1 0.000E+00 0.000E+00 0.000E+00 0.000E+00 0.000E+00 0.000E+00 0.000E+00 0.000E+00    0 0.000E+00 0.000E+00 0.000E+00
  1 20.000  -1 0.000E+00 0.000E+00 0.000E+00 0.000E+00 0.000E+00 0.000E+00 0.000E+00 0.000E+00    0 0.000E+00 0.000E+00 0.000E+00
  2 18.000  -1 0.000E+00 0.000E+00 0.000E+00 0.000E+00 0.000E+00 0.000E+00 0.000E+00 0.000E+00    0 0.000E+00 0.000E+00 0.000E+00
  3 16.000  -1 0.000E+00 0.000E+00 0.000E+00 0.000E+00 0.000E+00 0.000E+00 0.000E+00 0.000E+00    0 0.000E+00 0.000E+00 0.000E+00
  4 14.000  -1 0.000E+00 0.000E+00 0.000E+00 0.000E+00 0.000E+00 0.000E+00 0.000E+00 0.000E+00    0 0.000E+00 0.000E+00 0.000E+00
  5 12.000  -1 0.000E+00 0.000E+00 0.000E+00 0.000E+00 0.000E+00 0.000E+00 0.000E+00 0.000E+00    0 0.000E+00 0.000E+00 0.000E+00
  6 10.000   4 1.419E+00 9.054E+00 6.469E-02 9.756E-05 1.039E+01 1.039E+01 3.079E-05 6.665E-01    1 7.849E-04 9.158E-04 1.491E-04
  7 9.8000   2 2.173E+00 1.416E+01 1.040E-01 1.952E-04 1.925E+01 1.918E+01 5.777E-05 2.160E-03    2 8.093E-04 9.382E-04 2.040E-04
  8 9.6000   3 2.423E+00 1.604E+01 1.264E-01 1.952E-04 1.887E+01 1.887E+01 5.996E-05 1.559E-03    2 9.065E-04 1.030E-03 2.201E-04
  9 9.4000   3 2.405E+00 1.650E+01 1.511E-01 1.952E-04 2.290E+01 2.286E+01 6.194E-05 2.368E-03    2 1.091E-03 1.203E-03 2.757E-04
 10 9.2000   3 2.546E+00 1.766E+01 1.835E-01 1.952E-04 2.707E+01 2.709E+01 6.426E-05 7.448E-01    2 1.244E-03 1.412E-03 3.098E-04
 11 9.0000   3 2.753E+00 1.949E+01 2.261E-01 1.952E-04 3.210E+01 3.203E+01 6.616E-05 4.549E-03    2 1.413E-03 1.716E-03 3.793E-04
 12 8.7999   3 3.034E+00 2.185E+01 2.917E-01 1.952E-04 4.920E+01 4.921E+01 6.832E-05 4.191E-02    1 1.596E-03 2.152E-03 4.046E-04
 13 8.5999   3 3.797E+00 2.695E+01 3.652E-01 1.952E-04 5.442E+01 5.444E+01 6.881E-05 2.510E-02    1 1.649E-03 2.571E-03 4.412E-04
 14 8.3999   3 7.007E+00 4.924E+01 6.530E-01 2.922E-04 8.695E+01 8.692E+01 1.061E-04 5.152E-02    2 1.598E-03 2.978E-03 1.054E-03
 15 8.2000   3 8.141E+00 5.741E+01 8.404E-01 4.860E-04 1.244E+02 1.242E+02 1.486E-04 1.026E-01    4 1.673E-03 3.726E-03 1.587E-03
 16 8.0000   1 1.674E+01 1.127E+02 1.692E+00 1.266E-03 2.511E+02 2.512E+02 4.132E-04 1.699E+00   10 1.573E-03 4.221E-03 3.988E-03
 17 7.8000   1 1.803E+01 1.225E+02 1.932E+00 1.559E-03 2.337E+02 2.337E+02 4.839E-04 3.061E+00   11 1.509E-03 6.375E-03 4.879E-03
 18 7.6000   1 1.840E+01 1.269E+02 2.270E+00 1.558E-03 1.721E+02 1.720E+02 5.388E-04 3.720E+00   10 1.601E-03 7.778E-03 4.582E-03
 19 7.4000   1 1.999E+01 1.398E+02 2.632E+00 1.656E-03 1.986E+02 1.985E+02 6.375E-04 4.354E+00   10 1.636E-03 7.889E-03 4.510E-03
 20 7.2000   1 2.369E+01 1.700E+02 3.554E+00 1.988E-03 2.876E+02 2.875E+02 9.162E-04 7.922E+00   12 1.992E-03 7.150E-03 6.337E-03
 21 7.0000   1 3.111E+01 2.257E+02 4.824E+00 2.869E-03 5.185E+02 5.188E+02 1.476E-03 1.371E+01   13 2.104E-03 6.841E-03 9.200E-03
 22 6.8999   1 3.169E+01 2.338E+02 5.479E+00 3.178E-03 5.114E+02 5.120E+02 1.718E-03 2.118E+01   14 2.307E-03 7.263E-03 1.056E-02
 23 6.7999   1 3.195E+01 2.417E+02 6.243E+00 3.316E-03 5.805E+02 5.814E+02 2.035E-03 2.648E+01   13 2.506E-03 7.915E-03 1.232E-02
 24 6.7000   1 3.288E+01 2.533E+02 6.860E+00 3.762E-03 5.122E+02 5.120E+02 2.500E-03 3.994E+01   12 2.648E-03 8.625E-03 1.089E-02
 25 6.5999   1 3.354E+01 2.639E+02 7.543E+00 4.456E-03 5.174E+02 5.180E+02 3.258E-03 4.945E+01   11 2.758E-03 9.094E-03 1.112E-02
 26 6.5000   1 3.492E+01 2.770E+02 8.246E+00 5.183E-03 5.734E+02 5.733E+02 4.101E-03 4.693E+01    9 2.827E-03 9.508E-03 1.172E-02
 27 6.4000   1 4.021E+01 3.147E+02 9.295E+00 6.328E-03 7.961E+02 7.945E+02 5.111E-03 2.234E+01   10 2.786E-03 9.651E-03 1.537E-02
 28 6.3000   1 4.278E+01 3.350E+02 1.023E+01 6.905E-03 6.159E+02 6.177E+02 5.859E-03 5.132E+01   11 2.816E-03 1.018E-02 1.677E-02
 29 6.2000   1 4.427E+01 3.486E+02 1.105E+01 7.770E-03 6.864E+02 6.828E+02 6.643E-03 4.946E+01   10 2.917E-03 1.057E-02 1.569E-02
 30 6.1000   1 4.538E+01 3.625E+02 1.193E+01 8.639E-03 6.358E+02 6.358E+02 7.632E-03 5.674E+01    9 3.079E-03 1.088E-02 1.428E-02
