  0 63.000  -1 0.000E+00 0.000E+00 0.000E+00 0.000E+00 0.000E+00 0.000E+00 0.000E+00 0.000E+00    0 0.000E+00 0.000E+00 0.000E+00
  1 20.000  -1 0.000E+00 0.000E+00 0.000E+00 0.000E+00 0.000E+00 0.000E+00 0.000E+00 0.000E+00    0 0.000E+00 0.000E+00 0.000E+00
  2 18.000  -1 0.000E+00 0.000E+00 0.000E+00 0.000E+00 0.000E+00 0.000E+00 0.000E+00 0.000E+00    0 0.000E+00 0.000E+00 0.000E+00
  3 16.000  -1 0.000E+00 0.000E+00 0.000E+00 0.000E+00 0.000E+00 0.000E+00 0.000E+00 0.000E+00    0 0.000E+00 0.000E+00 0.000E+00
  4 14.000  -1 0.000E+00 0.000E+00 0.000E+00 0.000E+00 0.000E+00 0.000E+00 0.000E+00 0.000E+00    0 0.000E+00 0.000E+00 0.000E+00
  5 12.000  -1 0.000E+00 0.000E+00 0.000E+00 0.000E+00 0.000E+00 0.000E+00 0.000E+00 0.000E+00    0 0.000E+00 0.000E+00 0.000E+00
  6 10.000   2 7.809E-01 5.885E+00 5.643E-02 9.740E-05 6.026E+00 5.970E+00 3.008E-05 1.224E-03    1 1.215E-03 1.549E-03 6.737E-05
  7 9.8000   2 6.782E-01 5.554E+00 6.297E-02 9.740E-05 6.261E+00 6.230E+00 3.247E-05 1.588E-03    1 1.535E-03 1.715E-03 6.994E-05
  8 9.6000   1 1.301E+00 9.399E+00 7.621E-02 9.740E-05 7.326E+00 7.272E+00 3.449E-05 2.026E-03    1 9.809E-04 1.857E-03 1.141E-04
  9 9.4000   1 2.226E+00 1.547E+01 1.087E-01 2.911E-04 1.072E+01 1.060E+01 8.255E-05 2.148E-03    3 8.184E-04 1.824E-03 2.026E-04
 10 9.2000   1 4.353E+00 2.894E+01 1.891E-01 5.819E-04 2.187E+01 2.158E+01 1.753E-04 2.609E+00    6 7.531E-04 1.674E-03 4.816E-04
 11 9.0000   1 3.961E+00 2.585E+01 1.711E-01 4.852E-04 1.682E+01 1.653E+01 1.404E-04 4.726E-01    5 7.437E-04 2.010E-03 4.861E-04
 12 8.7999   1 5.027E+00 3.333E+01 2.563E-01 5.819E-04 2.640E+01 2.613E+01 1.945E-04 7.070E-03    6 8.943E-04 2.002E-03 6.618E-04
 13 8.5999   1 4.689E+00 3.131E+01 2.655E-01 4.848E-04 2.661E+01 2.636E+01 1.758E-04 9.839E-03    4 9.952E-04 2.383E-03 5.748E-04
 14 8.3999   1 6.441E+00 4.271E+01 3.246E-01 6.811E-04 3.239E+01 3.204E+01 2.224E-04 1.107E+00    6 8.896E-04 2.377E-03 7.301E-04
 15 8.2000   1 7.546E+00 4.880E+01 3.936E-01 6.801E-04 3.740E+01 3.692E+01 2.393E-04 6.690E-01    4 9.259E-04 2.486E-03 9.034E-04
 16 8.0000   1 9.259E+00 5.967E+01 4.917E-01 8.751E-04 6.155E+01 6.097E+01 2.934E-04 7.311E-01    6 9.355E-04 2.574E-03 9.403E-04
 17 7.8000   1 1.145E+01 7.407E+01 6.943E-01 9.723E-04 1.025E+02 1.018E+02 3.500E-04 1.799E+00    6 1.065E-03 2.563E-03 1.202E-03
 18 7.6000   1 1.081E+01 7.364E+01 1.141E+00 9.716E-04 2.904E+02 2.883E+02 4.045E-04 5.239E+00    6 1.450E-03 3.924E-03 9.703E-04
 19 7.4000   1 2.516E+01 1.724E+02 2.473E+00 2.625E-03 3.782E+02 3.755E+02 1.203E-03 1.025E+01   17 1.458E-03 5.556E-03 3.087E-03
 20 7.2000   1 3.042E+01 2.081E+02 3.327E+00 3.339E-03 3.630E+02 3.603E+02 1.694E-03 2.108E+01   19 1.515E-03 7.118E-03 4.047E-03
 21 7.0000   1 3.559E+01 2.461E+02 4.101E+00 4.337E-03 2.988E+02 2.957E+02 2.549E-03 3.595E+01   21 1.501E-03 8.381E-03 4.941E-03
 22 6.8999   1 3.604E+01 2.519E+02 4.440E+00 4.646E-03 3.168E+02 3.139E+02 3.078E-03 4.769E+01   17 1.548E-03 8.826E-03 4.901E-03
 23 6.7999   1 3.783E+01 2.675E+02 4.804E+00 5.671E-03 3.245E+02 3.220E+02 3.906E-03 5.727E+01   21 1.578E-03 9.048E-03 5.342E-03
 24 6.7000   1 3.930E+01 2.809E+02 5.248E+00 6.399E-03 4.028E+02 3.990E+02 4.941E-03 7.583E+01   19 1.602E-03 9.190E-03 5.314E-03
 25 6.5999   1 4.284E+01 3.050E+02 5.872E+00 8.635E-03 4.417E+02 4.387E+02 6.475E-03 1.169E+02   23 1.624E-03 9.217E-03 5.855E-03
 26 6.5000   1 4.376E+01 3.178E+02 6.426E+00 1.012E-02 4.517E+02 4.479E+02 8.181E-03 8.880E+01   20 1.754E-03 9.445E-03 6.331E-03
 27 6.4000   1 4.580E+01 3.364E+02 7.013E+00 1.224E-02 4.455E+02 4.418E+02 1.026E-02 1.419E+02   20 1.813E-03 9.736E-03 7.032E-03
 28 6.3000   1 5.002E+01 3.704E+02 8.102E+00 1.500E-02 6.313E+02 6.301E+02 1.303E-02 1.922E+02   24 1.855E-03 9.885E-03 8.343E-03
 29 6.2000   1 5.095E+01 3.818E+02 8.977E+00 1.825E-02 6.272E+02 6.228E+02 1.633E-02 2.129E+02   22 1.957E-03 1.067E-02 8.836E-03
 30 6.1000   1 5.197E+01 3.929E+02 9.782E+00 2.197E-02 6.017E+02 5.899E+02 2.029E-02 1.825E+02   19 1.994E-03 1.133E-02 9.138E-03
