  0 63.000  -1 0.000E+00 0.000E+00 0.000E+00 0.000E+00 0.000E+00 0.000E+00 0.000E+00 0.000E+00    0 0.000E+00 0.000E+00 0.000E+00
  1 20.000  -1 0.000E+00 0.000E+00 0.000E+00 0.000E+00 0.000E+00 0.000E+00 0.000E+00 0.000E+00    0 0.000E+00 0.000E+00 0.000E+00
  2 18.000  -1 0.000E+00 0.000E+00 0.000E+00 0.000E+00 0.000E+00 0.000E+00 0.000E+00 0.000E+00    0 0.000E+00 0.000E+00 0.000E+00
  3 16.000  -1 0.000E+00 0.000E+00 0.000E+00 0.000E+00 0.000E+00 0.000E+00 0.000E+00 0.000E+00    0 0.000E+00 0.000E+00 0.000E+00
  4 14.000  -1 0.000E+00 0.000E+00 0.000E+00 0.000E+00 0.000E+00 0.000E+00 0.000E+00 0.000E+00    0 0.000E+00 0.000E+00 0.000E+00
  5 12.000  -1 0.000E+00 0.000E+00 0.000E+00 0.000E+00 0.000E+00 0.000E+00 0.000E+00 0.000E+00    0 0.000E+00 0.000E+00 0.000E+00
  6 10.000   1 4.229E+00 2.743E+01 2.340E-01 3.945E-04 4.130E+01 4.121E+01 9.981E-05 4.625E-01    4 9.086E-04 1.487E-03 4.308E-04
  7 9.8000   1 4.459E+00 2.934E+01 2.857E-01 3.945E-04 5.157E+01 5.145E+01 1.044E-04 9.757E-03    3 1.067E-03 1.677E-03 4.905E-04
  8 9.6000   1 4.826E+00 3.215E+01 3.417E-01 3.945E-04 4.596E+01 4.596E+01 1.078E-04 2.333E+00    3 1.220E-03 1.880E-03 5.990E-04
  9 9.4000   1 4.787E+00 3.262E+01 4.089E-01 3.945E-04 1.045E+02 1.043E+02 1.104E-04 1.742E-01    1 1.433E-03 2.169E-03 6.548E-04
 10 9.2000   1 4.943E+00 3.471E+01 5.336E-01 3.945E-04 9.919E+01 9.911E+01 1.123E-04 2.848E-01    1 1.727E-03 2.553E-03 7.515E-04
 11 9.0000   1 4.829E+00 3.596E+01 6.867E-01 3.945E-04 9.868E+01 9.914E+01 1.277E-04 9.314E-01    1 2.242E-03 3.237E-03 1.208E-03
 12 8.7999   1 5.656E+00 4.271E+01 9.362E-01 4.913E-04 2.483E+02 2.488E+02 1.856E-04 3.503E+00    2 2.293E-03 4.610E-03 2.171E-03
 13 8.5999   1 5.705E+00 4.503E+01 1.246E+00 5.878E-04 1.842E+02 1.843E+02 2.743E-04 5.401E+00    2 2.909E-03 7.044E-03 2.151E-03
 14 8.3999   1 6.686E+00 5.343E+01 1.518E+00 7.824E-04 1.785E+02 1.786E+02 4.271E-04 7.832E+00    4 2.742E-03 8.260E-03 1.984E-03
 15 8.2000   1 1.073E+01 8.207E+01 2.099E+00 1.268E-03 2.358E+02 2.360E+02 7.572E-04 1.256E+01    6 2.287E-03 8.346E-03 2.499E-03
 16 8.0000   1 7.789E+00 6.629E+01 2.139E+00 1.108E-03 2.158E+02 2.157E+02 9.258E-04 1.897E+01    3 2.652E-03 1.029E-02 1.779E-03
 17 7.8000   1 8.229E+00 7.238E+01 2.544E+00 1.708E-03 1.870E+02 1.869E+02 1.429E-03 3.014E+01    4 2.546E-03 1.181E-02 2.365E-03
 18 7.6000   1 1.759E+01 1.344E+02 3.703E+00 3.211E-03 3.838E+02 3.839E+02 2.507E-03 4.944E+01    8 1.665E-03 1.187E-02 5.847E-03
 19 7.4000   1 1.859E+01 1.482E+02 4.319E+00 4.859E-03 2.827E+02 2.835E+02 3.990E-03 8.049E+01    9 1.526E-03 1.318E-02 5.477E-03
 20 7.2000   1 2.745E+01 2.079E+02 5.064E+00 8.318E-03 2.858E+02 2.856E+02 6.867E-03 1.345E+02   18 1.293E-03 1.284E-02 7.097E-03
 21 7.0000   1 3.007E+01 2.351E+02 5.846E+00 1.302E-02 3.253E+02 3.261E+02 1.159E-02 2.418E+02   17 1.402E-03 1.272E-02 7.766E-03
 22 6.8999   1 2.399E+01 1.962E+02 5.763E+00 1.581E-02 2.728E+02 2.732E+02 1.506E-02 3.161E+02   13 1.540E-03 1.354E-02 6.736E-03
 23 6.7999   1 3.446E+01 2.645E+02 6.696E+00 2.206E-02 3.697E+02 3.702E+02 2.053E-02 4.253E+02   20 1.417E-03 1.260E-02 8.943E-03
 24 6.7000   1 1.999E+01 1.798E+02 6.480E+00 2.769E-02 3.810E+02 3.814E+02 2.710E-02 5.796E+02    8 1.913E-03 1.392E-02 6.340E-03
 25 6.5999   1 2.028E+01 1.875E+02 6.935E+00 3.779E-02 2.874E+02 2.874E+02 3.715E-02 7.927E+02   10 2.088E-03 1.403E-02 6.477E-03
 26 6.5000   1 2.068E+01 1.935E+02 7.177E+00 4.352E-02 1.793E+02 1.794E+02 4.298E-02 1.333E+02    8 2.306E-03 1.396E-02 6.095E-03
 27 6.4000   1 2.073E+01 1.988E+02 7.357E+00 4.625E-02 1.566E+02 1.567E+02 4.570E-02 1.738E+02    8 2.445E-03 1.384E-02 5.766E-03
 28 6.3000   1 2.499E+01 2.305E+02 7.787E+00 4.742E-02 1.696E+02 1.694E+02 4.669E-02 4.056E+01   12 2.293E-03 1.328E-02 6.798E-03
 29 6.2000   1 2.607E+01 2.379E+02 8.040E+00 4.799E-02 2.099E+02 2.098E+02 4.725E-02 2.116E+01   10 2.349E-03 1.305E-02 7.050E-03
 30 6.1000   1 2.654E+01 2.439E+02 8.349E+00 4.839E-02 2.249E+02 2.250E+02 4.781E-02 5.013E+01   10 2.487E-03 1.286E-02 7.511E-03
