  0 63.000  -1 0.000E+00 0.000E+00 0.000E+00 0.000E+00 0.000E+00 0.000E+00 0.000E+00 0.000E+00    0 0.000E+00 0.000E+00 0.000E+00
  1 20.000  -1 0.000E+00 0.000E+00 0.000E+00 0.000E+00 0.000E+00 0.000E+00 0.000E+00 0.000E+00    0 0.000E+00 0.000E+00 0.000E+00
  2 18.000  -1 0.000E+00 0.000E+00 0.000E+00 0.000E+00 0.000E+00 0.000E+00 0.000E+00 0.000E+00    0 0.000E+00 0.000E+00 0.000E+00
  3 16.000  -1 0.000E+00 0.000E+00 0.000E+00 0.000E+00 0.000E+00 0.000E+00 0.000E+00 0.000E+00    0 0.000E+00 0.000E+00 0.000E+00
  4 14.000  -1 0.000E+00 0.000E+00 0.000E+00 0.000E+00 0.000E+00 0.000E+00 0.000E+00 0.000E+00    0 0.000E+00 0.000E+00 0.000E+00
  5 12.000   4 3.881E-01 2.477E+00 9.274E-03 9.841E-05 1.399E+00 1.391E+00 1.993E-05 1.114E-05    1 4.144E-04 4.583E-04 4.594E-05
  6 10.000   2 2.051E+00 1.282E+01 7.796E-02 2.923E-04 1.127E+01 1.126E+01 7.832E-05 1.544E-03    2 6.747E-04 7.919E-04 2.527E-04
  7 9.8000   1 2.143E+00 1.354E+01 9.387E-02 2.923E-04 1.376E+01 1.374E+01 8.179E-05 4.182E-03    2 7.796E-04 8.680E-04 2.676E-04
  8 9.6000   1 2.403E+00 1.548E+01 1.149E-01 2.923E-04 1.542E+01 1.542E+01 8.556E-05 1.254E+00    2 8.536E-04 9.942E-04 2.954E-04
  9 9.4000   1 2.545E+00 1.689E+01 1.317E-01 2.923E-04 2.012E+01 2.015E+01 8.860E-05 7.032E-03    2 9.380E-04 1.156E-03 3.107E-04
 10 9.2000   1 4.397E+00 2.912E+01 2.461E-01 5.889E-04 3.302E+01 3.301E+01 1.586E-04 9.990E-01    4 9.918E-04 1.387E-03 5.863E-04
 11 9.0000   1 8.815E+00 5.770E+01 5.195E-01 9.773E-04 7.171E+01 7.173E+01 2.718E-04 2.633E-02    7 1.032E-03 1.518E-03 1.214E-03
 12 8.7999   1 7.656E+00 5.129E+01 5.327E-01 7.819E-04 6.944E+01 6.942E+01 2.262E-04 2.901E-02    6 1.209E-03 1.869E-03 1.212E-03
 13 8.5999   1 7.773E+00 5.367E+01 6.408E-01 7.819E-04 7.837E+01 7.827E+01 2.331E-04 9.598E-01    6 1.415E-03 2.224E-03 1.379E-03
 14 8.3999   1 9.031E+00 6.338E+01 8.604E-01 8.808E-04 8.599E+01 8.594E+01 2.769E-04 9.050E-01    6 1.675E-03 2.496E-03 1.780E-03
 15 8.2000   1 9.955E+00 7.029E+01 1.027E+00 9.793E-04 1.104E+02 1.102E+02 3.100E-04 5.928E-01    6 1.800E-03 2.936E-03 2.083E-03
 16 8.0000   1 1.051E+01 7.556E+01 1.227E+00 9.793E-04 1.401E+02 1.401E+02 3.215E-04 2.663E-01    5 2.031E-03 3.366E-03 2.332E-03
 17 7.8000   1 1.163E+01 8.427E+01 1.492E+00 1.077E-03 1.246E+02 1.248E+02 3.655E-04 2.578E-01    6 2.229E-03 3.861E-03 2.733E-03
 18 7.6000   1 1.569E+01 1.143E+02 2.075E+00 1.662E-03 2.293E+02 2.296E+02 5.420E-04 4.435E-01    9 2.255E-03 4.087E-03 3.817E-03
 19 7.4000   1 1.701E+01 1.246E+02 2.643E+00 1.759E-03 2.729E+02 2.729E+02 6.077E-04 3.422E+00   10 2.545E-03 5.169E-03 4.838E-03
 20 7.2000   1 2.111E+01 1.548E+02 3.464E+00 2.442E-03 5.522E+02 5.500E+02 9.192E-04 9.098E+00   11 2.492E-03 6.236E-03 6.911E-03
 21 7.0000   1 2.639E+01 2.047E+02 6.017E+00 2.930E-03 1.476E+03 1.476E+03 1.445E-03 1.754E+01   11 2.694E-03 8.278E-03 1.458E-02
 22 6.8999   1 2.631E+01 2.127E+02 7.309E+00 3.027E-03 8.577E+02 8.590E+02 1.748E-03 2.343E+01   12 2.899E-03 1.103E-02 1.475E-02
 23 6.7999   1 2.722E+01 2.250E+02 8.007E+00 3.408E-03 5.516E+02 5.525E+02 2.139E-03 3.164E+01   11 2.829E-03 1.247E-02 1.030E-02
 24 6.7000   1 3.019E+01 2.499E+02 8.743E+00 4.381E-03 5.119E+02 5.123E+02 2.822E-03 4.649E+01   13 2.685E-03 1.285E-02 6.845E-03
 25 6.5999   1 2.787E+01 2.408E+02 9.239E+00 4.445E-03 6.034E+02 6.030E+02 3.546E-03 6.666E+01    7 2.888E-03 1.326E-02 5.815E-03
 26 6.5000   1 3.337E+01 2.842E+02 1.047E+01 6.196E-03 1.053E+03 1.052E+03 4.994E-03 9.744E+01   11 2.629E-03 1.309E-02 1.026E-02
 27 6.4000   1 3.085E+01 2.791E+02 1.194E+01 8.050E-03 1.320E+03 1.321E+03 6.777E-03 1.365E+02   10 2.986E-03 1.363E-02 1.457E-02
 28 6.3000   1 3.723E+01 3.279E+02 1.374E+01 1.112E-02 1.128E+03 1.127E+03 9.760E-03 2.000E+02   13 2.753E-03 1.438E-02 1.779E-02
 29 6.2000   1 3.930E+01 3.509E+02 1.522E+01 1.469E-02 8.994E+02 9.017E+02 1.358E-02 1.199E+02   12 2.717E-03 1.513E-02 1.781E-02
 30 6.1000   1 4.211E+01 3.767E+02 1.655E+01 1.876E-02 7.456E+02 7.455E+02 1.771E-02 2.264E+02   12 2.495E-03 1.585E-02 1.577E-02
