  0 63.000  -1 0.000E+00 0.000E+00 0.000E+00 0.000E+00 0.000E+00 0.000E+00 0.000E+00 0.000E+00    0 0.000E+00 0.000E+00 0.000E+00
  1 20.000  -1 0.000E+00 0.000E+00 0.000E+00 0.000E+00 0.000E+00 0.000E+00 0.000E+00 0.000E+00    0 0.000E+00 0.000E+00 0.000E+00
  2 18.000  -1 0.000E+00 0.000E+00 0.000E+00 0.000E+00 0.000E+00 0.000E+00 0.000E+00 0.000E+00    0 0.000E+00 0.000E+00 0.000E+00
  3 16.000  -1 0.000E+00 0.000E+00 0.000E+00 0.000E+00 0.000E+00 0.000E+00 0.000E+00 0.000E+00    0 0.000E+00 0.000E+00 0.000E+00
  4 14.000  -1 0.000E+00 0.000E+00 0.000E+00 0.000E+00 0.000E+00 0.000E+00 0.000E+00 0.000E+00    0 0.000E+00 0.000E+00 0.000E+00
  5 12.000  -1 0.000E+00 0.000E+00 0.000E+00 0.000E+00 0.000E+00 0.000E+00 0.000E+00 0.000E+00    0 0.000E+00 0.000E+00 0.000E+00
  6 10.000   1 2.718E+00 1.742E+01 1.566E-01 1.968E-04 3.689E+01 3.686E+01 4.224E-05 2.319E-03    2 9.428E-04 1.347E-03 2.412E-04
  7 9.8000   1 2.973E+00 1.947E+01 1.960E-01 1.968E-04 3.659E+01 3.662E+01 4.303E-05 2.546E-03    2 1.115E-03 1.587E-03 3.023E-04
  8 9.6000   1 3.170E+00 2.144E+01 2.365E-01 1.968E-04 3.948E+01 3.946E+01 4.406E-05 3.813E-01    2 1.272E-03 1.959E-03 3.936E-04
  9 9.4000   1 3.629E+00 2.528E+01 2.911E-01 2.944E-04 4.586E+01 4.588E+01 6.659E-05 4.101E-01    3 1.354E-03 2.414E-03 4.852E-04
 10 9.2000   1 3.913E+00 2.760E+01 3.477E-01 2.944E-04 5.126E+01 5.123E+01 6.950E-05 4.964E-01    3 1.484E-03 2.954E-03 5.636E-04
 11 9.0000   1 4.082E+00 2.987E+01 4.465E-01 2.944E-04 9.481E+01 9.480E+01 7.234E-05 1.115E-02    3 1.615E-03 3.606E-03 6.321E-04
 12 8.7999   1 4.144E+00 3.224E+01 5.753E-01 2.944E-04 9.961E+01 9.955E+01 7.500E-05 1.535E-02    3 1.954E-03 4.498E-03 7.257E-04
 13 8.5999   1 4.541E+00 3.677E+01 7.029E-01 2.944E-04 8.717E+01 8.716E+01 7.814E-05 4.162E-02    2 2.158E-03 5.513E-03 9.219E-04
 14 8.3999   1 5.400E+00 4.340E+01 8.270E-01 3.909E-04 7.722E+01 7.727E+01 9.574E-05 6.538E-02    3 2.038E-03 6.458E-03 1.069E-03
 15 8.2000   1 6.137E+00 4.921E+01 9.413E-01 4.896E-04 8.511E+01 8.520E+01 1.145E-04 4.469E-02    4 1.878E-03 7.194E-03 1.277E-03
 16 8.0000   1 6.517E+00 5.340E+01 1.097E+00 4.896E-04 1.005E+02 1.004E+02 1.184E-04 7.003E-02    4 1.859E-03 8.033E-03 1.332E-03
 17 7.8000   1 9.187E+00 7.209E+01 1.292E+00 8.846E-04 8.298E+01 8.297E+01 2.232E-04 1.123E+00    7 1.530E-03 8.379E-03 1.768E-03
 18 7.6000   1 1.677E+01 1.209E+02 1.826E+00 1.272E-03 1.247E+02 1.246E+02 4.083E-04 1.228E+00    8 1.387E-03 7.101E-03 3.121E-03
 19 7.4000   1 1.834E+01 1.322E+02 2.137E+00 1.371E-03 2.067E+02 2.063E+02 4.472E-04 8.687E-01    9 1.487E-03 6.981E-03 3.371E-03
 20 7.2000   1 1.914E+01 1.402E+02 2.763E+00 1.371E-03 3.432E+02 3.432E+02 5.249E-04 5.141E+00    9 1.807E-03 7.224E-03 4.671E-03
 21 7.0000   1 2.015E+01 1.534E+02 3.611E+00 1.467E-03 3.839E+02 3.839E+02 7.716E-04 1.272E+01    6 2.138E-03 8.436E-03 5.363E-03
 22 6.8999   1 2.039E+01 1.583E+02 4.057E+00 1.622E-03 3.906E+02 3.908E+02 9.813E-04 1.800E+01    5 2.312E-03 9.090E-03 5.616E-03
 23 6.7999   1 2.042E+01 1.643E+02 4.670E+00 1.729E-03 6.806E+02 6.834E+02 1.277E-03 2.471E+01    4 2.459E-03 9.642E-03 7.326E-03
 24 6.7000   1 2.021E+01 1.715E+02 5.742E+00 2.095E-03 8.943E+02 8.937E+02 1.693E-03 3.367E+01    4 2.697E-03 1.069E-02 1.123E-02
 25 6.5999   1 2.062E+01 1.819E+02 6.657E+00 2.664E-03 7.936E+02 7.924E+02 2.310E-03 4.772E+01    4 2.709E-03 1.268E-02 9.718E-03
 26 6.5000   1 2.114E+01 1.948E+02 7.656E+00 3.763E-03 6.570E+02 6.566E+02 3.255E-03 6.745E+01    6 2.644E-03 1.386E-02 1.025E-02
 27 6.4000   1 2.283E+01 2.124E+02 8.270E+00 5.143E-03 3.941E+02 3.955E+02 4.585E-03 9.486E+01    7 2.461E-03 1.464E-02 7.690E-03
 28 6.3000   1 2.384E+01 2.241E+02 8.851E+00 7.258E-03 6.263E+02 6.263E+02 6.482E-03 1.365E+02    9 2.420E-03 1.463E-02 5.438E-03
 29 6.2000   1 2.142E+01 2.250E+02 1.099E+01 9.576E-03 2.296E+03 2.289E+03 9.179E-03 1.953E+02    6 3.001E-03 1.382E-02 1.083E-02
 30 6.1000   1 2.234E+01 2.505E+02 1.457E+01 1.396E-02 1.448E+03 1.449E+03 1.340E-02 2.864E+02    7 3.896E-03 1.508E-02 2.170E-02
