 10 31.000  -1 0.000E+00 0.000E+00 0.000E+00 0.000E+00 0.000E+00 0.000E+00 0.000E+00 0.000E+00    0 0.000E+00 0.000E+00 0.000E+00
 11 30.000  -1 0.000E+00 0.000E+00 0.000E+00 0.000E+00 0.000E+00 0.000E+00 0.000E+00 0.000E+00    0 0.000E+00 0.000E+00 0.000E+00
 12 29.000  -1 0.000E+00 0.000E+00 0.000E+00 0.000E+00 0.000E+00 0.000E+00 0.000E+00 0.000E+00    0 0.000E+00 0.000E+00 0.000E+00
 13 28.000  -1 0.000E+00 0.000E+00 0.000E+00 0.000E+00 0.000E+00 0.000E+00 0.000E+00 0.000E+00    0 0.000E+00 0.000E+00 0.000E+00
 14 27.000  -1 0.000E+00 0.000E+00 0.000E+00 0.000E+00 0.000E+00 0.000E+00 0.000E+00 0.000E+00    0 0.000E+00 0.000E+00 0.000E+00
 15 26.000  -1 0.000E+00 0.000E+00 0.000E+00 0.000E+00 0.000E+00 0.000E+00 0.000E+00 0.000E+00    0 0.000E+00 0.000E+00 0.000E+00
 16 25.000  -1 0.000E+00 0.000E+00 0.000E+00 0.000E+00 0.000E+00 0.000E+00 0.000E+00 0.000E+00    0 0.000E+00 0.000E+00 0.000E+00
 17 24.000  -1 0.000E+00 0.000E+00 0.000E+00 0.000E+00 0.000E+00 0.000E+00 0.000E+00 0.000E+00    0 0.000E+00 0.000E+00 0.000E+00
 18 23.000  -1 0.000E+00 0.000E+00 0.000E+00 0.000E+00 0.000E+00 0.000E+00 0.000E+00 0.000E+00    0 0.000E+00 0.000E+00 0.000E+00
 19 22.000  -1 0.000E+00 0.000E+00 0.000E+00 0.000E+00 0.000E+00 0.000E+00 0.000E+00 0.000E+00    0 0.000E+00 0.000E+00 0.000E+00
 20 21.000   5 0.000E+00 0.000E+00 0.000E+00 0.000E+00 0.000E+00 0.000E+00 0.000E+00 0.000E+00    0 0.000E+00 0.000E+00 0.000E+00
 21 20.000   4 1.594E-04 2.608E-01 0.000E+00 0.000E+00 0.000E+00 0.000E+00 0.000E+00 0.000E+00    0 0.000E+00 0.000E+00 0.000E+00
 22 19.800   1 6.591E-02 4.099E-01 1.390E-04 0.000E+00 1.557E-04 0.000E+00 0.000E+00 0.000E+00    0 0.000E+00 0.000E+00 0.000E+00
 23 19.600   1 5.736E-02 3.923E-01 1.382E-04 0.000E+00 0.000E+00 0.000E+00 0.000E+00 0.000E+00    0 2.331E-10 0.000E+00 5.360E-12
 24 19.400   1 8.828E-02 5.175E-01 1.519E-04 0.000E+00 2.161E-03 0.000E+00 0.000E+00 0.000E+00    0 6.570E-09 4.430E-04 2.324E-10
 25 19.200   1 5.846E-02 4.870E-01 1.483E-04 0.000E+00 1.064E-03 0.000E+00 0.000E+00 0.000E+00    0 0.000E+00 0.000E+00 0.000E+00
 26 19.000   1 1.326E-01 1.294E+00 4.820E-04 0.000E+00 6.485E-04 0.000E+00 0.000E+00 0.000E+00    0 1.958E-08 0.000E+00 1.042E-09
 27 18.800   1 4.848E-02 5.400E-01 1.944E-04 0.000E+00 1.117E-03 0.000E+00 0.000E+00 0.000E+00    0 1.507E-06 2.998E-12 2.934E-08
 28 18.600   3 4.109E-02 7.147E-01 2.465E-04 0.000E+00 0.000E+00 0.000E+00 0.000E+00 0.000E+00    0 0.000E+00 1.658E-11 0.000E+00
 29 18.400   2 4.010E-02 7.452E-01 2.805E-04 0.000E+00 0.000E+00 0.000E+00 0.000E+00 0.000E+00    0 0.000E+00 0.000E+00 0.000E+00
 30 18.200   2 1.281E-02 7.092E-01 9.444E-05 0.000E+00 1.591E-04 0.000E+00 0.000E+00 0.000E+00    0 0.000E+00 0.000E+00 0.000E+00
 31 18.000   2 4.997E-02 9.237E-01 9.183E-05 0.000E+00 1.551E-04 0.000E+00 0.000E+00 0.000E+00    0 0.000E+00 0.000E+00 0.000E+00
 32 17.800   1 1.193E-01 2.217E+00 9.436E-04 0.000E+00 7.037E-04 0.000E+00 0.000E+00 0.000E+00    0 4.023E-10 0.000E+00 1.934E-11
 33 17.600   1 1.369E-01 2.294E+00 9.409E-04 0.000E+00 1.126E-03 0.000E+00 0.000E+00 0.000E+00    0 0.000E+00 2.330E-11 0.000E+00
 34 17.400   1 6.094E-02 2.481E+00 1.878E-04 0.000E+00 5.262E-04 0.000E+00 0.000E+00 0.000E+00    0 1.287E-06 0.000E+00 3.146E-08
 35 17.200   1 4.679E-01 2.898E+00 5.450E-03 5.335E-05 8.244E-03 0.000E+00 1.524E-05 3.301E-01    1 2.536E-07 0.000E+00 4.800E-08
 36 17.000   1 4.377E-01 3.522E+00 6.307E-03 5.335E-05 9.294E-03 0.000E+00 1.543E-05 2.791E-05    1 3.291E-07 0.000E+00 5.454E-08
 37 16.800   1 7.531E-02 3.504E+00 7.229E-04 0.000E+00 4.616E-03 0.000E+00 0.000E+00 0.000E+00    0 4.109E-06 0.000E+00 1.246E-07
 38 16.600   1 1.984E-01 3.949E+00 1.444E-03 0.000E+00 3.781E-03 0.000E+00 0.000E+00 0.000E+00    0 1.302E-06 6.052E-05 1.041E-07
 39 16.400   1 6.014E-01 5.281E+00 1.178E-02 5.335E-05 1.112E-02 0.000E+00 1.616E-05 3.499E-01    1 2.311E-07 9.287E-13 5.670E-08
 40 16.200   1 7.987E-01 6.371E+00 1.369E-02 5.335E-05 1.103E-02 0.000E+00 1.642E-05 1.341E-04    1 7.263E-07 0.000E+00 2.357E-07
 41 16.000   1 3.441E-01 6.433E+00 3.771E-03 0.000E+00 8.595E-01 0.000E+00 0.000E+00 0.000E+00    0 1.720E-04 2.392E-04 2.239E-05
 42 15.800   1 2.411E-01 6.850E+00 2.669E-03 0.000E+00 1.786E-02 0.000E+00 0.000E+00 0.000E+00    0 3.134E-06 0.000E+00 3.051E-07
 43 15.600   1 2.833E-01 7.329E+00 3.569E-03 0.000E+00 5.952E-03 0.000E+00 0.000E+00 0.000E+00    0 4.768E-07 0.000E+00 5.472E-08
 44 15.400   1 2.986E-01 6.206E+00 3.683E-03 0.000E+00 7.212E-03 0.000E+00 0.000E+00 0.000E+00    0 2.666E-06 0.000E+00 2.871E-07
 45 15.200   1 4.719E-01 6.653E+00 6.671E-03 0.000E+00 5.490E-02 0.000E+00 0.000E+00 0.000E+00    0 7.494E-06 0.000E+00 1.109E-06
 46 15.000   1 4.748E-01 6.966E+00 1.126E-02 0.000E+00 1.235E-02 0.000E+00 0.000E+00 0.000E+00    0 1.504E-06 0.000E+00 2.797E-07
 47 14.800   1 5.520E-01 7.156E+00 1.700E-02 5.335E-05 5.157E-02 0.000E+00 1.771E-05 6.690E-04    1 2.740E-06 0.000E+00 3.127E-07
 48 14.600   1 1.059E+00 1.117E+01 4.340E-02 1.065E-04 8.570E-02 0.000E+00 3.297E-05 1.003E-03    2 4.684E-06 2.105E-03 1.365E-06
 49 14.400   1 1.387E+00 1.214E+01 7.150E-02 5.335E-05 9.688E-02 0.000E+00 1.772E-05 1.135E-03    1 3.634E-06 0.000E+00 1.663E-06
 50 14.200   1 1.510E+00 9.535E+00 8.987E-02 5.335E-05 1.275E-01 0.000E+00 1.772E-05 1.594E-03    1 4.998E-06 0.000E+00 2.457E-06
 51 14.000   1 1.707E+00 1.150E+01 1.197E-01 1.066E-04 5.521E+01 0.000E+00 3.505E-05 4.373E-03    2 9.756E-04 1.238E-03 1.634E-04
 52 13.800   1 1.615E+00 1.255E+01 1.408E-01 5.335E-05 4.275E-01 0.000E+00 1.776E-05 3.841E-03    1 1.040E-05 0.000E+00 2.908E-06
 53 13.600   1 1.779E+00 1.359E+01 1.763E-01 1.066E-04 4.813E-01 0.000E+00 3.572E-05 1.129E-02    2 1.005E-05 0.000E+00 4.509E-06
 54 13.400   1 1.912E+00 1.373E+01 2.343E-01 1.066E-04 6.610E-01 0.000E+00 3.652E-05 5.937E-01    2 1.193E-05 8.058E-05 5.536E-06
 55 13.200   1 1.832E+00 1.560E+01 2.971E-01 5.335E-05 8.001E-01 0.000E+00 1.937E-05 1.174E-01    1 1.679E-05 0.000E+00 7.399E-06
 56 13.000   1 2.380E+00 2.153E+01 3.612E-01 1.066E-04 4.181E-01 0.000E+00 3.893E-05 1.196E-01    2 1.411E-05 0.000E+00 1.147E-05
 57 12.800   1 2.344E+00 1.795E+01 4.509E-01 1.066E-04 5.899E-01 0.000E+00 4.045E-05 2.899E-01    2 3.422E-05 0.000E+00 2.783E-05
 58 12.600   1 2.929E+00 2.668E+01 5.909E-01 1.600E-04 2.211E+02 0.000E+00 5.804E-05 2.526E-01    3 1.806E-03 7.124E-03 9.111E-04
 59 12.400   1 2.403E+00 2.472E+01 7.232E-01 1.600E-04 2.222E+02 0.000E+00 6.157E-05 5.567E-01    3 2.465E-03 8.929E-03 9.773E-04
 60 12.200   1 3.050E+00 2.977E+01 8.894E-01 1.598E-04 2.504E+02 0.000E+00 6.900E-05 6.541E-01    3 1.778E-03 1.085E-02 8.897E-04
 61 12.000   1 3.014E+00 3.286E+01 9.796E-01 1.598E-04 1.286E+02 0.000E+00 7.561E-05 7.729E-01    3 1.946E-03 1.230E-02 9.519E-04
 62 11.800   1 4.980E+00 4.277E+01 1.128E+00 3.196E-04 1.982E+02 0.000E+00 1.423E-04 9.196E-01    6 1.373E-03 1.232E-02 1.032E-03
 63 11.600   1 5.919E+00 5.746E+01 1.337E+00 2.667E-04 2.399E+02 0.000E+00 1.306E-04 1.602E+00    4 1.423E-03 1.196E-02 1.137E-03
 64 11.400   1 6.355E+00 6.360E+01 1.550E+00 2.670E-04 3.266E+02 0.000E+00 1.443E-04 1.933E+00    4 1.422E-03 1.211E-02 1.146E-03
 65 11.200   1 7.527E+00 7.336E+01 1.778E+00 2.667E-04 2.309E+02 0.000E+00 1.673E-04 2.814E+00    4 1.484E-03 1.260E-02 1.238E-03
 66 11.000   1 7.705E+00 8.052E+01 1.905E+00 3.776E-04 2.399E+02 0.000E+00 2.104E-04 2.881E+00    5 1.426E-03 1.358E-02 1.149E-03
 67 10.800   1 8.626E+00 7.818E+01 2.291E+00 4.840E-04 4.029E+02 0.000E+00 2.886E-04 4.505E+00    7 1.507E-03 1.299E-02 1.304E-03
 68 10.600   1 9.113E+00 8.750E+01 2.721E+00 4.804E-04 4.470E+02 0.000E+00 3.128E-04 5.449E+00    6 1.645E-03 1.308E-02 1.392E-03
 69 10.400   1 1.125E+01 9.883E+01 3.111E+00 5.983E-04 3.398E+02 0.000E+00 3.892E-04 6.101E+00    6 1.511E-03 1.421E-02 2.332E-03
 70 10.200   1 1.152E+01 1.075E+02 3.474E+00 7.727E-04 4.547E+02 0.000E+00 5.005E-04 7.731E+00    7 1.501E-03 1.484E-02 2.246E-03
 71 9.9999   1 1.439E+01 1.241E+02 3.859E+00 9.116E-04 3.570E+02 0.000E+00 6.353E-04 1.102E+01    7 1.391E-03 1.539E-02 2.476E-03
 72 9.9750   1 1.459E+01 1.250E+02 3.900E+00 9.116E-04 3.269E+02 0.000E+00 6.516E-04 1.081E+01    7 1.375E-03 1.545E-02 2.489E-03
 73 9.9500   1 1.449E+01 1.265E+02 3.938E+00 9.116E-04 3.296E+02 0.000E+00 6.684E-04 1.173E+01    7 1.400E-03 1.545E-02 2.466E-03
 74 9.9250   1 1.446E+01 1.268E+02 3.983E+00 9.116E-04 3.403E+02 0.000E+00 6.858E-04 1.155E+01    7 1.402E-03 1.549E-02 2.311E-03
 75 9.9000   1 1.502E+01 1.281E+02 4.027E+00 9.429E-04 3.462E+02 0.000E+00 6.867E-04 1.194E+01    6 1.389E-03 1.546E-02 2.388E-03
 76 9.8750   1 1.465E+01 1.299E+02 4.050E+00 9.429E-04 3.546E+02 0.000E+00 7.054E-04 1.284E+01    6 1.429E-03 1.551E-02 2.297E-03
 77 9.8500   1 1.492E+01 1.307E+02 4.107E+00 9.429E-04 3.666E+02 0.000E+00 7.249E-04 1.276E+01    6 1.431E-03 1.547E-02 2.384E-03
 78 9.8250   1 1.501E+01 1.313E+02 4.150E+00 9.429E-04 3.867E+02 0.000E+00 7.451E-04 1.319E+01    6 1.453E-03 1.543E-02 2.462E-03
 79 9.8000   1 1.467E+01 1.333E+02 4.198E+00 1.008E-03 3.925E+02 0.000E+00 7.662E-04 1.421E+01    6 1.494E-03 1.540E-02 2.420E-03
 80 9.7750   1 1.571E+01 1.340E+02 4.271E+00 1.008E-03 4.104E+02 0.000E+00 7.881E-04 1.469E+01    6 1.457E-03 1.527E-02 2.531E-03
 81 9.7500   1 1.647E+01 1.373E+02 4.326E+00 1.008E-03 4.326E+02 0.000E+00 8.108E-04 1.460E+01    6 1.424E-03 1.523E-02 2.577E-03
 82 9.7250   1 1.526E+01 1.347E+02 4.370E+00 1.117E-03 4.484E+02 0.000E+00 8.526E-04 1.512E+01    7 1.537E-03 1.524E-02 2.430E-03
 83 9.7000   1 1.531E+01 1.354E+02 4.432E+00 1.064E-03 4.840E+02 0.000E+00 8.538E-04 1.564E+01    6 1.564E-03 1.519E-02 2.425E-03
 84 9.6750   1 1.554E+01 1.346E+02 4.515E+00 1.240E-03 4.894E+02 0.000E+00 9.211E-04 1.678E+01    8 1.596E-03 1.508E-02 2.590E-03
 85 9.6500   1 1.598E+01 1.397E+02 4.586E+00 1.187E-03 4.727E+02 0.000E+00 9.296E-04 1.678E+01    7 1.585E-03 1.502E-02 2.619E-03
 86 9.6250   1 1.587E+01 1.396E+02 4.633E+00 1.132E-03 4.607E+02 0.000E+00 9.344E-04 1.737E+01    6 1.609E-03 1.502E-02 2.594E-03
 87 9.6000   1 1.683E+01 1.479E+02 4.699E+00 1.208E-03 4.398E+02 0.000E+00 9.628E-04 1.800E+01    6 1.577E-03 1.501E-02 2.606E-03
 88 9.5750   1 1.766E+01 1.477E+02 4.791E+00 1.315E-03 4.298E+02 0.000E+00 1.036E-03 1.970E+01    8 1.556E-03 1.493E-02 2.748E-03
 89 9.5500   1 1.658E+01 1.490E+02 4.833E+00 1.261E-03 4.194E+02 0.000E+00 1.051E-03 1.933E+01    7 1.675E-03 1.500E-02 2.634E-03
 90 9.5250   1 1.722E+01 1.466E+02 4.901E+00 1.367E-03 4.016E+02 0.000E+00 1.100E-03 2.003E+01    8 1.661E-03 1.499E-02 2.741E-03
 91 9.5000   1 1.718E+01 1.449E+02 4.957E+00 1.395E-03 3.770E+02 0.000E+00 1.118E-03 2.077E+01    7 1.694E-03 1.502E-02 2.762E-03
 92 9.4750   1 1.753E+01 1.522E+02 4.993E+00 1.449E-03 3.748E+02 0.000E+00 1.164E-03 2.233E+01    8 1.691E-03 1.508E-02 2.734E-03
 93 9.4500   1 1.758E+01 1.499E+02 5.038E+00 1.480E-03 3.667E+02 0.000E+00 1.185E-03 2.276E+01    7 1.718E-03 1.513E-02 2.756E-03
 94 9.4250   1 1.773E+01 1.504E+02 5.111E+00 1.479E-03 3.667E+02 0.000E+00 1.231E-03 2.361E+01    7 1.737E-03 1.507E-02 2.855E-03
 95 9.4000   1 1.719E+01 1.512E+02 5.147E+00 1.479E-03 3.670E+02 0.000E+00 1.273E-03 2.450E+01    7 1.812E-03 1.512E-02 2.794E-03
 96 9.3750   1 1.861E+01 1.572E+02 5.218E+00 1.582E-03 3.818E+02 0.000E+00 1.333E-03 2.550E+01    8 1.720E-03 1.508E-02 2.942E-03
 97 9.3500   1 1.758E+01 1.500E+02 5.265E+00 1.592E-03 3.810E+02 0.000E+00 1.361E-03 2.693E+01    7 1.842E-03 1.509E-02 2.910E-03
 98 9.3250   1 1.843E+01 1.685E+02 5.326E+00 1.794E-03 3.719E+02 0.000E+00 1.442E-03 2.778E+01    9 1.783E-03 1.505E-02 3.009E-03
 99 9.3000   1 1.889E+01 1.623E+02 5.388E+00 1.794E-03 3.868E+02 0.000E+00 1.489E-03 2.810E+01    7 1.786E-03 1.501E-02 3.074E-03
100 9.2750   1 1.742E+01 1.553E+02 5.432E+00 1.797E-03 4.066E+02 0.000E+00 1.523E-03 2.920E+01    6 1.952E-03 1.500E-02 2.905E-03
101 9.2500   1 1.970E+01 1.712E+02 5.523E+00 1.904E-03 4.138E+02 0.000E+00 1.592E-03 3.036E+01    7 1.781E-03 1.489E-02 3.151E-03
102 9.2250   1 2.001E+01 1.787E+02 5.580E+00 1.940E-03 4.212E+02 0.000E+00 1.631E-03 3.162E+01    6 1.792E-03 1.485E-02 3.101E-03
103 9.2000   1 1.942E+01 1.691E+02 5.648E+00 2.048E-03 4.233E+02 0.000E+00 1.723E-03 3.291E+01    8 1.880E-03 1.481E-02 3.126E-03
104 9.1750   1 1.989E+01 1.705E+02 5.717E+00 2.056E-03 4.204E+02 0.000E+00 1.765E-03 3.466E+01    7 1.872E-03 1.475E-02 3.140E-03
105 9.1500   1 1.976E+01 1.717E+02 5.786E+00 2.133E-03 4.363E+02 0.000E+00 1.829E-03 3.616E+01    7 1.920E-03 1.471E-02 3.171E-03
106 9.1250   1 2.005E+01 1.731E+02 5.848E+00 2.219E-03 4.380E+02 0.000E+00 1.897E-03 3.761E+01    7 1.946E-03 1.468E-02 3.228E-03
107 9.1000   1 1.995E+01 1.752E+02 5.911E+00 2.296E-03 4.645E+02 0.000E+00 1.969E-03 4.007E+01    7 1.989E-03 1.465E-02 3.214E-03
108 9.0750   1 2.244E+01 1.927E+02 6.178E+00 2.456E-03 8.912E+02 0.000E+00 2.105E-03 4.366E+01    8 1.907E-03 1.425E-02 4.186E-03
109 9.0500   1 2.039E+01 1.787E+02 6.215E+00 2.419E-03 1.246E+03 0.000E+00 2.143E-03 4.483E+01    7 1.971E-03 1.443E-02 4.659E-03
110 9.0250   1 2.082E+01 1.807E+02 6.440E+00 2.476E-03 1.121E+03 0.000E+00 2.228E-03 4.660E+01    7 1.935E-03 1.423E-02 4.377E-03
111 9.0000   1 2.124E+01 1.933E+02 6.783E+00 2.667E-03 1.013E+03 0.000E+00 2.361E-03 4.922E+01    7 2.038E-03 1.384E-02 4.076E-03
112 8.9749   1 2.337E+01 2.054E+02 6.978E+00 2.795E-03 9.706E+02 0.000E+00 2.476E-03 5.067E+01    8 1.948E-03 1.372E-02 4.257E-03
113 8.9500   1 2.267E+01 2.020E+02 7.138E+00 2.815E-03 9.593E+02 0.000E+00 2.555E-03 5.280E+01    7 2.084E-03 1.369E-02 4.197E-03
114 8.9249   1 2.294E+01 2.052E+02 7.302E+00 2.896E-03 8.849E+02 0.000E+00 2.660E-03 5.568E+01    6 2.145E-03 1.368E-02 4.097E-03
115 8.9000   1 2.300E+01 2.064E+02 7.457E+00 3.072E-03 8.909E+02 0.000E+00 2.790E-03 5.849E+01    7 2.210E-03 1.369E-02 4.216E-03
116 8.8750   1 2.269E+01 2.020E+02 7.606E+00 3.097E-03 9.209E+02 0.000E+00 2.868E-03 6.029E+01    5 2.315E-03 1.371E-02 4.240E-03
117 8.8500   1 2.242E+01 2.023E+02 7.785E+00 3.210E-03 9.751E+02 0.000E+00 2.990E-03 6.317E+01    5 2.407E-03 1.371E-02 4.291E-03
118 8.8250   1 2.321E+01 2.090E+02 7.974E+00 3.336E-03 1.033E+03 0.000E+00 3.117E-03 6.528E+01    5 2.390E-03 1.367E-02 4.696E-03
119 8.7999   1 2.397E+01 2.135E+02 8.180E+00 3.566E-03 1.241E+03 0.000E+00 3.280E-03 6.908E+01    6 2.382E-03 1.364E-02 5.170E-03
120 8.7750   1 2.363E+01 2.145E+02 8.404E+00 3.627E-03 1.376E+03 0.000E+00 3.408E-03 7.159E+01    5 2.467E-03 1.363E-02 5.492E-03
121 8.7500   1 2.201E+01 2.054E+02 8.642E+00 3.709E-03 1.301E+03 0.000E+00 3.537E-03 7.398E+01    4 2.661E-03 1.365E-02 4.798E-03
122 8.7250   1 2.209E+01 2.064E+02 8.892E+00 3.793E-03 1.451E+03 0.000E+00 3.691E-03 7.874E+01    3 2.716E-03 1.364E-02 5.857E-03
123 8.7000   1 2.414E+01 2.273E+02 9.265E+00 4.287E-03 1.637E+03 0.000E+00 3.945E-03 8.228E+01    7 2.562E-03 1.360E-02 6.544E-03
124 8.6750   1 2.292E+01 2.223E+02 9.557E+00 4.311E-03 1.604E+03 0.000E+00 4.078E-03 8.602E+01    5 2.707E-03 1.369E-02 8.176E-03
125 8.6500   1 2.461E+01 2.312E+02 9.862E+00 4.507E-03 1.631E+03 0.000E+00 4.265E-03 8.994E+01    6 2.606E-03 1.378E-02 8.431E-03
126 8.6250   1 2.253E+01 2.245E+02 1.010E+01 4.814E-03 1.505E+03 0.000E+00 4.486E-03 9.444E+01    6 2.912E-03 1.398E-02 8.401E-03
127 8.5999   1 2.186E+01 2.203E+02 1.035E+01 4.728E-03 1.708E+03 0.000E+00 4.615E-03 9.918E+01    3 3.013E-03 1.422E-02 9.010E-03
128 8.5750   1 2.234E+01 2.245E+02 1.068E+01 5.034E-03 1.651E+03 0.000E+00 4.865E-03 1.034E+02    4 2.973E-03 1.443E-02 9.432E-03
129 8.5500   1 2.328E+01 2.313E+02 1.099E+01 5.312E-03 1.443E+03 0.000E+00 5.093E-03 1.086E+02    5 2.889E-03 1.463E-02 9.500E-03
130 8.5249   1 2.311E+01 2.336E+02 1.119E+01 5.497E-03 1.327E+03 0.000E+00 5.307E-03 1.134E+02    4 2.939E-03 1.487E-02 8.916E-03
131 8.4999   1 2.364E+01 2.407E+02 1.140E+01 5.927E-03 1.136E+03 0.000E+00 5.626E-03 1.195E+02    8 2.906E-03 1.512E-02 8.621E-03
132 8.4749   1 2.261E+01 2.332E+02 1.156E+01 6.058E-03 1.078E+03 0.000E+00 5.842E-03 1.247E+02    5 3.022E-03 1.541E-02 8.343E-03
133 8.4499   1 2.303E+01 2.366E+02 1.174E+01 6.485E-03 1.070E+03 0.000E+00 6.169E-03 1.313E+02    6 2.954E-03 1.566E-02 8.217E-03
134 8.4249   1 2.442E+01 2.481E+02 1.194E+01 6.732E-03 9.958E+02 0.000E+00 6.451E-03 1.369E+02    7 2.799E-03 1.586E-02 7.624E-03
135 8.3999   1 2.472E+01 2.503E+02 1.211E+01 7.050E-03 9.129E+02 0.000E+00 6.750E-03 1.430E+02    6 2.756E-03 1.601E-02 7.327E-03
136 8.3749   1 2.497E+01 2.499E+02 1.225E+01 7.269E-03 9.258E+02 0.000E+00 7.008E-03 1.494E+02    6 2.750E-03 1.616E-02 6.617E-03
137 8.3500   1 2.431E+01 2.507E+02 1.239E+01 7.527E-03 9.546E+02 0.000E+00 7.257E-03 1.544E+02    5 2.808E-03 1.629E-02 6.558E-03
138 8.3249   1 2.314E+01 2.413E+02 1.256E+01 7.756E-03 9.991E+02 0.000E+00 7.544E-03 1.619E+02    4 2.926E-03 1.641E-02 6.748E-03
139 8.3000   1 2.529E+01 2.561E+02 1.278E+01 8.162E-03 9.720E+02 0.000E+00 7.920E-03 1.692E+02    5 2.682E-03 1.646E-02 6.268E-03
140 8.2750   1 2.562E+01 2.643E+02 1.297E+01 8.476E-03 9.287E+02 0.000E+00 8.250E-03 1.470E+02    6 2.677E-03 1.651E-02 5.846E-03
141 8.2499   1 2.659E+01 2.634E+02 1.316E+01 8.933E-03 9.633E+02 0.000E+00 8.623E-03 1.090E+02    8 2.621E-03 1.656E-02 6.913E-03
142 8.2250   1 2.537E+01 2.627E+02 1.332E+01 9.178E-03 9.587E+02 0.000E+00 8.931E-03 1.403E+02    6 2.736E-03 1.662E-02 6.714E-03
143 8.2000   1 3.816E+01 3.516E+02 1.452E+01 1.003E-02 1.097E+03 0.000E+00 9.547E-03 2.000E+02   11 2.309E-03 1.569E-02 8.307E-03
144 8.1749   1 2.693E+01 2.810E+02 1.368E+01 9.945E-03 9.379E+02 0.000E+00 9.712E-03 2.075E+02    6 2.642E-03 1.671E-02 6.714E-03
145 8.1499   1 2.622E+01 2.777E+02 1.385E+01 1.027E-02 9.614E+02 0.000E+00 1.004E-02 7.331E+01    5 2.712E-03 1.679E-02 6.442E-03
146 8.1250   1 2.783E+01 2.876E+02 1.403E+01 1.080E-02 9.686E+02 0.000E+00 1.046E-02 1.539E+02    9 2.600E-03 1.681E-02 6.680E-03
147 8.1000   1 3.000E+01 2.980E+02 1.431E+01 1.131E-02 9.803E+02 0.000E+00 1.090E-02 2.308E+02   11 2.471E-03 1.674E-02 7.211E-03
148 8.0749   1 3.009E+01 3.037E+02 1.447E+01 1.172E-02 9.440E+02 0.000E+00 1.132E-02 2.086E+02   12 2.480E-03 1.681E-02 6.731E-03
149 8.0499   1 2.970E+01 2.969E+02 1.466E+01 1.214E-02 9.613E+02 0.000E+00 1.170E-02 1.127E+02   11 2.533E-03 1.684E-02 6.929E-03
150 8.0250   1 3.115E+01 3.048E+02 1.487E+01 1.254E-02 1.075E+03 0.000E+00 1.210E-02 2.170E+02   12 2.436E-03 1.684E-02 7.543E-03
151 8.0000   1 3.089E+01 3.027E+02 1.515E+01 1.280E-02 1.255E+03 0.000E+00 1.246E-02 2.659E+02    8 2.477E-03 1.681E-02 7.490E-03
152 7.9750   1 3.204E+01 3.109E+02 1.548E+01 1.328E-02 1.779E+03 0.000E+00 1.291E-02 1.252E+02   10 2.382E-03 1.676E-02 8.819E-03
153 7.9500   1 3.298E+01 3.204E+02 1.597E+01 1.381E-02 2.074E+03 0.000E+00 1.346E-02 2.861E+02   10 2.310E-03 1.664E-02 9.571E-03
154 7.9249   1 3.188E+01 3.186E+02 1.639E+01 1.424E-02 1.741E+03 0.000E+00 1.403E-02 2.348E+02    8 2.441E-03 1.656E-02 9.169E-03
155 7.9000   1 3.341E+01 3.259E+02 1.671E+01 1.504E-02 1.567E+03 0.000E+00 1.471E-02 2.441E+02   10 2.452E-03 1.652E-02 9.741E-03
156 7.8749   1 3.123E+01 3.164E+02 1.699E+01 1.542E-02 1.457E+03 0.000E+00 1.519E-02 1.180E+02    9 2.733E-03 1.655E-02 9.419E-03
157 7.8500   1 3.138E+01 3.149E+02 1.727E+01 1.580E-02 1.463E+03 0.000E+00 1.557E-02 1.100E+02    9 2.842E-03 1.656E-02 8.796E-03
158 7.8249   1 4.428E+01 4.043E+02 1.861E+01 1.716E-02 1.737E+03 0.000E+00 1.641E-02 1.330E+02   19 2.448E-03 1.589E-02 1.136E-02
159 7.8000   1 3.217E+01 3.238E+02 1.794E+01 1.690E-02 1.580E+03 0.000E+00 1.669E-02 1.513E+02    8 2.906E-03 1.659E-02 9.526E-03
160 7.7750   1 3.369E+01 3.349E+02 1.833E+01 1.765E-02 1.638E+03 0.000E+00 1.737E-02 3.726E+02    9 2.832E-03 1.659E-02 8.869E-03
161 7.7500   1 5.511E+01 4.763E+02 2.027E+01 1.922E-02 1.872E+03 0.000E+00 1.850E-02 3.656E+02   22 2.229E-03 1.561E-02 1.276E-02
162 7.7250   1 5.613E+01 4.870E+02 2.072E+01 2.000E-02 2.029E+03 0.000E+00 1.924E-02 4.074E+02   24 2.265E-03 1.559E-02 1.291E-02
163 7.6999   1 5.715E+01 4.947E+02 2.124E+01 2.049E-02 2.234E+03 0.000E+00 1.984E-02 4.064E+02   20 2.274E-03 1.559E-02 1.405E-02
164 7.6749   1 5.764E+01 5.014E+02 2.172E+01 2.125E-02 2.124E+03 0.000E+00 2.062E-02 1.368E+02   21 2.313E-03 1.560E-02 1.351E-02
165 7.6499   1 5.748E+01 5.092E+02 2.222E+01 2.202E-02 2.116E+03 0.000E+00 2.133E-02 2.936E+02   21 2.372E-03 1.563E-02 1.399E-02
166 7.6250   1 5.968E+01 5.240E+02 2.281E+01 2.312E-02 2.174E+03 0.000E+00 2.227E-02 3.205E+02   24 2.346E-03 1.563E-02 1.493E-02
167 7.6000   1 5.928E+01 5.278E+02 2.327E+01 2.374E-02 2.131E+03 0.000E+00 2.297E-02 2.127E+02   20 2.423E-03 1.571E-02 1.503E-02
168 7.5749   1 5.910E+01 5.291E+02 2.378E+01 2.469E-02 2.199E+03 0.000E+00 2.396E-02 2.305E+02   20 2.480E-03 1.579E-02 1.599E-02
169 7.5500   1 6.051E+01 5.434E+02 2.421E+01 2.562E-02 1.994E+03 0.000E+00 2.498E-02 6.936E+01   21 2.470E-03 1.593E-02 1.640E-02
170 7.5250   1 6.720E+01 5.811E+02 2.547E+01 2.719E-02 2.154E+03 0.000E+00 2.615E-02 3.412E+02   26 2.440E-03 1.572E-02 1.804E-02
171 7.5000   1 6.838E+01 5.947E+02 2.614E+01 2.804E-02 2.322E+03 0.000E+00 2.720E-02 5.744E+02   24 2.426E-03 1.579E-02 1.881E-02
172 7.4750   1 6.539E+01 5.824E+02 2.659E+01 2.925E-02 2.320E+03 0.000E+00 2.833E-02 5.596E+02   24 2.464E-03 1.603E-02 1.807E-02
173 7.4499   1 6.600E+01 5.920E+02 2.713E+01 3.054E-02 2.482E+03 0.000E+00 2.974E-02 6.313E+02   20 2.442E-03 1.615E-02 1.938E-02
174 7.4250   1 6.866E+01 6.217E+02 2.772E+01 3.177E-02 2.083E+03 0.000E+00 3.094E-02 2.499E+02   23 2.405E-03 1.620E-02 1.823E-02
175 7.3999   1 7.095E+01 6.350E+02 2.845E+01 3.279E-02 2.383E+03 0.000E+00 3.174E-02 9.938E+01   26 2.362E-03 1.624E-02 2.063E-02
176 7.3749   1 6.612E+01 5.987E+02 2.803E+01 3.343E-02 2.067E+03 0.000E+00 3.243E-02 2.768E+02   25 2.354E-03 1.665E-02 1.823E-02
177 7.3500   1 6.612E+01 6.079E+02 2.852E+01 3.434E-02 2.120E+03 0.000E+00 3.360E-02 7.174E+02   21 2.369E-03 1.675E-02 1.817E-02
178 7.3250   1 6.622E+01 6.025E+02 2.902E+01 3.606E-02 2.273E+03 0.000E+00 3.525E-02 7.267E+02   20 2.374E-03 1.685E-02 1.917E-02
179 7.2999   1 6.700E+01 6.173E+02 2.962E+01 3.818E-02 2.366E+03 0.000E+00 3.727E-02 6.300E+02   24 2.344E-03 1.693E-02 1.971E-02
180 7.2750   1 7.333E+01 6.702E+02 3.131E+01 4.033E-02 2.357E+03 0.000E+00 3.939E-02 5.395E+02   25 2.357E-03 1.667E-02 2.056E-02
181 7.2500   1 7.402E+01 6.738E+02 3.182E+01 4.251E-02 2.036E+03 0.000E+00 4.153E-02 5.568E+02   25 2.344E-03 1.678E-02 1.986E-02
182 7.2249   1 7.296E+01 6.783E+02 3.221E+01 4.448E-02 1.889E+03 0.000E+00 4.360E-02 9.297E+02   23 2.411E-03 1.692E-02 2.003E-02
183 7.2000   1 7.067E+01 6.584E+02 3.153E+01 4.636E-02 1.538E+03 0.000E+00 4.545E-02 9.702E+02   24 2.317E-03 1.733E-02 1.824E-02
184 7.1750   1 7.033E+01 6.584E+02 3.185E+01 4.821E-02 1.520E+03 0.000E+00 4.739E-02 3.716E+02   24 2.350E-03 1.744E-02 1.790E-02
185 7.1499   1 7.142E+01 6.578E+02 3.226E+01 4.992E-02 1.541E+03 0.000E+00 4.906E-02 1.048E+03   24 2.315E-03 1.752E-02 1.706E-02
186 7.1250   1 6.969E+01 6.481E+02 3.259E+01 5.163E-02 1.617E+03 0.000E+00 5.094E-02 9.881E+02   21 2.357E-03 1.761E-02 1.717E-02
187 7.1000   1 7.380E+01 6.794E+02 3.311E+01 5.326E-02 1.995E+03 0.000E+00 5.248E-02 3.675E+02   24 2.226E-03 1.762E-02 1.862E-02
188 7.0750   1 7.240E+01 6.796E+02 3.364E+01 5.528E-02 2.042E+03 0.000E+00 5.453E-02 3.984E+02   23 2.248E-03 1.765E-02 1.793E-02
189 7.0500   1 7.399E+01 6.894E+02 3.414E+01 5.662E-02 1.876E+03 0.000E+00 5.591E-02 3.566E+02   21 2.238E-03 1.766E-02 1.818E-02
190 7.0250   1 7.447E+01 6.957E+02 3.461E+01 5.830E-02 1.909E+03 0.000E+00 5.763E-02 5.403E+02   21 2.253E-03 1.768E-02 1.815E-02
191 7.0000   1 7.641E+01 6.962E+02 3.513E+01 6.141E-02 1.779E+03 0.000E+00 6.081E-02 1.303E+03   21 2.251E-03 1.767E-02 1.793E-02
192 6.9750   1 7.698E+01 7.046E+02 3.561E+01 6.522E-02 1.871E+03 0.000E+00 6.472E-02 1.387E+03   22 2.266E-03 1.769E-02 1.875E-02
193 6.9500   1 7.577E+01 7.082E+02 3.606E+01 7.002E-02 2.034E+03 0.000E+00 6.935E-02 1.491E+03   20 2.314E-03 1.773E-02 1.903E-02
194 6.9249   1 7.783E+01 7.141E+02 3.665E+01 7.416E-02 2.096E+03 0.000E+00 7.342E-02 5.711E+02   21 2.284E-03 1.773E-02 1.962E-02
195 6.9000   1 7.504E+01 7.037E+02 3.723E+01 7.709E-02 2.279E+03 0.000E+00 7.661E-02 1.612E+03   19 2.384E-03 1.774E-02 2.082E-02
196 6.8749   1 7.797E+01 7.230E+02 3.783E+01 8.071E-02 2.027E+03 0.000E+00 8.014E-02 8.187E+02   20 2.332E-03 1.775E-02 2.060E-02
197 6.8499   1 7.626E+01 7.272E+02 3.835E+01 8.368E-02 2.254E+03 0.000E+00 8.314E-02 1.782E+03   19 2.390E-03 1.783E-02 2.162E-02
198 6.8249   1 7.612E+01 7.310E+02 3.896E+01 8.725E-02 2.225E+03 0.000E+00 8.654E-02 6.345E+02   21 2.397E-03 1.789E-02 2.126E-02
199 6.7999   1 7.793E+01 7.397E+02 3.959E+01 9.027E-02 1.845E+03 0.000E+00 8.958E-02 6.685E+02   22 2.386E-03 1.791E-02 2.081E-02
200 6.7750   1 7.912E+01 7.459E+02 4.011E+01 9.226E-02 1.852E+03 0.000E+00 9.157E-02 7.517E+02   22 2.406E-03 1.794E-02 2.068E-02
201 6.7499   1 7.899E+01 7.571E+02 4.071E+01 9.404E-02 1.747E+03 0.000E+00 9.335E-02 2.853E+02   21 2.467E-03 1.794E-02 1.959E-02
202 6.7249   1 8.004E+01 7.619E+02 4.119E+01 9.593E-02 1.707E+03 0.000E+00 9.533E-02 2.952E+02   20 2.483E-03 1.796E-02 1.992E-02
203 6.7000   1 7.984E+01 7.704E+02 4.169E+01 9.781E-02 1.747E+03 0.000E+00 9.713E-02 3.493E+02   21 2.505E-03 1.796E-02 1.890E-02
204 6.6750   1 8.079E+01 7.734E+02 4.217E+01 9.961E-02 1.716E+03 0.000E+00 9.892E-02 2.852E+02   21 2.546E-03 1.795E-02 1.911E-02
205 6.6499   1 8.061E+01 7.821E+02 4.270E+01 1.015E-01 1.869E+03 0.000E+00 1.008E-01 3.038E+02   22 2.579E-03 1.794E-02 1.839E-02
206 6.6250   1 7.985E+01 7.860E+02 4.323E+01 1.037E-01 1.835E+03 0.000E+00 1.030E-01 3.847E+02   22 2.648E-03 1.792E-02 1.791E-02
207 6.5999   1 8.919E+01 8.490E+02 4.427E+01 1.061E-01 1.942E+03 0.000E+00 1.053E-01 1.913E+02   24 2.519E-03 1.772E-02 2.026E-02
208 6.5750   1 6.546E+01 6.819E+02 4.072E+01 1.053E-01 1.708E+03 0.000E+00 1.051E-01 5.862E+02   13 2.726E-03 1.853E-02 1.284E-02
209 6.5500   1 8.965E+01 8.593E+02 4.572E+01 1.108E-01 2.004E+03 0.000E+00 1.101E-01 3.774E+02   21 2.655E-03 1.759E-02 1.998E-02
210 6.5249   1 9.264E+01 8.843E+02 4.634E+01 1.132E-01 1.832E+03 0.000E+00 1.124E-01 1.608E+03   21 2.650E-03 1.755E-02 2.023E-02
211 6.5000   1 6.614E+01 6.932E+02 4.247E+01 1.123E-01 1.823E+03 0.000E+00 1.120E-01 1.060E+03   13 2.939E-03 1.842E-02 1.394E-02
212 6.4749   1 6.863E+01 7.183E+02 4.329E+01 1.155E-01 2.020E+03 0.000E+00 1.149E-01 5.685E+02   15 2.905E-03 1.833E-02 1.556E-02
213 6.4499   1 9.336E+01 9.019E+02 4.855E+01 1.225E-01 2.353E+03 0.000E+00 1.217E-01 5.802E+02   22 2.753E-03 1.748E-02 2.366E-02
214 6.4249   1 9.191E+01 8.958E+02 4.924E+01 1.268E-01 2.622E+03 0.000E+00 1.260E-01 9.186E+02   21 2.831E-03 1.751E-02 2.500E-02
215 6.3999   1 9.198E+01 9.047E+02 5.007E+01 1.305E-01 2.322E+03 0.000E+00 1.297E-01 4.644E+02   21 2.846E-03 1.753E-02 2.485E-02
216 6.3750   1 9.134E+01 9.123E+02 5.078E+01 1.339E-01 2.150E+03 0.000E+00 1.331E-01 5.300E+02   21 2.925E-03 1.754E-02 2.525E-02
217 6.3500   1 9.271E+01 9.204E+02 5.148E+01 1.367E-01 2.158E+03 0.000E+00 1.358E-01 4.371E+02   20 2.956E-03 1.755E-02 2.542E-02
218 6.3250   1 9.406E+01 9.394E+02 5.227E+01 1.390E-01 2.115E+03 0.000E+00 1.382E-01 1.005E+03   21 2.965E-03 1.755E-02 2.635E-02
219 6.3000   1 9.396E+01 9.455E+02 5.297E+01 1.420E-01 2.026E+03 0.000E+00 1.412E-01 4.252E+02   21 3.012E-03 1.757E-02 2.648E-02
220 6.2749   1 9.360E+01 9.483E+02 5.369E+01 1.454E-01 2.111E+03 0.000E+00 1.445E-01 7.705E+02   22 3.071E-03 1.759E-02 2.721E-02
221 6.2499   1 9.504E+01 9.596E+02 5.442E+01 1.481E-01 2.209E+03 0.000E+00 1.473E-01 3.896E+02   22 3.073E-03 1.760E-02 2.824E-02
222 6.2249   1 9.005E+01 9.435E+02 5.494E+01 1.508E-01 2.262E+03 0.000E+00 1.501E-01 6.145E+02   19 3.220E-03 1.770E-02 2.813E-02
223 6.2000   1 9.423E+01 9.750E+02 5.602E+01 1.539E-01 2.227E+03 0.000E+00 1.531E-01 6.563E+02   20 3.152E-03 1.765E-02 2.886E-02
224 6.1750   1 9.506E+01 9.823E+02 5.683E+01 1.570E-01 2.446E+03 0.000E+00 1.561E-01 3.330E+02   23 3.172E-03 1.768E-02 2.923E-02
225 6.1500   1 9.121E+01 9.668E+02 5.747E+01 1.599E-01 2.323E+03 0.000E+00 1.589E-01 3.532E+02   21 3.301E-03 1.777E-02 2.849E-02
226 6.1249   1 9.558E+01 9.980E+02 5.855E+01 1.628E-01 2.291E+03 0.000E+00 1.619E-01 1.199E+03   20 3.217E-03 1.778E-02 2.992E-02
227 6.1000   1 9.697E+01 1.011E+03 5.942E+01 1.661E-01 2.367E+03 0.000E+00 1.654E-01 2.929E+03   18 3.214E-03 1.781E-02 3.050E-02
