  0 63.000  -1 0.000E+00 0.000E+00 0.000E+00 0.000E+00 0.000E+00 0.000E+00 0.000E+00 0.000E+00    0 0.000E+00 0.000E+00 0.000E+00
  1 20.000  -1 0.000E+00 0.000E+00 0.000E+00 0.000E+00 0.000E+00 0.000E+00 0.000E+00 0.000E+00    0 0.000E+00 0.000E+00 0.000E+00
  2 18.000  -1 0.000E+00 0.000E+00 0.000E+00 0.000E+00 0.000E+00 0.000E+00 0.000E+00 0.000E+00    0 0.000E+00 0.000E+00 0.000E+00
  3 16.000  -1 0.000E+00 0.000E+00 0.000E+00 0.000E+00 0.000E+00 0.000E+00 0.000E+00 0.000E+00    0 0.000E+00 0.000E+00 0.000E+00
  4 14.000  -1 0.000E+00 0.000E+00 0.000E+00 0.000E+00 0.000E+00 0.000E+00 0.000E+00 0.000E+00    0 0.000E+00 0.000E+00 0.000E+00
  5 12.000  -1 0.000E+00 0.000E+00 0.000E+00 0.000E+00 0.000E+00 0.000E+00 0.000E+00 0.000E+00    0 0.000E+00 0.000E+00 0.000E+00
  6 10.000   5 6.897E-01 4.105E+00 1.327E-02 9.941E-05 1.905E+00 1.903E+00 2.058E-05 7.181E-06    1 3.404E-04 3.510E-04 7.802E-05
  7 9.8000   5 7.204E-01 4.297E+00 1.491E-02 9.941E-05 2.102E+00 2.106E+00 2.191E-05 7.891E-06    1 3.901E-04 3.712E-04 9.309E-05
  8 9.6000   6 7.653E-01 4.521E+00 1.730E-02 9.941E-05 2.183E+00 2.180E+00 2.300E-05 1.116E-05    1 4.295E-04 4.567E-04 1.095E-04
  9 9.4000   3 1.305E+00 7.897E+00 3.363E-02 1.959E-04 3.532E+00 3.527E+00 4.929E-05 5.370E-01    2 4.776E-04 4.729E-04 2.067E-04
 10 9.2000   3 1.341E+00 8.189E+00 3.624E-02 1.959E-04 3.907E+00 3.908E+00 5.234E-05 5.763E-01    2 5.450E-04 4.615E-04 2.297E-04
 11 9.0000   4 1.380E+00 8.568E+00 4.050E-02 1.959E-04 4.360E+00 4.355E+00 5.534E-05 8.171E-05    2 5.883E-04 5.409E-04 2.422E-04
 12 8.7999   4 1.572E+00 9.505E+00 4.794E-02 1.959E-04 6.551E+00 6.496E+00 5.861E-05 4.060E-04    2 5.947E-04 6.102E-04 2.363E-04
 13 8.5999   1 2.897E+00 1.717E+01 9.411E-02 3.935E-04 1.401E+01 1.395E+01 1.067E-04 7.015E-04    4 6.310E-04 6.527E-04 3.882E-04
 14 8.3999   1 3.494E+00 2.083E+01 1.297E-01 4.919E-04 2.286E+01 2.275E+01 1.336E-04 4.498E-01    5 6.854E-04 7.603E-04 3.664E-04
 15 8.2000   1 3.295E+00 1.997E+01 1.675E-01 3.935E-04 3.088E+01 3.086E+01 1.169E-04 3.420E-01    4 9.198E-04 1.043E-03 3.528E-04
 16 8.0000   1 3.773E+00 2.381E+01 2.332E-01 4.919E-04 3.310E+01 3.309E+01 1.454E-04 5.287E-01    4 1.118E-03 1.352E-03 4.781E-04
 17 7.8000   1 4.953E+00 3.258E+01 3.227E-01 6.852E-04 3.507E+01 3.511E+01 1.923E-04 8.202E-01    5 1.219E-03 1.600E-03 8.116E-04
 18 7.6000   1 6.037E+00 3.998E+01 3.993E-01 7.872E-04 3.445E+01 3.451E+01 2.208E-04 6.185E-01    6 1.240E-03 1.917E-03 1.097E-03
 19 7.4000   1 1.020E+01 6.635E+01 5.805E-01 1.368E-03 4.421E+01 4.421E+01 3.908E-04 1.385E-02    9 1.064E-03 2.005E-03 1.779E-03
 20 7.2000   1 1.332E+01 8.692E+01 7.581E-01 1.759E-03 5.329E+01 5.334E+01 5.219E-04 2.061E+00   13 1.074E-03 2.132E-03 2.590E-03
 21 7.0000   1 1.902E+01 1.232E+02 1.090E+00 2.447E-03 9.010E+01 8.998E+01 7.130E-04 1.343E+00   19 1.081E-03 2.091E-03 3.538E-03
 22 6.8999   1 2.287E+01 1.472E+02 1.379E+00 2.740E-03 1.209E+02 1.209E+02 8.463E-04 2.846E+00   21 1.127E-03 2.114E-03 4.335E-03
 23 6.7999   1 2.118E+01 1.360E+02 1.416E+00 2.544E-03 1.273E+02 1.273E+02 8.086E-04 5.416E+00   16 1.266E-03 2.314E-03 4.301E-03
 24 6.7000   1 2.213E+01 1.414E+02 1.588E+00 2.544E-03 1.340E+02 1.341E+02 8.323E-04 1.888E+00   15 1.366E-03 2.496E-03 4.656E-03
 25 6.5999   1 2.357E+01 1.501E+02 1.782E+00 2.641E-03 1.569E+02 1.568E+02 8.809E-04 2.938E+00   15 1.455E-03 2.680E-03 5.075E-03
 26 6.5000   1 2.276E+01 1.472E+02 1.997E+00 2.541E-03 1.837E+02 1.838E+02 8.627E-04 3.016E+00   13 1.680E-03 2.967E-03 5.399E-03
 27 6.4000   1 2.309E+01 1.524E+02 2.274E+00 2.541E-03 2.123E+02 2.124E+02 8.862E-04 8.134E-01   10 1.881E-03 3.295E-03 5.864E-03
 28 6.3000   1 2.297E+01 1.561E+02 2.579E+00 2.637E-03 2.275E+02 2.274E+02 9.308E-04 1.265E+00    8 2.127E-03 3.652E-03 6.395E-03
 29 6.2000   1 2.407E+01 1.669E+02 2.948E+00 2.834E-03 2.695E+02 2.693E+02 1.001E-03 2.345E+00    8 2.305E-03 4.030E-03 6.463E-03
 30 6.1000   1 2.801E+01 2.031E+02 4.371E+00 3.423E-03 4.099E+02 4.103E+02 1.255E-03 7.923E+00   13 2.491E-03 5.429E-03 7.526E-03
