  0 63.000  -1 0.000E+00 0.000E+00 0.000E+00 0.000E+00 0.000E+00 0.000E+00 0.000E+00 0.000E+00    0 0.000E+00 0.000E+00 0.000E+00
  1 20.000  -1 0.000E+00 0.000E+00 0.000E+00 0.000E+00 0.000E+00 0.000E+00 0.000E+00 0.000E+00    0 0.000E+00 0.000E+00 0.000E+00
  2 18.000  -1 0.000E+00 0.000E+00 0.000E+00 0.000E+00 0.000E+00 0.000E+00 0.000E+00 0.000E+00    0 0.000E+00 0.000E+00 0.000E+00
  3 16.000  -1 0.000E+00 0.000E+00 0.000E+00 0.000E+00 0.000E+00 0.000E+00 0.000E+00 0.000E+00    0 0.000E+00 0.000E+00 0.000E+00
  4 14.000  -1 0.000E+00 0.000E+00 0.000E+00 0.000E+00 0.000E+00 0.000E+00 0.000E+00 0.000E+00    0 0.000E+00 0.000E+00 0.000E+00
  5 12.000  -1 0.000E+00 0.000E+00 0.000E+00 0.000E+00 0.000E+00 0.000E+00 0.000E+00 0.000E+00    0 0.000E+00 0.000E+00 0.000E+00
  6 10.000   1 3.099E+00 1.855E+01 8.243E-02 1.940E-04 1.310E+01 1.283E+01 7.170E-05 7.741E-01    2 5.053E-04 6.649E-04 2.928E-04
  7 9.8000   1 4.098E+00 2.481E+01 1.104E-01 2.918E-04 1.692E+01 1.664E+01 9.445E-05 6.828E-04    3 4.936E-04 6.635E-04 3.915E-04
  8 9.6000   1 4.392E+00 2.659E+01 1.301E-01 2.918E-04 2.164E+01 2.132E+01 1.014E-04 9.196E-01    3 5.541E-04 7.495E-04 4.352E-04
  9 9.4000   1 4.685E+00 2.888E+01 1.599E-01 2.918E-04 3.179E+01 3.137E+01 1.093E-04 3.925E-03    3 6.248E-04 8.226E-04 4.157E-04
 10 9.2000   1 4.915E+00 3.047E+01 2.033E-01 2.918E-04 3.338E+01 3.301E+01 1.170E-04 1.020E+00    3 7.440E-04 9.720E-04 4.583E-04
 11 9.0000   1 5.197E+00 3.275E+01 2.484E-01 2.918E-04 3.726E+01 3.681E+01 1.227E-04 6.389E-03    3 8.818E-04 1.156E-03 5.942E-04
 12 8.7999   1 5.656E+00 3.649E+01 3.124E-01 2.918E-04 4.776E+01 4.738E+01 1.289E-04 2.111E-02    2 9.877E-04 1.436E-03 6.217E-04
 13 8.5999   1 5.880E+00 3.827E+01 3.842E-01 2.918E-04 5.700E+01 5.650E+01 1.355E-04 2.785E-02    2 1.184E-03 1.825E-03 5.487E-04
 14 8.3999   1 6.113E+00 4.082E+01 4.805E-01 2.918E-04 6.994E+01 6.957E+01 1.423E-04 1.557E+00    2 1.389E-03 2.328E-03 5.225E-04
 15 8.2000   1 6.757E+00 4.639E+01 6.369E-01 3.934E-04 1.123E+02 1.120E+02 1.665E-04 4.016E-01    2 1.544E-03 3.143E-03 6.441E-04
 16 8.0000   1 6.818E+00 4.977E+01 8.730E-01 3.934E-04 1.695E+02 1.686E+02 2.018E-04 3.362E+00    1 1.891E-03 4.683E-03 7.752E-04
 17 7.8000   1 6.973E+00 5.445E+01 1.168E+00 4.943E-04 1.799E+02 1.786E+02 3.078E-04 6.571E+00    2 2.265E-03 6.847E-03 9.757E-04
 18 7.6000   1 7.032E+00 5.862E+01 1.538E+00 6.350E-04 2.380E+02 2.370E+02 4.556E-04 9.423E+00    2 2.414E-03 9.142E-03 1.103E-03
 19 7.4000   1 6.667E+00 6.268E+01 1.894E+00 8.467E-04 1.707E+02 1.701E+02 7.161E-04 1.553E+01    1 2.465E-03 1.181E-02 1.011E-03
 20 7.2000   1 6.906E+00 6.845E+01 2.232E+00 1.309E-03 1.309E+02 1.293E+02 1.234E-03 2.615E+01    2 2.053E-03 1.346E-02 1.145E-03
 21 7.0000   1 6.822E+00 7.162E+01 2.537E+00 2.203E-03 2.267E+02 1.992E+02 2.130E-03 4.555E+01    2 2.077E-03 1.399E-02 1.346E-03
 22 6.8999   1 8.449E+00 8.449E+01 2.760E+00 3.243E-03 1.878E+02 1.908E+02 2.910E-03 6.091E+01    5 1.837E-03 1.423E-02 1.563E-03
 23 6.7999   1 6.867E+00 7.633E+01 2.962E+00 3.912E-03 1.900E+02 1.570E+02 3.821E-03 8.220E+01    2 2.088E-03 1.508E-02 1.352E-03
 24 6.7000   1 7.024E+00 7.891E+01 3.097E+00 5.234E-03 1.914E+02 1.733E+02 5.197E-03 1.121E+02    2 2.013E-03 1.563E-02 1.373E-03
 25 6.5999   2 7.852E+00 8.591E+01 3.324E+00 7.490E-03 1.815E+02 1.698E+02 7.179E-03 1.543E+02    4 1.884E-03 1.571E-02 1.327E-03
 26 6.5000   1 7.781E+00 8.743E+01 3.541E+00 1.022E-02 2.009E+02 1.639E+02 9.971E-03 2.153E+02    3 1.890E-03 1.596E-02 1.331E-03
 27 6.4000   1 1.373E+01 1.263E+02 3.987E+00 1.523E-02 2.328E+02 2.130E+02 1.433E-02 3.038E+02    9 1.438E-03 1.537E-02 2.314E-03
 28 6.3000   1 1.570E+01 1.430E+02 4.316E+00 2.139E-02 1.404E+02 1.233E+02 2.040E-02 4.332E+02    9 1.513E-03 1.513E-02 2.719E-03
 29 6.2000   1 1.746E+01 1.550E+02 4.507E+00 3.016E-02 1.807E+02 1.725E+02 2.925E-02 6.231E+02    9 1.418E-03 1.510E-02 3.069E-03
 30 6.1000   1 2.022E+01 1.725E+02 4.798E+00 4.367E-02 1.906E+02 1.866E+02 4.253E-02 9.104E+02   10 1.283E-03 1.509E-02 3.199E-03
