  0 63.000  -1 0.000E+00 0.000E+00 0.000E+00 0.000E+00 0.000E+00 0.000E+00 0.000E+00 0.000E+00    0 0.000E+00 0.000E+00 0.000E+00
  1 20.000  -1 0.000E+00 0.000E+00 0.000E+00 0.000E+00 0.000E+00 0.000E+00 0.000E+00 0.000E+00    0 0.000E+00 0.000E+00 0.000E+00
  2 18.000  -1 0.000E+00 0.000E+00 0.000E+00 0.000E+00 0.000E+00 0.000E+00 0.000E+00 0.000E+00    0 0.000E+00 0.000E+00 0.000E+00
  3 16.000  -1 0.000E+00 0.000E+00 0.000E+00 0.000E+00 0.000E+00 0.000E+00 0.000E+00 0.000E+00    0 0.000E+00 0.000E+00 0.000E+00
  4 14.000  -1 0.000E+00 0.000E+00 0.000E+00 0.000E+00 0.000E+00 0.000E+00 0.000E+00 0.000E+00    0 0.000E+00 0.000E+00 0.000E+00
  5 12.000   2 7.762E-01 5.363E+00 5.461E-02 9.734E-05 9.291E+00 9.250E+00 2.741E-05 1.780E-03    1 1.140E-03 1.391E-03 6.678E-05
  6 10.000   1 3.638E+00 2.410E+01 2.407E-01 2.947E-04 2.901E+01 2.880E+01 7.336E-05 4.742E-03    3 1.036E-03 3.057E-03 4.482E-04
  7 9.8000   2 3.973E+00 2.632E+01 2.689E-01 2.947E-04 2.738E+01 2.714E+01 7.470E-05 4.347E-03    3 1.074E-03 3.289E-03 5.312E-04
  8 9.6000   2 4.342E+00 2.900E+01 3.025E-01 2.947E-04 2.921E+01 2.892E+01 7.710E-05 6.968E-03    3 1.093E-03 3.574E-03 5.974E-04
  9 9.4000   2 4.463E+00 2.989E+01 3.351E-01 2.947E-04 3.187E+01 3.156E+01 7.985E-05 7.218E-01    3 1.178E-03 3.765E-03 5.737E-04
 10 9.2000   1 7.264E+00 4.750E+01 4.766E-01 7.820E-04 5.519E+01 5.472E+01 2.060E-04 4.612E-02    6 1.053E-03 3.260E-03 8.906E-04
 11 9.0000   1 8.558E+00 5.694E+01 6.163E-01 7.808E-04 5.905E+01 5.845E+01 2.506E-04 1.718E+00    6 1.183E-03 3.157E-03 1.142E-03
 12 8.7999   1 9.273E+00 6.134E+01 6.958E-01 7.808E-04 6.660E+01 6.605E+01 2.612E-04 3.844E-01    6 1.266E-03 3.273E-03 1.329E-03
 13 8.5999   1 1.013E+01 6.633E+01 8.172E-01 7.808E-04 8.719E+01 8.654E+01 2.743E-04 1.004E+00    5 1.346E-03 3.430E-03 1.551E-03
 14 8.3999   1 1.121E+01 7.445E+01 1.119E+00 9.740E-04 2.638E+02 2.630E+02 3.404E-04 2.932E+00    7 1.461E-03 3.978E-03 1.711E-03
 15 8.2000   1 1.227E+01 8.336E+01 1.701E+00 9.740E-04 3.878E+02 3.857E+02 4.024E-04 3.478E+00    4 1.804E-03 6.390E-03 1.920E-03
 16 8.0000   1 1.278E+01 9.220E+01 2.202E+00 9.740E-04 2.572E+02 2.556E+02 5.109E-04 9.277E+00    2 2.019E-03 9.541E-03 1.962E-03
 17 7.8000   1 1.969E+01 1.368E+02 2.686E+00 1.558E-03 2.464E+02 2.421E+02 9.132E-04 1.439E+01    7 1.486E-03 1.070E-02 2.594E-03
 18 7.6000   1 2.044E+01 1.473E+02 3.556E+00 1.765E-03 4.723E+02 4.581E+02 1.352E-03 2.345E+01    7 1.588E-03 1.143E-02 2.413E-03
 19 7.4000   1 2.060E+01 1.621E+02 4.784E+00 2.565E-03 5.925E+02 5.887E+02 2.105E-03 4.054E+01    8 1.801E-03 1.289E-02 2.520E-03
 20 7.2000   1 1.998E+01 1.704E+02 5.557E+00 3.748E-03 2.881E+02 2.698E+02 3.336E-03 6.583E+01    8 1.771E-03 1.503E-02 2.996E-03
 21 7.0000   1 1.101E+01 1.258E+02 5.865E+00 5.604E-03 4.478E+02 4.184E+02 5.303E-03 1.125E+02    3 2.439E-03 1.625E-02 1.819E-03
 22 6.8999   1 1.084E+01 1.286E+02 6.183E+00 7.285E-03 2.290E+02 2.223E+02 7.052E-03 1.504E+02    3 2.421E-03 1.707E-02 1.952E-03
 23 6.7999   1 1.274E+01 1.431E+02 6.409E+00 9.902E-03 2.039E+02 1.748E+02 9.557E-03 2.030E+02    5 2.029E-03 1.737E-02 2.267E-03
 24 6.7000   1 1.259E+01 1.458E+02 6.520E+00 1.336E-02 1.267E+02 1.148E+02 1.296E-02 2.766E+02    5 2.001E-03 1.761E-02 2.464E-03
 25 6.5999   1 1.274E+01 1.492E+02 6.623E+00 1.815E-02 1.073E+02 1.061E+02 1.777E-02 3.809E+02    5 1.870E-03 1.781E-02 2.714E-03
 26 6.5000   1 1.440E+01 1.602E+02 6.769E+00 2.462E-02 1.021E+02 9.932E+01 2.410E-02 2.006E+02    7 1.709E-03 1.773E-02 2.969E-03
 27 6.4000   1 1.479E+01 1.640E+02 6.830E+00 2.872E-02 5.051E+01 4.946E+01 2.826E-02 1.021E+02    6 1.757E-03 1.765E-02 3.091E-03
 28 6.3000   1 1.843E+01 1.858E+02 6.991E+00 3.057E-02 5.622E+01 5.547E+01 2.984E-02 1.808E+01    8 1.598E-03 1.723E-02 3.672E-03
 29 6.2000   1 2.788E+01 2.489E+02 7.897E+00 3.214E-02 1.252E+02 1.238E+02 3.084E-02 1.617E+01   14 1.651E-03 1.559E-02 5.347E-03
 30 6.1000   1 2.846E+01 2.523E+02 8.144E+00 3.267E-02 2.259E+02 2.242E+02 3.140E-02 2.588E+01   12 1.712E-03 1.525E-02 5.591E-03
