  0 63.000  -1 0.000E+00 0.000E+00 0.000E+00 0.000E+00 0.000E+00 0.000E+00 0.000E+00 0.000E+00    0 0.000E+00 0.000E+00 0.000E+00
  1 20.000  -1 0.000E+00 0.000E+00 0.000E+00 0.000E+00 0.000E+00 0.000E+00 0.000E+00 0.000E+00    0 0.000E+00 0.000E+00 0.000E+00
  2 18.000  -1 0.000E+00 0.000E+00 0.000E+00 0.000E+00 0.000E+00 0.000E+00 0.000E+00 0.000E+00    0 0.000E+00 0.000E+00 0.000E+00
  3 16.000  -1 0.000E+00 0.000E+00 0.000E+00 0.000E+00 0.000E+00 0.000E+00 0.000E+00 0.000E+00    0 0.000E+00 0.000E+00 0.000E+00
  4 14.000  -1 0.000E+00 0.000E+00 0.000E+00 0.000E+00 0.000E+00 0.000E+00 0.000E+00 0.000E+00    0 0.000E+00 0.000E+00 0.000E+00
  5 12.000   9 1.278E-01 8.065E-01 9.798E-04 0.000E+00 0.000E+00 1.778E-01 0.000E+00 0.000E+00    0 0.000E+00 0.000E+00 0.000E+00
  6 10.000   2 7.132E-01 4.765E+00 1.368E-02 1.930E-04 0.000E+00 1.521E+00 3.643E-05 4.151E-01    2 1.234E-04 0.000E+00 0.000E+00
  7 9.8000   2 9.529E-01 6.168E+00 1.761E-02 1.930E-04 0.000E+00 2.087E+00 3.836E-05 4.444E-01    2 0.000E+00 8.638E-06 0.000E+00
  8 9.6000   4 7.048E-01 4.558E+00 1.280E-02 9.651E-05 0.000E+00 1.594E+00 2.192E-05 1.438E-05    1 2.703E-04 1.477E-07 1.050E-08
  9 9.4000   1 1.934E+00 1.221E+01 3.459E-02 3.893E-04 4.689E+00 4.576E+00 7.847E-05 4.103E-01    4 3.260E-04 3.811E-04 2.056E-04
 10 9.2000   2 1.302E+00 8.146E+00 2.658E-02 1.930E-04 0.000E+00 3.066E+00 4.687E-05 2.575E-05    2 0.000E+00 0.000E+00 0.000E+00
 11 9.0000   1 2.900E+00 1.810E+01 5.716E-02 4.863E-04 7.287E+00 7.106E+00 1.053E-04 8.325E-01    5 3.594E-04 3.928E-04 3.231E-04
 12 8.7999   1 3.932E+00 2.408E+01 7.467E-02 5.831E-04 1.013E+01 9.944E+00 1.296E-04 1.440E+00    6 3.447E-04 3.998E-04 3.769E-04
 13 8.5999   1 4.208E+00 2.579E+01 8.918E-02 5.831E-04 1.228E+01 1.208E+01 1.388E-04 2.842E-04    6 3.939E-04 4.544E-04 4.382E-04
 14 8.3999   1 8.076E+00 5.038E+01 2.486E-01 1.072E-03 3.221E+01 3.185E+01 3.058E-04 1.070E+00   10 5.586E-04 8.669E-04 8.037E-04
 15 8.2000   1 9.695E+00 6.157E+01 3.303E-01 1.171E-03 3.708E+01 3.670E+01 3.569E-04 2.474E+00   11 6.245E-04 9.538E-04 1.089E-03
 16 8.0000   1 1.158E+01 7.446E+01 4.489E-01 1.366E-03 4.612E+01 4.557E+01 4.533E-04 1.801E+00   13 7.073E-04 1.119E-03 1.442E-03
 17 7.8000   2 5.398E+00 3.724E+01 3.109E-01 6.820E-04 0.000E+00 3.052E+01 2.708E-04 1.757E-02    5 1.151E-03 6.473E-05 0.000E+00
 18 7.6000   2 5.640E+00 3.917E+01 3.713E-01 7.785E-04 0.000E+00 3.309E+01 3.150E-04 1.093E+00    5 8.865E-04 3.820E-10 0.000E+00
 19 7.4000   1 6.643E+00 4.614E+01 4.469E-01 8.753E-04 3.738E+01 3.698E+01 3.667E-04 5.897E-01    5 1.222E-03 2.054E-03 8.758E-04
 20 7.2000   1 2.764E+01 1.807E+02 1.691E+00 3.213E-03 1.433E+02 1.416E+02 1.366E-03 5.456E-01   24 1.129E-03 1.934E-03 4.189E-03
 21 7.0000   1 2.315E+01 1.553E+02 1.656E+00 2.434E-03 1.618E+02 1.607E+02 1.029E-03 2.247E+00   15 1.318E-03 2.365E-03 3.251E-03
 22 6.8999   1 2.354E+01 1.592E+02 1.879E+00 2.434E-03 2.191E+02 2.169E+02 1.085E-03 6.044E+00   14 1.432E-03 2.734E-03 3.265E-03
 23 6.7999   1 2.430E+01 1.661E+02 2.175E+00 2.434E-03 2.688E+02 2.652E+02 1.197E-03 6.849E+00   13 1.555E-03 3.457E-03 3.245E-03
 24 6.7000   1 2.922E+01 1.974E+02 2.613E+00 2.926E-03 2.150E+02 2.125E+02 1.553E-03 1.155E+01   16 1.572E-03 3.906E-03 4.132E-03
 25 6.5999   1 1.826E+01 1.295E+02 2.135E+00 1.950E-03 2.033E+02 2.014E+02 1.323E-03 1.363E+01    9 1.970E-03 4.938E-03 2.473E-03
 26 6.5000   1 3.308E+01 2.268E+02 3.550E+00 3.682E-03 3.444E+02 3.411E+02 2.234E-03 2.199E+01   17 1.779E-03 4.609E-03 4.896E-03
 27 6.4000   1 4.096E+01 2.828E+02 4.571E+00 4.695E-03 4.002E+02 3.968E+02 3.125E-03 3.743E+01   20 1.872E-03 4.758E-03 7.114E-03
 28 6.3000   1 4.367E+01 3.031E+02 5.197E+00 5.441E-03 4.733E+02 4.713E+02 3.851E-03 4.646E+01   18 1.976E-03 5.209E-03 7.721E-03
 29 6.2000   1 4.395E+01 3.122E+02 5.939E+00 6.533E-03 4.718E+02 4.677E+02 4.704E-03 6.771E+01   16 2.185E-03 5.989E-03 7.418E-03
 30 6.1000   1 4.520E+01 3.244E+02 6.728E+00 7.905E-03 5.302E+02 5.264E+02 6.049E-03 9.514E+01   17 2.323E-03 6.663E-03 7.332E-03
