  0 63.000  -1 0.000E+00 0.000E+00 0.000E+00 0.000E+00 0.000E+00 0.000E+00 0.000E+00 0.000E+00    0 0.000E+00 0.000E+00 0.000E+00
  1 20.000  -1 0.000E+00 0.000E+00 0.000E+00 0.000E+00 0.000E+00 0.000E+00 0.000E+00 0.000E+00    0 0.000E+00 0.000E+00 0.000E+00
  2 18.000  -1 0.000E+00 0.000E+00 0.000E+00 0.000E+00 0.000E+00 0.000E+00 0.000E+00 0.000E+00    0 0.000E+00 0.000E+00 0.000E+00
  3 16.000  -1 0.000E+00 0.000E+00 0.000E+00 0.000E+00 0.000E+00 0.000E+00 0.000E+00 0.000E+00    0 0.000E+00 0.000E+00 0.000E+00
  4 14.000  -1 0.000E+00 0.000E+00 0.000E+00 0.000E+00 0.000E+00 0.000E+00 0.000E+00 0.000E+00    0 0.000E+00 0.000E+00 0.000E+00
  5 12.000   2 2.703E-01 1.803E+00 7.998E-03 9.753E-05 1.547E+00 1.547E+00 2.103E-05 4.554E-01    1 5.018E-04 4.706E-04 1.814E-05
  6 10.000   1 2.487E+00 1.561E+01 6.617E-02 3.876E-04 9.788E+00 9.571E+00 1.043E-04 5.349E-01    4 4.621E-04 7.222E-04 2.189E-04
  7 9.8000   1 2.416E+00 1.561E+01 7.552E-02 3.876E-04 1.063E+01 1.045E+01 1.112E-04 4.200E-01    4 5.476E-04 7.532E-04 2.619E-04
  8 9.6000   1 1.396E+00 8.821E+00 4.118E-02 1.936E-04 7.512E+00 7.413E+00 4.986E-05 3.987E-04    2 5.187E-04 4.892E-04 1.208E-04
  9 9.4000   1 2.801E+00 1.838E+01 1.105E-01 3.876E-04 1.793E+01 1.776E+01 1.295E-04 1.186E+00    4 6.767E-04 8.766E-04 2.908E-04
 10 9.2000   1 2.891E+00 1.930E+01 1.354E-01 3.876E-04 2.025E+01 2.001E+01 1.381E-04 2.500E+00    3 8.031E-04 9.903E-04 2.903E-04
 11 9.0000   1 2.997E+00 2.030E+01 1.637E-01 3.876E-04 2.472E+01 2.455E+01 1.448E-04 1.514E-02    3 9.343E-04 1.154E-03 2.818E-04
 12 8.7999   1 3.059E+00 2.132E+01 1.979E-01 3.876E-04 2.952E+01 2.927E+01 1.520E-04 8.746E-01    3 1.117E-03 1.324E-03 2.897E-04
 13 8.5999   1 4.791E+00 3.264E+01 3.104E-01 5.820E-04 4.600E+01 4.563E+01 2.355E-04 1.370E+00    5 1.108E-03 1.610E-03 5.649E-04
 14 8.3999   1 5.139E+00 3.515E+01 3.891E-01 5.820E-04 5.032E+01 4.993E+01 2.457E-04 3.446E+00    4 1.307E-03 2.024E-03 6.080E-04
 15 8.2000   1 5.284E+00 3.681E+01 4.710E-01 5.820E-04 4.970E+01 4.937E+01 2.549E-04 5.877E-02    4 1.544E-03 2.513E-03 7.437E-04
 16 8.0000   1 5.225E+00 3.829E+01 5.494E-01 5.820E-04 4.931E+01 4.907E+01 2.647E-04 6.379E-02    4 1.802E-03 2.989E-03 7.648E-04
 17 7.8000   1 5.293E+00 4.084E+01 6.262E-01 5.820E-04 5.451E+01 5.420E+01 2.764E-04 1.337E-01    4 1.988E-03 3.516E-03 8.005E-04
 18 7.6000   1 6.094E+00 4.752E+01 7.780E-01 6.785E-04 9.183E+01 9.151E+01 3.113E-04 2.290E+00    5 1.957E-03 4.062E-03 8.147E-04
 19 7.4000   1 6.273E+00 5.075E+01 9.565E-01 7.713E-04 8.400E+01 8.371E+01 3.284E-04 3.749E-01    5 2.252E-03 4.920E-03 1.057E-03
 20 7.2000   1 6.976E+00 5.718E+01 1.138E+00 8.694E-04 1.066E+02 1.062E+02 3.728E-04 2.186E+00    5 2.245E-03 5.972E-03 1.277E-03
 21 7.0000   1 7.703E+00 6.509E+01 1.412E+00 9.659E-04 1.021E+02 1.013E+02 5.276E-04 8.110E+00    5 2.360E-03 7.095E-03 1.637E-03
 22 6.8999   1 8.873E+00 7.400E+01 1.528E+00 1.160E-03 9.128E+01 9.068E+01 6.444E-04 6.144E+00    6 2.172E-03 7.477E-03 1.796E-03
 23 6.7999   1 9.366E+00 7.768E+01 1.629E+00 1.160E-03 8.016E+01 7.943E+01 7.262E-04 6.005E+00    5 2.071E-03 7.756E-03 1.711E-03
 24 6.7000   1 9.350E+00 7.882E+01 1.716E+00 1.160E-03 8.337E+01 8.253E+01 8.071E-04 5.954E+00    4 2.117E-03 8.075E-03 1.571E-03
 25 6.5999   1 9.918E+00 8.284E+01 1.811E+00 1.264E-03 7.991E+01 7.906E+01 9.068E-04 4.478E+00    5 2.075E-03 8.205E-03 1.612E-03
 26 6.5000   1 1.372E+01 1.119E+02 2.347E+00 1.956E-03 1.461E+02 1.448E+02 1.225E-03 1.151E+01    8 2.079E-03 7.636E-03 2.307E-03
 27 6.4000   1 1.576E+01 1.262E+02 2.613E+00 2.485E-03 2.175E+02 2.161E+02 1.499E-03 1.179E+01   11 1.977E-03 7.750E-03 2.822E-03
 28 6.3000   1 1.642E+01 1.316E+02 2.916E+00 2.767E-03 2.188E+02 2.181E+02 1.757E-03 1.378E+01   11 2.099E-03 8.071E-03 2.942E-03
 29 6.2000   1 1.632E+01 1.344E+02 3.203E+00 2.936E-03 1.905E+02 1.893E+02 2.033E-03 1.382E+01   10 2.314E-03 8.582E-03 3.180E-03
 30 6.1000   1 2.575E+01 1.991E+02 4.042E+00 4.534E-03 2.104E+02 2.087E+02 2.879E-03 1.747E+01   14 1.947E-03 8.098E-03 4.786E-03
