  0 63.000  -1 0.000E+00 0.000E+00 0.000E+00 0.000E+00 0.000E+00 0.000E+00 0.000E+00 0.000E+00    0 0.000E+00 0.000E+00 0.000E+00
  1 20.000  -1 0.000E+00 0.000E+00 0.000E+00 0.000E+00 0.000E+00 0.000E+00 0.000E+00 0.000E+00    0 0.000E+00 0.000E+00 0.000E+00
  2 18.000  -1 0.000E+00 0.000E+00 0.000E+00 0.000E+00 0.000E+00 0.000E+00 0.000E+00 0.000E+00    0 0.000E+00 0.000E+00 0.000E+00
  3 16.000  -1 0.000E+00 0.000E+00 0.000E+00 0.000E+00 0.000E+00 0.000E+00 0.000E+00 0.000E+00    0 0.000E+00 0.000E+00 0.000E+00
  4 14.000  -1 0.000E+00 0.000E+00 0.000E+00 0.000E+00 0.000E+00 0.000E+00 0.000E+00 0.000E+00    0 0.000E+00 0.000E+00 0.000E+00
  5 12.000  -1 0.000E+00 0.000E+00 0.000E+00 0.000E+00 0.000E+00 0.000E+00 0.000E+00 0.000E+00    0 0.000E+00 0.000E+00 0.000E+00
  6 10.000   2 9.127E-01 5.966E+00 2.132E-02 9.745E-05 2.750E+00 2.748E+00 2.151E-05 4.657E-01    1 4.039E-04 6.072E-04 8.012E-05
  7 9.8000   2 1.496E+00 9.689E+00 3.195E-02 1.941E-04 3.803E+00 3.805E+00 4.416E-05 3.234E-05    2 3.770E-04 5.810E-04 1.516E-04
  8 9.6000   2 1.543E+00 9.902E+00 3.650E-02 1.941E-04 4.119E+00 4.105E+00 4.659E-05 1.008E+00    2 4.220E-04 6.123E-04 1.798E-04
  9 9.4000   2 1.727E+00 1.098E+01 4.201E-02 1.941E-04 5.019E+00 5.003E+00 4.870E-05 5.330E-01    2 4.420E-04 6.682E-04 2.078E-04
 10 9.2000   2 1.886E+00 1.204E+01 4.871E-02 1.941E-04 6.389E+00 6.374E+00 5.110E-05 8.660E-05    2 4.746E-04 7.232E-04 2.086E-04
 11 9.0000   2 1.977E+00 1.261E+01 6.053E-02 1.941E-04 1.031E+01 1.026E+01 5.368E-05 4.552E-04    2 5.393E-04 7.928E-04 1.957E-04
 12 8.7999   2 2.167E+00 1.395E+01 7.891E-02 1.941E-04 1.307E+01 1.308E+01 5.644E-05 6.233E-01    2 6.433E-04 8.739E-04 2.256E-04
 13 8.5999   2 2.230E+00 1.461E+01 9.430E-02 1.941E-04 1.396E+01 1.392E+01 6.081E-05 6.823E-01    2 7.746E-04 9.763E-04 2.320E-04
 14 8.3999   2 3.053E+00 2.011E+01 1.266E-01 2.913E-04 1.980E+01 1.975E+01 8.504E-05 6.685E-01    3 7.517E-04 1.011E-03 3.104E-04
 15 8.2000   2 3.412E+00 2.213E+01 1.631E-01 2.910E-04 2.043E+01 2.049E+01 8.966E-05 7.124E-01    3 8.720E-04 1.209E-03 4.113E-04
 16 8.0000   2 4.913E+00 3.209E+01 2.322E-01 4.855E-04 2.465E+01 2.463E+01 1.471E-04 9.415E-04    5 8.739E-04 1.288E-03 6.657E-04
 17 7.8000   2 5.138E+00 3.429E+01 2.895E-01 4.855E-04 3.092E+01 3.089E+01 1.570E-04 1.465E+00    5 1.037E-03 1.475E-03 7.105E-04
 18 7.6000   2 4.087E+00 2.873E+01 3.289E-01 2.910E-04 5.004E+01 5.006E+01 1.067E-04 5.019E-02    1 1.398E-03 2.063E-03 6.123E-04
 19 7.4000   2 5.024E+00 3.609E+01 4.786E-01 3.882E-04 7.443E+01 7.428E+01 1.380E-04 1.284E-01    2 1.631E-03 2.636E-03 9.859E-04
 20 7.2000   2 6.062E+00 4.534E+01 7.188E-01 4.855E-04 8.931E+01 8.933E+01 1.883E-04 1.352E+00    3 1.926E-03 4.196E-03 1.463E-03
 21 7.0000   1 1.397E+01 1.004E+02 1.325E+00 1.357E-03 1.177E+02 1.176E+02 4.999E-04 3.194E+00    9 1.465E-03 4.743E-03 3.019E-03
 22 6.8999   1 1.691E+01 1.214E+02 1.553E+00 1.551E-03 1.209E+02 1.211E+02 6.011E-04 6.062E-01   10 1.376E-03 5.079E-03 3.473E-03
 23 6.7999   1 2.714E+01 2.114E+02 4.180E+00 2.426E-03 2.958E+02 2.962E+02 1.074E-03 8.527E+00   16 1.605E-03 9.647E-03 6.525E-03
 24 6.7000   1 2.814E+01 2.193E+02 4.509E+00 2.483E-03 2.537E+02 2.540E+02 1.214E-03 1.156E+01   15 1.577E-03 1.010E-02 6.668E-03
 25 6.5999   1 2.794E+01 2.200E+02 4.802E+00 2.612E-03 3.691E+02 3.694E+02 1.387E-03 1.533E+01   15 1.619E-03 1.044E-02 7.499E-03
 26 6.5000   1 2.877E+01 2.289E+02 5.480E+00 2.895E-03 4.425E+02 4.419E+02 1.667E-03 2.153E+01   15 1.681E-03 1.078E-02 9.449E-03
 27 6.4000   1 2.635E+01 2.118E+02 5.483E+00 3.132E-03 3.473E+02 3.484E+02 1.942E-03 3.033E+01   15 1.717E-03 1.198E-02 9.319E-03
 28 6.3000   1 3.131E+01 2.513E+02 6.631E+00 4.111E-03 4.673E+02 4.673E+02 2.776E-03 4.650E+01   17 1.954E-03 1.133E-02 1.189E-02
 29 6.2000   1 2.943E+01 2.390E+02 6.871E+00 5.062E-03 6.224E+02 6.233E+02 3.653E-03 6.781E+01   18 1.917E-03 1.253E-02 1.082E-02
 30 6.1000   1 2.970E+01 2.467E+02 7.922E+00 6.211E-03 5.011E+02 5.022E+02 5.072E-03 1.001E+02   14 2.003E-03 1.353E-02 1.138E-02
