10.00 0 2.080E+01 3.320E+00 2.204E-01 3.873E-04
10.00 1 9.054E+00 1.419E+00 6.469E-02 9.756E-05
10.00 2 1.310E+01 2.103E+00 5.430E-02 2.921E-04
10.00 3 5.966E+00 9.127E-01 2.132E-02 9.745E-05
10.00 4 1.282E+01 2.051E+00 7.796E-02 2.923E-04
10.00 5 4.373E+01 5.389E+00 1.574E+00 6.803E-04
10.00 6 2.653E+01 3.597E+00 4.271E-01 3.913E-04
10.00 7 4.105E+00 6.897E-01 1.327E-02 9.941E-05
10.00 8 0.000E+00 0.000E+00 0.000E+00 0.000E+00
10.00 9 3.878E+01 6.469E+00 2.971E-01 6.813E-04
10.00 10 0.000E+00 0.000E+00 0.000E+00 0.000E+00
10.00 11 2.743E+01 4.229E+00 2.340E-01 3.945E-04
10.00 12 1.742E+01 2.718E+00 1.566E-01 1.968E-04
10.00 13 7.254E+00 1.176E+00 2.894E-02 9.758E-05
10.00 14 4.780E+01 7.039E+00 6.981E-01 9.719E-04
10.00 15 2.454E+01 3.905E+00 1.956E-01 3.923E-04
10.00 16 0.000E+00 0.000E+00 0.000E+00 0.000E+00
10.00 17 1.037E+01 1.520E+00 9.158E-02 1.987E-04
10.00 18 0.000E+00 0.000E+00 0.000E+00 0.000E+00
10.00 19 2.410E+01 3.638E+00 2.407E-01 2.947E-04
10.00 20 5.885E+00 7.809E-01 5.643E-02 9.740E-05
10.00 21 1.209E+01 1.973E+00 6.958E-02 1.948E-04
10.00 22 1.855E+01 3.099E+00 8.243E-02 1.940E-04
10.00 23 7.585E+00 1.193E+00 5.298E-02 1.930E-04
10.00 24 4.172E+01 6.718E+00 3.013E-01 8.765E-04
10.00 25 4.765E+00 7.132E-01 1.368E-02 1.930E-04
10.00 26 2.647E+01 3.919E+00 2.691E-01 4.860E-04
10.00 27 1.561E+01 2.487E+00 6.617E-02 3.876E-04
10.00 28 4.060E+01 5.063E+00 9.495E-01 4.867E-04
10.00 29 3.831E+00 6.052E-01 1.261E-02 9.728E-05
9.80 0 2.213E+01 3.489E+00 2.998E-01 3.873E-04
9.80 1 1.416E+01 2.173E+00 1.040E-01 1.952E-04
9.80 2 2.165E+01 3.516E+00 8.749E-02 4.879E-04
9.80 3 9.689E+00 1.496E+00 3.195E-02 1.941E-04
9.80 4 1.354E+01 2.143E+00 9.387E-02 2.923E-04
9.80 5 4.580E+01 5.181E+00 1.916E+00 6.803E-04
9.80 6 2.526E+01 3.278E+00 4.678E-01 2.923E-04
9.80 7 4.297E+00 7.204E-01 1.491E-02 9.941E-05
9.80 8 3.709E+00 6.091E-01 1.036E-02 9.653E-05
9.80 9 5.127E+01 8.593E+00 3.911E-01 9.727E-04
9.80 10 0.000E+00 0.000E+00 0.000E+00 0.000E+00
9.80 11 2.934E+01 4.459E+00 2.857E-01 3.945E-04
9.80 12 1.947E+01 2.973E+00 1.960E-01 1.968E-04
9.80 13 8.855E+00 1.441E+00 3.499E-02 9.758E-05
9.80 14 7.578E+01 1.184E+01 8.674E-01 1.362E-03
9.80 15 2.643E+01 4.140E+00 2.315E-01 3.923E-04
9.80 16 0.000E+00 0.000E+00 0.000E+00 0.000E+00
9.80 17 1.186E+01 1.813E+00 1.008E-01 1.987E-04
9.80 18 0.000E+00 0.000E+00 0.000E+00 0.000E+00
9.80 19 2.632E+01 3.973E+00 2.689E-01 2.947E-04
9.80 20 5.554E+00 6.782E-01 6.297E-02 9.740E-05
9.80 21 1.273E+01 2.053E+00 7.951E-02 1.948E-04
9.80 22 2.481E+01 4.098E+00 1.104E-01 2.918E-04
9.80 23 8.522E+00 1.348E+00 6.217E-02 1.930E-04
9.80 24 4.914E+01 7.880E+00 3.938E-01 9.742E-04
9.80 25 6.168E+00 9.529E-01 1.761E-02 1.930E-04
9.80 26 2.824E+01 4.104E+00 3.108E-01 4.860E-04
9.80 27 1.561E+01 2.416E+00 7.552E-02 3.876E-04
9.80 28 4.279E+01 5.224E+00 1.055E+00 4.867E-04
9.80 29 4.401E+00 7.034E-01 1.555E-02 9.728E-05
9.60 0 3.668E+01 5.697E+00 4.914E-01 5.824E-04
9.60 1 1.604E+01 2.423E+00 1.264E-01 1.952E-04
9.60 2 2.273E+01 3.692E+00 9.826E-02 4.879E-04
9.60 3 9.902E+00 1.543E+00 3.650E-02 1.941E-04
9.60 4 1.548E+01 2.403E+00 1.149E-01 2.923E-04
9.60 5 4.832E+01 4.943E+00 2.448E+00 6.803E-04
9.60 6 3.007E+01 4.028E+00 5.317E-01 3.913E-04
9.60 7 4.521E+00 7.653E-01 1.730E-02 9.941E-05
9.60 8 4.611E+00 7.546E-01 1.332E-02 9.653E-05
9.60 9 5.437E+01 9.032E+00 4.599E-01 9.727E-04
9.60 10 0.000E+00 0.000E+00 0.000E+00 0.000E+00
9.60 11 3.215E+01 4.826E+00 3.417E-01 3.945E-04
9.60 12 2.144E+01 3.170E+00 2.365E-01 1.968E-04
9.60 13 9.589E+00 1.554E+00 4.239E-02 9.758E-05
9.60 14 5.358E+01 7.761E+00 8.287E-01 1.069E-03
9.60 15 4.357E+01 6.757E+00 3.904E-01 5.857E-04
9.60 16 0.000E+00 0.000E+00 0.000E+00 0.000E+00
9.60 17 1.409E+01 2.136E+00 1.163E-01 1.987E-04
9.60 18 0.000E+00 0.000E+00 0.000E+00 0.000E+00
9.60 19 2.900E+01 4.342E+00 3.025E-01 2.947E-04
9.60 20 9.399E+00 1.301E+00 7.621E-02 9.740E-05
9.60 21 1.382E+01 2.197E+00 8.977E-02 1.948E-04
9.60 22 2.659E+01 4.392E+00 1.301E-01 2.918E-04
9.60 23 9.640E+00 1.510E+00 6.885E-02 1.930E-04
9.60 24 5.433E+01 8.577E+00 5.045E-01 1.071E-03
9.60 25 4.558E+00 7.048E-01 1.280E-02 9.651E-05
9.60 26 3.100E+01 4.445E+00 3.549E-01 4.860E-04
9.60 27 8.821E+00 1.396E+00 4.118E-02 1.936E-04
9.60 28 5.259E+01 6.504E+00 1.177E+00 5.833E-04
9.60 29 5.685E+00 9.075E-01 2.228E-02 9.728E-05
9.40 0 3.758E+01 5.584E+00 6.048E-01 5.824E-04
9.40 1 1.650E+01 2.405E+00 1.511E-01 1.952E-04
9.40 2 3.688E+01 6.007E+00 1.966E-01 7.824E-04
9.40 3 1.098E+01 1.727E+00 4.201E-02 1.941E-04
9.40 4 1.689E+01 2.545E+00 1.317E-01 2.923E-04
9.40 5 5.244E+01 4.813E+00 3.029E+00 9.005E-04
9.40 6 4.576E+01 6.472E+00 6.585E-01 7.803E-04
9.40 7 7.897E+00 1.305E+00 3.363E-02 1.959E-04
9.40 8 9.613E+00 1.528E+00 3.371E-02 2.908E-04
9.40 9 5.581E+01 9.074E+00 5.497E-01 9.727E-04
9.40 10 0.000E+00 0.000E+00 0.000E+00 0.000E+00
9.40 11 3.262E+01 4.787E+00 4.089E-01 3.945E-04
9.40 12 2.528E+01 3.629E+00 2.911E-01 2.944E-04
9.40 13 1.023E+01 1.637E+00 5.007E-02 9.758E-05
9.40 14 1.009E+02 1.480E+01 1.358E+00 1.653E-03
9.40 15 4.683E+01 7.015E+00 5.389E-01 5.857E-04
9.40 16 0.000E+00 0.000E+00 0.000E+00 0.000E+00
9.40 17 2.414E+01 3.757E+00 1.521E-01 3.922E-04
9.40 18 0.000E+00 0.000E+00 0.000E+00 0.000E+00
9.40 19 2.989E+01 4.463E+00 3.351E-01 2.947E-04
9.40 20 1.547E+01 2.226E+00 1.087E-01 2.911E-04
9.40 21 1.563E+01 2.507E+00 1.025E-01 1.948E-04
9.40 22 2.888E+01 4.685E+00 1.599E-01 2.918E-04
9.40 23 1.275E+01 1.968E+00 9.313E-02 2.900E-04
9.40 24 5.852E+01 8.968E+00 6.787E-01 1.071E-03
9.40 25 1.221E+01 1.934E+00 3.459E-02 3.893E-04
9.40 26 3.251E+01 4.555E+00 4.046E-01 4.860E-04
9.40 27 1.838E+01 2.801E+00 1.105E-01 3.876E-04
9.40 28 5.581E+01 6.812E+00 1.301E+00 6.800E-04
9.40 29 6.329E+00 1.003E+00 3.055E-02 9.728E-05
9.20 0 4.055E+01 5.732E+00 7.344E-01 5.824E-04
9.20 1 1.766E+01 2.546E+00 1.835E-01 1.952E-04
9.20 2 3.273E+01 5.402E+00 1.603E-01 5.870E-04
9.20 3 1.204E+01 1.886E+00 4.871E-02 1.941E-04
9.20 4 2.912E+01 4.397E+00 2.461E-01 5.889E-04
9.20 5 5.580E+01 4.581E+00 3.638E+00 1.111E-03
9.20 6 4.244E+01 5.863E+00 7.153E-01 6.828E-04
9.20 7 8.189E+00 1.341E+00 3.624E-02 1.959E-04
9.20 8 7.932E+00 1.255E+00 2.930E-02 1.940E-04
9.20 9 6.217E+01 1.000E+01 6.675E-01 1.070E-03
9.20 10 0.000E+00 0.000E+00 0.000E+00 0.000E+00
9.20 11 3.471E+01 4.943E+00 5.336E-01 3.945E-04
9.20 12 2.760E+01 3.913E+00 3.477E-01 2.944E-04
9.20 13 1.083E+01 1.703E+00 6.643E-02 1.948E-04
9.20 14 1.376E+02 2.086E+01 1.672E+00 2.044E-03
9.20 15 5.042E+01 7.259E+00 7.422E-01 5.857E-04
9.20 16 0.000E+00 0.000E+00 0.000E+00 0.000E+00
9.20 17 3.077E+01 4.813E+00 1.922E-01 4.889E-04
9.20 18 0.000E+00 0.000E+00 0.000E+00 0.000E+00
9.20 19 4.750E+01 7.264E+00 4.766E-01 7.820E-04
9.20 20 2.894E+01 4.353E+00 1.891E-01 5.819E-04
9.20 21 1.822E+01 2.895E+00 1.199E-01 2.916E-04
9.20 22 3.047E+01 4.915E+00 2.033E-01 2.918E-04
9.20 23 1.395E+01 2.134E+00 1.088E-01 2.900E-04
9.20 24 6.883E+01 9.917E+00 1.330E+00 1.364E-03
9.20 25 8.146E+00 1.302E+00 2.658E-02 1.930E-04
9.20 26 3.449E+01 4.725E+00 4.603E-01 4.860E-04
9.20 27 1.930E+01 2.891E+00 1.354E-01 3.876E-04
9.20 28 5.337E+01 6.036E+00 1.499E+00 7.445E-04
9.20 29 7.296E+00 1.163E+00 4.006E-02 9.728E-05
9.00 0 6.969E+01 9.800E+00 1.311E+00 9.726E-04
9.00 1 1.949E+01 2.753E+00 2.261E-01 1.952E-04
9.00 2 3.578E+01 5.907E+00 1.918E-01 6.839E-04
9.00 3 1.261E+01 1.977E+00 6.053E-02 1.941E-04
9.00 4 5.770E+01 8.815E+00 5.195E-01 9.773E-04
9.00 5 6.942E+01 5.884E+00 4.468E+00 1.536E-03
9.00 6 4.701E+01 6.446E+00 8.098E-01 6.828E-04
9.00 7 8.568E+00 1.380E+00 4.050E-02 1.959E-04
9.00 8 1.448E+01 2.277E+00 5.479E-02 3.883E-04
9.00 9 6.457E+01 1.023E+01 8.054E-01 1.070E-03
9.00 10 0.000E+00 0.000E+00 0.000E+00 0.000E+00
9.00 11 3.596E+01 4.829E+00 6.867E-01 3.945E-04
9.00 12 2.987E+01 4.082E+00 4.465E-01 2.944E-04
9.00 13 1.288E+01 1.978E+00 9.168E-02 1.948E-04
9.00 14 1.424E+02 2.175E+01 1.869E+00 2.044E-03
9.00 15 5.263E+01 7.048E+00 9.049E-01 5.857E-04
9.00 16 0.000E+00 0.000E+00 0.000E+00 0.000E+00
9.00 17 3.318E+01 5.183E+00 2.204E-01 4.889E-04
9.00 18 0.000E+00 0.000E+00 0.000E+00 0.000E+00
9.00 19 5.694E+01 8.558E+00 6.163E-01 7.808E-04
9.00 20 2.585E+01 3.961E+00 1.711E-01 4.852E-04
9.00 21 1.917E+01 3.047E+00 1.362E-01 2.916E-04
9.00 22 3.275E+01 5.197E+00 2.484E-01 2.918E-04
9.00 23 1.455E+01 2.156E+00 1.260E-01 2.900E-04
9.00 24 7.494E+01 9.309E+00 2.624E+00 1.461E-03
9.00 25 1.810E+01 2.900E+00 5.716E-02 4.863E-04
9.00 26 3.879E+01 5.246E+00 5.309E-01 4.860E-04
9.00 27 2.030E+01 2.997E+00 1.637E-01 3.876E-04
9.00 28 5.799E+01 6.431E+00 1.687E+00 8.410E-04
9.00 29 1.327E+01 2.045E+00 8.093E-02 1.958E-04
8.80 0 1.118E+02 1.603E+01 1.758E+00 1.653E-03
8.80 1 2.185E+01 3.034E+00 2.917E-01 1.952E-04
8.80 2 3.791E+01 6.186E+00 2.310E-01 7.805E-04
8.80 3 1.395E+01 2.167E+00 7.891E-02 1.941E-04
8.80 4 5.129E+01 7.656E+00 5.327E-01 7.819E-04
8.80 5 7.430E+01 6.041E+00 5.045E+00 2.192E-03
8.80 6 6.819E+01 9.806E+00 9.954E-01 1.071E-03
8.80 7 9.505E+00 1.572E+00 4.794E-02 1.959E-04
8.80 8 1.586E+01 2.520E+00 6.285E-02 3.883E-04
8.80 9 6.354E+01 9.760E+00 9.296E-01 9.727E-04
8.80 10 0.000E+00 0.000E+00 0.000E+00 0.000E+00
8.80 11 4.271E+01 5.656E+00 9.362E-01 4.913E-04
8.80 12 3.224E+01 4.144E+00 5.753E-01 2.944E-04
8.80 13 1.785E+01 2.789E+00 1.210E-01 2.928E-04
8.80 14 1.049E+02 1.571E+01 1.385E+00 1.655E-03
8.80 15 8.400E+01 1.159E+01 1.275E+00 1.075E-03
8.80 16 0.000E+00 0.000E+00 0.000E+00 0.000E+00
8.80 17 3.703E+01 5.845E+00 2.561E-01 4.889E-04
8.80 18 0.000E+00 0.000E+00 0.000E+00 0.000E+00
8.80 19 6.134E+01 9.273E+00 6.958E-01 7.808E-04
8.80 20 3.333E+01 5.027E+00 2.563E-01 5.819E-04
8.80 21 2.002E+01 3.198E+00 1.589E-01 2.916E-04
8.80 22 3.649E+01 5.656E+00 3.124E-01 2.918E-04
8.80 23 1.565E+01 2.300E+00 1.530E-01 2.900E-04
8.80 24 8.494E+01 9.794E+00 3.081E+00 1.655E-03
8.80 25 2.408E+01 3.932E+00 7.467E-02 5.831E-04
8.80 26 4.558E+01 6.144E+00 6.099E-01 6.797E-04
8.80 27 2.132E+01 3.059E+00 1.979E-01 3.876E-04
8.80 28 6.696E+01 7.474E+00 1.974E+00 1.126E-03
8.80 29 1.474E+01 2.331E+00 7.946E-02 3.894E-04
8.60 0 6.956E+01 9.459E+00 1.365E+00 1.067E-03
8.60 1 2.695E+01 3.797E+00 3.652E-01 1.952E-04
8.60 2 4.106E+01 6.669E+00 2.815E-01 7.805E-04
8.60 3 1.461E+01 2.230E+00 9.430E-02 1.941E-04
8.60 4 5.367E+01 7.773E+00 6.408E-01 7.819E-04
8.60 5 7.955E+01 6.519E+00 5.426E+00 3.046E-03
8.60 6 7.030E+01 9.951E+00 1.115E+00 1.071E-03
8.60 7 1.717E+01 2.897E+00 9.411E-02 3.935E-04
8.60 8 1.737E+01 2.807E+00 7.618E-02 3.883E-04
8.60 9 7.572E+01 1.146E+01 1.133E+00 1.263E-03
8.60 10 0.000E+00 0.000E+00 0.000E+00 0.000E+00
8.60 11 4.503E+01 5.705E+00 1.246E+00 5.878E-04
8.60 12 3.677E+01 4.541E+00 7.029E-01 2.944E-04
8.60 13 1.850E+01 2.870E+00 1.513E-01 2.928E-04
8.60 14 1.637E+02 2.373E+01 2.500E+00 2.141E-03
8.60 15 9.197E+01 1.207E+01 1.741E+00 1.288E-03
8.60 16 0.000E+00 0.000E+00 0.000E+00 0.000E+00
8.60 17 4.269E+01 6.816E+00 3.062E-01 5.857E-04
8.60 18 6.864E+00 9.719E-01 4.839E-02 9.837E-05
8.60 19 6.633E+01 1.013E+01 8.172E-01 7.808E-04
8.60 20 3.131E+01 4.689E+00 2.655E-01 4.848E-04
8.60 21 2.233E+01 3.517E+00 1.901E-01 3.887E-04
8.60 22 3.827E+01 5.880E+00 3.842E-01 2.918E-04
8.60 23 1.711E+01 2.468E+00 1.786E-01 2.900E-04
8.60 24 9.141E+01 9.993E+00 3.370E+00 1.655E-03
8.60 25 2.579E+01 4.208E+00 8.918E-02 5.831E-04
8.60 26 4.651E+01 6.284E+00 6.481E-01 6.807E-04
8.60 27 3.264E+01 4.791E+00 3.104E-01 5.820E-04
8.60 28 7.026E+01 7.434E+00 2.278E+00 1.360E-03
8.60 29 2.153E+01 3.312E+00 1.333E-01 4.879E-04
8.40 0 1.314E+02 1.831E+01 2.289E+00 1.750E-03
8.40 1 4.924E+01 7.007E+00 6.530E-01 2.922E-04
8.40 2 4.358E+01 7.074E+00 3.556E-01 7.805E-04
8.40 3 2.011E+01 3.053E+00 1.266E-01 2.913E-04
8.40 4 6.338E+01 9.031E+00 8.604E-01 8.808E-04
8.40 5 6.925E+01 4.739E+00 5.601E+00 3.847E-03
8.40 6 7.263E+01 1.003E+01 1.244E+00 1.168E-03
8.40 7 2.083E+01 3.494E+00 1.297E-01 4.919E-04
8.40 8 2.128E+01 3.545E+00 9.515E-02 4.849E-04
8.40 9 7.789E+01 1.140E+01 1.388E+00 1.166E-03
8.40 10 0.000E+00 0.000E+00 0.000E+00 0.000E+00
8.40 11 5.343E+01 6.686E+00 1.518E+00 7.824E-04
8.40 12 4.340E+01 5.400E+00 8.270E-01 3.909E-04
8.40 13 1.969E+01 2.862E+00 2.158E-01 3.946E-04
8.40 14 1.685E+02 2.402E+01 2.879E+00 2.239E-03
8.40 15 8.339E+01 9.957E+00 1.925E+00 1.469E-03
8.40 16 0.000E+00 0.000E+00 0.000E+00 0.000E+00
8.40 17 6.498E+01 1.015E+01 4.819E-01 8.764E-04
8.40 18 1.315E+01 1.944E+00 9.067E-02 1.955E-04
8.40 19 7.445E+01 1.121E+01 1.119E+00 9.740E-04
8.40 20 4.271E+01 6.441E+00 3.246E-01 6.811E-04
8.40 21 2.268E+01 3.456E+00 2.448E-01 2.916E-04
8.40 22 4.082E+01 6.113E+00 4.805E-01 2.918E-04
8.40 23 1.857E+01 2.599E+00 2.118E-01 2.900E-04
8.40 24 1.007E+02 1.083E+01 3.776E+00 1.754E-03
8.40 25 5.038E+01 8.076E+00 2.486E-01 1.072E-03
8.40 26 4.764E+01 6.351E+00 7.158E-01 6.807E-04
8.40 27 3.515E+01 5.139E+00 3.891E-01 5.820E-04
8.40 28 8.049E+01 8.734E+00 2.461E+00 1.872E-03
8.40 29 2.346E+01 3.550E+00 1.593E-01 4.879E-04
8.20 0 8.139E+01 1.076E+01 1.746E+00 1.464E-03
8.20 1 5.741E+01 8.141E+00 8.404E-01 4.860E-04
8.20 2 5.614E+01 8.944E+00 5.065E-01 9.751E-04
8.20 3 2.213E+01 3.412E+00 1.631E-01 2.910E-04
8.20 4 7.029E+01 9.955E+00 1.027E+00 9.793E-04
8.20 5 8.888E+01 7.436E+00 6.059E+00 6.050E-03
8.20 6 7.734E+01 1.046E+01 1.544E+00 1.264E-03
8.20 7 1.997E+01 3.295E+00 1.675E-01 3.935E-04
8.20 8 2.303E+01 3.816E+00 1.139E-01 4.849E-04
8.20 9 7.811E+01 1.066E+01 1.724E+00 1.262E-03
8.20 10 0.000E+00 0.000E+00 0.000E+00 0.000E+00
8.20 11 8.207E+01 1.073E+01 2.099E+00 1.268E-03
8.20 12 4.921E+01 6.137E+00 9.413E-01 4.896E-04
8.20 13 2.342E+01 3.306E+00 2.676E-01 3.946E-04
8.20 14 9.868E+01 1.384E+01 2.156E+00 1.567E-03
8.20 15 9.156E+01 1.076E+01 2.142E+00 1.932E-03
8.20 16 0.000E+00 0.000E+00 0.000E+00 0.000E+00
8.20 17 8.088E+01 1.255E+01 6.515E-01 1.074E-03
8.20 18 8.360E+00 1.210E+00 7.601E-02 9.837E-05
8.20 19 8.336E+01 1.227E+01 1.701E+00 9.740E-04
8.20 20 4.880E+01 7.546E+00 3.936E-01 6.801E-04
8.20 21 2.363E+01 3.429E+00 3.349E-01 2.916E-04
8.20 22 4.639E+01 6.757E+00 6.369E-01 3.934E-04
8.20 23 1.980E+01 2.740E+00 2.532E-01 2.900E-04
8.20 24 1.059E+02 1.082E+01 4.340E+00 2.458E-03
8.20 25 6.157E+01 9.695E+00 3.303E-01 1.171E-03
8.20 26 5.473E+01 7.361E+00 8.177E-01 7.774E-04
8.20 27 3.681E+01 5.284E+00 4.710E-01 5.820E-04
8.20 28 9.085E+01 9.790E+00 2.853E+00 2.375E-03
8.20 29 2.554E+01 3.855E+00 1.845E-01 4.879E-04
8.00 0 1.621E+02 2.195E+01 3.114E+00 2.492E-03
8.00 1 1.127E+02 1.674E+01 1.692E+00 1.266E-03
8.00 2 6.644E+01 1.033E+01 6.453E-01 1.072E-03
8.00 3 3.209E+01 4.913E+00 2.322E-01 4.855E-04
8.00 4 7.556E+01 1.051E+01 1.227E+00 9.793E-04
8.00 5 1.165E+02 1.168E+01 6.482E+00 9.387E-03
8.00 6 9.637E+01 1.292E+01 2.134E+00 1.362E-03
8.00 7 2.381E+01 3.773E+00 2.332E-01 4.919E-04
8.00 8 1.663E+01 2.773E+00 9.118E-02 3.870E-04
8.00 9 8.357E+01 1.079E+01 2.124E+00 1.262E-03
8.00 10 0.000E+00 0.000E+00 0.000E+00 0.000E+00
8.00 11 6.629E+01 7.789E+00 2.139E+00 1.108E-03
8.00 12 5.340E+01 6.517E+00 1.097E+00 4.896E-04
8.00 13 2.591E+01 3.604E+00 3.264E-01 3.946E-04
8.00 14 2.337E+02 3.195E+01 5.596E+00 3.650E-03
8.00 15 9.887E+01 1.157E+01 2.331E+00 2.528E-03
8.00 16 0.000E+00 0.000E+00 0.000E+00 0.000E+00
8.00 17 9.102E+01 1.408E+01 8.106E-01 1.268E-03
8.00 18 1.630E+01 2.335E+00 1.407E-01 1.955E-04
8.00 19 9.220E+01 1.278E+01 2.202E+00 9.740E-04
8.00 20 5.967E+01 9.259E+00 4.917E-01 8.751E-04
8.00 21 2.596E+01 3.426E+00 4.779E-01 2.916E-04
8.00 22 4.977E+01 6.818E+00 8.730E-01 3.934E-04
8.00 23 2.566E+01 3.584E+00 3.102E-01 4.847E-04
8.00 24 1.148E+02 1.122E+01 4.953E+00 3.652E-03
8.00 25 7.446E+01 1.158E+01 4.489E-01 1.366E-03
8.00 26 5.763E+01 7.539E+00 9.326E-01 7.774E-04
8.00 27 3.829E+01 5.225E+00 5.494E-01 5.820E-04
8.00 28 1.031E+02 1.150E+01 3.152E+00 3.537E-03
8.00 29 2.736E+01 4.093E+00 2.138E-01 4.879E-04
7.80 0 1.766E+02 2.336E+01 3.708E+00 3.109E-03
7.80 1 1.225E+02 1.803E+01 1.932E+00 1.559E-03
7.80 2 1.617E+02 2.513E+01 1.831E+00 2.446E-03
7.80 3 3.429E+01 5.138E+00 2.895E-01 4.855E-04
7.80 4 8.427E+01 1.163E+01 1.492E+00 1.077E-03
7.80 5 1.463E+02 1.523E+01 7.244E+00 1.436E-02
7.80 6 8.888E+01 1.067E+01 2.972E+00 1.264E-03
7.80 7 3.258E+01 4.953E+00 3.227E-01 6.852E-04
7.80 8 4.583E+01 7.588E+00 2.297E-01 8.771E-04
7.80 9 9.228E+01 1.143E+01 2.524E+00 1.359E-03
7.80 10 0.000E+00 0.000E+00 0.000E+00 0.000E+00
7.80 11 7.238E+01 8.229E+00 2.544E+00 1.708E-03
7.80 12 7.209E+01 9.187E+00 1.292E+00 8.846E-04
7.80 13 3.430E+01 4.817E+00 4.126E-01 5.897E-04
7.80 14 2.284E+02 3.120E+01 5.815E+00 4.502E-03
7.80 15 1.611E+02 2.087E+01 3.042E+00 4.674E-03
7.80 16 0.000E+00 0.000E+00 0.000E+00 0.000E+00
7.80 17 1.192E+02 1.819E+01 1.236E+00 1.559E-03
7.80 18 2.854E+01 4.171E+00 2.266E-01 2.927E-04
7.80 19 1.368E+02 1.969E+01 2.686E+00 1.558E-03
7.80 20 7.407E+01 1.145E+01 6.943E-01 9.723E-04
7.80 21 3.229E+01 3.952E+00 7.451E-01 4.855E-04
7.80 22 5.445E+01 6.973E+00 1.168E+00 4.943E-04
7.80 23 2.750E+01 3.788E+00 3.649E-01 4.847E-04
7.80 24 1.339E+02 1.316E+01 5.625E+00 5.817E-03
7.80 25 3.724E+01 5.398E+00 3.109E-01 6.820E-04
7.80 26 6.037E+01 7.556E+00 1.099E+00 7.774E-04
7.80 27 4.084E+01 5.293E+00 6.262E-01 5.820E-04
7.80 28 1.075E+02 1.168E+01 3.415E+00 5.172E-03
7.80 29 3.011E+01 4.514E+00 2.557E-01 4.879E-04
7.60 0 1.987E+02 2.606E+01 4.369E+00 4.350E-03
7.60 1 1.269E+02 1.840E+01 2.270E+00 1.558E-03
7.60 2 2.076E+02 3.184E+01 2.760E+00 3.029E-03
7.60 3 2.873E+01 4.087E+00 3.289E-01 2.910E-04
7.60 4 1.143E+02 1.569E+01 2.075E+00 1.662E-03
7.60 5 1.684E+02 1.748E+01 8.079E+00 1.896E-02
7.60 6 9.312E+01 1.047E+01 3.371E+00 1.395E-03
7.60 7 3.998E+01 6.037E+00 3.993E-01 7.872E-04
7.60 8 8.236E+01 1.309E+01 6.405E-01 1.267E-03
7.60 9 9.804E+01 1.135E+01 3.003E+00 1.359E-03
7.60 10 0.000E+00 0.000E+00 0.000E+00 0.000E+00
7.60 11 1.344E+02 1.759E+01 3.703E+00 3.211E-03
7.60 12 1.209E+02 1.677E+01 1.826E+00 1.272E-03
7.60 13 3.804E+01 5.246E+00 5.320E-01 5.897E-04
7.60 14 2.950E+02 4.019E+01 7.667E+00 6.944E-03
7.60 15 1.910E+02 2.511E+01 3.431E+00 6.398E-03
7.60 16 0.000E+00 0.000E+00 0.000E+00 0.000E+00
7.60 17 1.243E+02 1.853E+01 1.612E+00 1.559E-03
7.60 18 3.204E+01 4.683E+00 2.828E-01 3.908E-04
7.60 19 1.473E+02 2.044E+01 3.556E+00 1.765E-03
7.60 20 7.364E+01 1.081E+01 1.141E+00 9.716E-04
7.60 21 3.585E+01 3.989E+00 9.098E-01 5.826E-04
7.60 22 5.862E+01 7.032E+00 1.538E+00 6.350E-04
7.60 23 3.295E+01 4.556E+00 4.418E-01 5.813E-04
7.60 24 1.448E+02 1.386E+01 6.193E+00 8.682E-03
7.60 25 3.917E+01 5.640E+00 3.713E-01 7.785E-04
7.60 26 6.812E+01 8.486E+00 1.259E+00 9.719E-04
7.60 27 4.752E+01 6.094E+00 7.780E-01 6.785E-04
7.60 28 1.210E+02 1.317E+01 3.985E+00 8.375E-03
7.60 29 3.535E+01 5.167E+00 3.323E-01 5.854E-04
7.40 0 2.105E+02 2.702E+01 4.846E+00 5.308E-03
7.40 1 1.398E+02 1.999E+01 2.632E+00 1.656E-03
7.40 2 3.013E+02 4.696E+01 3.964E+00 4.588E-03
7.40 3 3.609E+01 5.024E+00 4.786E-01 3.882E-04
7.40 4 1.246E+02 1.701E+01 2.643E+00 1.759E-03
7.40 5 2.022E+02 2.188E+01 8.781E+00 2.144E-02
7.40 6 9.429E+01 9.653E+00 3.650E+00 1.959E-03
7.40 7 6.635E+01 1.020E+01 5.805E-01 1.368E-03
7.40 8 1.284E+02 2.058E+01 9.551E-01 2.146E-03
7.40 9 1.116E+02 1.249E+01 3.741E+00 1.555E-03
7.40 10 0.000E+00 0.000E+00 0.000E+00 0.000E+00
7.40 11 1.482E+02 1.859E+01 4.319E+00 4.859E-03
7.40 12 1.322E+02 1.834E+01 2.137E+00 1.371E-03
7.40 13 4.136E+01 5.523E+00 7.490E-01 5.897E-04
7.40 14 4.534E+02 6.459E+01 1.012E+01 1.201E-02
7.40 15 1.938E+02 2.507E+01 3.683E+00 8.680E-03
7.40 16 1.258E+01 1.931E+00 9.633E-02 1.009E-04
7.40 17 1.089E+02 1.517E+01 1.865E+00 1.171E-03
7.40 18 4.370E+01 6.471E+00 3.878E-01 6.812E-04
7.40 19 1.621E+02 2.060E+01 4.784E+00 2.565E-03
7.40 20 1.724E+02 2.516E+01 2.473E+00 2.625E-03
7.40 21 3.879E+01 4.025E+00 1.051E+00 5.826E-04
7.40 22 6.268E+01 6.667E+00 1.894E+00 8.467E-04
7.40 23 3.580E+01 4.831E+00 5.417E-01 5.813E-04
7.40 24 1.525E+02 1.311E+01 6.862E+00 1.361E-02
7.40 25 4.614E+01 6.643E+00 4.469E-01 8.753E-04
7.40 26 8.693E+01 1.103E+01 1.570E+00 1.170E-03
7.40 27 5.075E+01 6.273E+00 9.565E-01 7.713E-04
7.40 28 1.352E+02 1.448E+01 4.558E+00 1.291E-02
7.40 29 3.961E+01 5.656E+00 4.061E-01 6.820E-04
7.20 0 2.351E+02 3.020E+01 5.533E+00 6.610E-03
7.20 1 1.700E+02 2.369E+01 3.554E+00 1.988E-03
7.20 2 1.847E+02 2.950E+01 2.231E+00 2.643E-03
7.20 3 4.534E+01 6.062E+00 7.188E-01 4.855E-04
7.20 4 1.548E+02 2.111E+01 3.464E+00 2.442E-03
7.20 5 2.240E+02 2.390E+01 9.777E+00 2.569E-02
7.20 6 1.491E+02 1.729E+01 4.763E+00 3.952E-03
7.20 7 8.692E+01 1.332E+01 7.581E-01 1.759E-03
7.20 8 1.358E+02 2.201E+01 1.115E+00 2.337E-03
7.20 9 1.193E+02 1.278E+01 4.291E+00 1.776E-03
7.20 10 0.000E+00 0.000E+00 0.000E+00 0.000E+00
7.20 11 2.079E+02 2.745E+01 5.064E+00 8.318E-03
7.20 12 1.402E+02 1.914E+01 2.763E+00 1.371E-03
7.20 13 4.248E+01 5.404E+00 8.913E-01 5.897E-04
7.20 14 4.615E+02 6.443E+01 1.162E+01 1.663E-02
7.20 15 2.449E+02 3.230E+01 4.444E+00 1.220E-02
7.20 16 2.600E+01 3.947E+00 2.050E-01 3.921E-04
7.20 17 9.655E+01 1.312E+01 1.950E+00 1.260E-03
7.20 18 4.767E+01 6.891E+00 4.815E-01 6.824E-04
7.20 19 1.704E+02 1.998E+01 5.557E+00 3.748E-03
7.20 20 2.081E+02 3.042E+01 3.327E+00 3.339E-03
7.20 21 1.323E+02 1.703E+01 2.426E+00 2.342E-03
7.20 22 6.845E+01 6.906E+00 2.232E+00 1.309E-03
7.20 23 4.344E+01 5.956E+00 6.847E-01 6.807E-04
7.20 24 1.620E+02 1.352E+01 7.458E+00 2.251E-02
7.20 25 1.807E+02 2.764E+01 1.691E+00 3.213E-03
7.20 26 9.375E+01 1.174E+01 2.035E+00 1.291E-03
7.20 27 5.718E+01 6.976E+00 1.138E+00 8.694E-04
7.20 28 1.476E+02 1.535E+01 5.194E+00 2.123E-02
7.20 29 6.000E+01 8.716E+00 6.066E-01 1.078E-03
7.00 0 2.229E+02 2.841E+01 5.970E+00 7.275E-03
7.00 1 2.257E+02 3.111E+01 4.824E+00 2.869E-03
7.00 2 2.727E+02 4.171E+01 4.666E+00 4.265E-03
7.00 3 1.004E+02 1.397E+01 1.325E+00 1.357E-03
7.00 4 2.047E+02 2.639E+01 6.017E+00 2.930E-03
7.00 5 2.390E+02 2.552E+01 1.040E+01 4.275E-02
7.00 6 1.122E+02 1.043E+01 5.721E+00 4.679E-03
7.00 7 1.232E+02 1.902E+01 1.090E+00 2.447E-03
7.00 8 2.357E+02 3.783E+01 2.505E+00 3.801E-03
7.00 9 1.315E+02 1.332E+01 5.133E+00 2.546E-03
7.00 10 2.103E+01 2.738E+00 3.481E-01 3.896E-04
7.00 11 2.351E+02 3.007E+01 5.846E+00 1.302E-02
7.00 12 1.534E+02 2.015E+01 3.611E+00 1.467E-03
7.00 13 1.135E+02 1.450E+01 2.122E+00 1.372E-03
7.00 14 4.933E+02 6.530E+01 1.478E+01 2.526E-02
7.00 15 2.730E+02 3.593E+01 5.113E+00 1.489E-02
7.00 16 2.049E+01 2.733E+00 2.299E-01 2.951E-04
7.00 17 1.721E+02 2.353E+01 3.596E+00 2.786E-03
7.00 18 4.196E+01 6.164E+00 4.495E-01 6.818E-04
7.00 19 1.258E+02 1.101E+01 5.865E+00 5.604E-03
7.00 20 2.461E+02 3.559E+01 4.101E+00 4.337E-03
7.00 21 1.194E+02 1.523E+01 2.422E+00 2.052E-03
7.00 22 7.162E+01 6.822E+00 2.537E+00 2.203E-03
7.00 23 5.009E+01 6.928E+00 8.654E-01 7.773E-04
7.00 24 1.795E+02 1.530E+01 8.015E+00 3.858E-02
7.00 25 1.553E+02 2.315E+01 1.656E+00 2.434E-03
7.00 26 1.012E+02 1.230E+01 2.347E+00 1.888E-03
7.00 27 6.509E+01 7.703E+00 1.412E+00 9.659E-04
7.00 28 1.651E+02 1.671E+01 5.867E+00 2.805E-02
7.00 29 8.492E+01 1.070E+01 1.568E+00 1.173E-03
6.90 0 2.312E+02 2.950E+01 6.550E+00 7.973E-03
6.90 1 2.338E+02 3.169E+01 5.479E+00 3.178E-03
6.90 2 3.212E+02 4.831E+01 5.612E+00 5.281E-03
6.90 3 1.214E+02 1.691E+01 1.553E+00 1.551E-03
6.90 4 2.127E+02 2.631E+01 7.309E+00 3.027E-03
6.90 5 2.610E+02 2.839E+01 1.083E+01 5.682E-02
6.90 6 1.153E+02 9.764E+00 6.821E+00 5.837E-03
6.90 7 1.472E+02 2.287E+01 1.379E+00 2.740E-03
6.90 8 1.663E+02 2.611E+01 1.970E+00 2.530E-03
6.90 9 1.373E+02 1.366E+01 5.526E+00 3.200E-03
6.90 10 2.038E+01 2.555E+00 3.741E-01 2.931E-04
6.90 11 1.962E+02 2.399E+01 5.763E+00 1.581E-02
6.90 12 1.583E+02 2.039E+01 4.057E+00 1.622E-03
6.90 13 9.207E+01 1.262E+01 1.497E+00 1.369E-03
6.90 14 5.029E+02 6.408E+01 1.609E+01 3.174E-02
6.90 15 3.932E+02 5.017E+01 7.930E+00 1.811E-02
6.90 16 3.340E+01 4.694E+00 3.588E-01 4.897E-04
6.90 17 1.644E+02 2.181E+01 4.055E+00 2.954E-03
6.90 18 5.448E+01 7.889E+00 6.176E-01 7.789E-04
6.90 19 1.286E+02 1.084E+01 6.183E+00 7.285E-03
6.90 20 2.519E+02 3.604E+01 4.440E+00 4.646E-03
6.90 21 1.226E+02 1.567E+01 2.585E+00 2.052E-03
6.90 22 8.449E+01 8.449E+00 2.760E+00 3.243E-03
6.90 23 1.023E+02 1.497E+01 1.432E+00 1.750E-03
6.90 24 1.844E+02 1.542E+01 8.281E+00 4.602E-02
6.90 25 1.592E+02 2.354E+01 1.879E+00 2.434E-03
6.90 26 1.049E+02 1.246E+01 2.480E+00 2.340E-03
6.90 27 7.400E+01 8.873E+00 1.528E+00 1.160E-03
6.90 28 1.668E+02 1.595E+01 6.114E+00 2.988E-02
6.90 29 1.007E+02 1.287E+01 1.892E+00 1.370E-03
6.80 0 2.431E+02 3.049E+01 7.428E+00 8.306E-03
6.80 1 2.417E+02 3.195E+01 6.243E+00 3.316E-03
6.80 2 3.128E+02 4.660E+01 5.819E+00 5.461E-03
6.80 3 2.114E+02 2.714E+01 4.180E+00 2.426E-03
6.80 4 2.250E+02 2.722E+01 8.007E+00 3.408E-03
6.80 5 2.710E+02 2.949E+01 1.113E+01 7.604E-02
6.80 6 1.215E+02 9.735E+00 7.783E+00 7.827E-03
6.80 7 1.360E+02 2.118E+01 1.416E+00 2.544E-03
6.80 8 2.153E+02 3.401E+01 2.592E+00 3.306E-03
6.80 9 1.438E+02 1.430E+01 5.692E+00 4.427E-03
6.80 10 3.932E+01 4.748E+00 7.758E-01 4.915E-04
6.80 11 2.645E+02 3.446E+01 6.696E+00 2.206E-02
6.80 12 1.643E+02 2.042E+01 4.670E+00 1.729E-03
6.80 13 1.309E+02 1.665E+01 2.550E+00 1.565E-03
6.80 14 5.084E+02 6.222E+01 1.876E+01 4.000E-02
6.80 15 3.388E+02 4.459E+01 6.492E+00 1.693E-02
6.80 16 3.421E+01 4.739E+00 4.142E-01 4.897E-04
6.80 17 1.709E+02 2.198E+01 4.553E+00 4.198E-03
6.80 18 4.595E+01 6.936E+00 5.249E-01 7.795E-04
6.80 19 1.431E+02 1.274E+01 6.409E+00 9.902E-03
6.80 20 2.675E+02 3.783E+01 4.804E+00 5.671E-03
6.80 21 1.260E+02 1.596E+01 2.814E+00 2.052E-03
6.80 22 7.633E+01 6.867E+00 2.962E+00 3.912E-03
6.80 23 1.064E+02 1.538E+01 1.591E+00 1.750E-03
6.80 24 2.051E+02 1.843E+01 8.518E+00 5.310E-02
6.80 25 1.661E+02 2.430E+01 2.175E+00 2.434E-03
6.80 26 1.086E+02 1.294E+01 2.584E+00 3.174E-03
6.80 27 7.768E+01 9.366E+00 1.629E+00 1.160E-03
6.80 28 1.780E+02 1.688E+01 6.456E+00 3.170E-02
6.80 29 1.035E+02 1.307E+01 2.115E+00 1.370E-03
6.70 0 3.494E+02 3.969E+01 1.443E+01 1.310E-02
6.70 1 2.533E+02 3.288E+01 6.860E+00 3.762E-03
6.70 2 3.344E+02 4.918E+01 6.646E+00 6.119E-03
6.70 3 2.193E+02 2.814E+01 4.509E+00 2.483E-03
6.70 4 2.499E+02 3.019E+01 8.743E+00 4.381E-03
6.70 5 2.637E+02 2.718E+01 1.136E+01 1.029E-01
6.70 6 2.015E+02 1.749E+01 1.123E+01 2.344E-02
6.70 7 1.414E+02 2.213E+01 1.588E+00 2.544E-03
6.70 8 1.854E+02 2.925E+01 2.380E+00 2.940E-03
6.70 9 1.500E+02 1.502E+01 5.864E+00 5.735E-03
6.70 10 3.878E+01 4.529E+00 8.241E-01 3.912E-04
6.70 11 1.798E+02 1.999E+01 6.480E+00 2.769E-02
6.70 12 1.715E+02 2.021E+01 5.742E+00 2.095E-03
6.70 13 1.354E+02 1.732E+01 2.713E+00 1.565E-03
6.70 14 5.569E+02 6.682E+01 2.102E+01 5.196E-02
6.70 15 3.504E+02 4.581E+01 7.111E+00 1.773E-02
6.70 16 4.434E+01 6.221E+00 4.872E-01 7.796E-04
6.70 17 3.231E+02 4.481E+01 6.395E+00 6.714E-03
6.70 18 6.028E+01 8.744E+00 7.165E-01 8.766E-04
6.70 19 1.458E+02 1.259E+01 6.520E+00 1.336E-02
6.70 20 2.809E+02 3.930E+01 5.248E+00 6.399E-03
6.70 21 1.301E+02 1.613E+01 3.094E+00 2.171E-03
6.70 22 7.891E+01 7.024E+00 3.097E+00 5.234E-03
6.70 23 2.239E+02 3.317E+01 3.202E+00 3.501E-03
6.70 24 1.978E+02 1.640E+01 8.599E+00 5.808E-02
6.70 25 1.974E+02 2.922E+01 2.613E+00 2.926E-03
6.70 26 1.926E+02 2.331E+01 4.447E+00 5.022E-03
6.70 27 7.882E+01 9.350E+00 1.716E+00 1.160E-03
6.70 28 1.822E+02 1.624E+01 6.891E+00 3.400E-02
6.70 29 1.102E+02 1.374E+01 2.326E+00 1.467E-03
6.60 0 2.603E+02 2.890E+01 1.089E+01 1.447E-02
6.60 1 2.639E+02 3.354E+01 7.543E+00 4.456E-03
6.60 2 3.715E+02 5.356E+01 7.816E+00 6.761E-03
6.60 3 2.200E+02 2.794E+01 4.802E+00 2.612E-03
6.60 4 2.408E+02 2.787E+01 9.239E+00 4.445E-03
6.60 5 2.724E+02 2.778E+01 1.165E+01 1.354E-01
6.60 6 2.082E+02 1.794E+01 1.192E+01 3.084E-02
6.60 7 1.501E+02 2.357E+01 1.782E+00 2.641E-03
6.60 8 1.900E+02 2.968E+01 2.666E+00 3.221E-03
6.60 9 1.574E+02 1.593E+01 6.025E+00 7.659E-03
6.60 10 8.049E+01 1.085E+01 1.177E+00 1.075E-03
6.60 11 1.875E+02 2.028E+01 6.935E+00 3.779E-02
6.60 12 1.819E+02 2.062E+01 6.657E+00 2.664E-03
6.60 13 1.050E+02 1.488E+01 1.766E+00 1.562E-03
6.60 14 5.799E+02 6.773E+01 2.272E+01 6.502E-02
6.60 15 4.471E+02 5.649E+01 1.005E+01 2.326E-02
6.60 16 9.008E+01 1.340E+01 9.484E-01 1.656E-03
6.60 17 1.932E+02 2.420E+01 5.575E+00 6.071E-03
6.60 18 4.936E+01 7.447E+00 6.034E-01 7.795E-04
6.60 19 1.492E+02 1.274E+01 6.623E+00 1.815E-02
6.60 20 3.050E+02 4.284E+01 5.872E+00 8.635E-03
6.60 21 1.867E+02 2.393E+01 3.916E+00 3.082E-03
6.60 22 8.591E+01 7.852E+00 3.324E+00 7.490E-03
6.60 23 2.311E+02 3.385E+01 3.672E+00 3.931E-03
6.60 24 2.291E+02 2.066E+01 8.846E+00 6.303E-02
6.60 25 1.295E+02 1.826E+01 2.135E+00 1.950E-03
6.60 26 2.010E+02 2.419E+01 4.728E+00 6.209E-03
6.60 27 8.284E+01 9.918E+00 1.811E+00 1.264E-03
6.60 28 1.883E+02 1.627E+01 7.213E+00 3.690E-02
6.60 29 1.134E+02 1.383E+01 2.559E+00 1.467E-03
6.50 0 2.995E+02 3.299E+01 1.260E+01 1.916E-02
6.50 1 2.770E+02 3.492E+01 8.246E+00 5.183E-03
6.50 2 3.941E+02 5.625E+01 8.858E+00 7.258E-03
6.50 3 2.289E+02 2.877E+01 5.480E+00 2.895E-03
6.50 4 2.842E+02 3.337E+01 1.047E+01 6.196E-03
6.50 5 3.231E+02 3.561E+01 1.216E+01 1.399E-01
6.50 6 2.124E+02 1.763E+01 1.252E+01 3.615E-02
6.50 7 1.472E+02 2.276E+01 1.997E+00 2.541E-03
6.50 8 2.057E+02 3.094E+01 3.561E+00 3.612E-03
6.50 9 1.616E+02 1.651E+01 6.216E+00 9.782E-03
6.50 10 1.102E+02 1.441E+01 1.794E+00 1.559E-03
6.50 11 1.935E+02 2.068E+01 7.177E+00 4.352E-02
6.50 12 1.948E+02 2.114E+01 7.656E+00 3.763E-03
6.50 13 2.211E+02 2.923E+01 4.184E+00 2.533E-03
6.50 14 5.808E+02 6.543E+01 2.433E+01 8.117E-02
6.50 15 4.564E+02 5.689E+01 1.105E+01 2.561E-02
6.50 16 1.009E+02 1.509E+01 1.174E+00 1.753E-03
6.50 17 2.132E+02 2.622E+01 6.025E+00 7.756E-03
6.50 18 6.540E+01 9.485E+00 8.220E-01 8.766E-04
6.50 19 1.602E+02 1.440E+01 6.769E+00 2.462E-02
6.50 20 3.178E+02 4.376E+01 6.426E+00 1.012E-02
6.50 21 2.421E+02 3.114E+01 4.895E+00 4.613E-03
6.50 22 8.743E+01 7.781E+00 3.541E+00 1.022E-02
6.50 23 2.392E+02 3.444E+01 4.175E+00 4.140E-03
6.50 24 2.368E+02 2.122E+01 8.950E+00 6.696E-02
6.50 25 2.268E+02 3.308E+01 3.550E+00 3.682E-03
6.50 26 2.289E+02 2.855E+01 5.191E+00 7.579E-03
6.50 27 1.119E+02 1.372E+01 2.347E+00 1.956E-03
6.50 28 1.945E+02 1.615E+01 7.409E+00 4.064E-02
6.50 29 1.186E+02 1.431E+01 2.887E+00 1.661E-03
6.40 0 3.571E+02 4.007E+01 1.493E+01 2.770E-02
6.40 1 3.147E+02 4.021E+01 9.295E+00 6.328E-03
6.40 2 4.112E+02 5.779E+01 9.858E+00 7.603E-03
6.40 3 2.118E+02 2.635E+01 5.483E+00 3.132E-03
6.40 4 2.791E+02 3.085E+01 1.194E+01 8.050E-03
6.40 5 2.943E+02 2.992E+01 1.230E+01 1.418E-01
6.40 6 2.486E+02 2.221E+01 1.346E+01 4.186E-02
6.40 7 1.524E+02 2.309E+01 2.274E+00 2.541E-03
6.40 8 2.442E+02 3.656E+01 4.464E+00 4.504E-03
6.40 9 1.671E+02 1.711E+01 6.427E+00 1.102E-02
6.40 10 6.334E+01 8.447E+00 9.546E-01 7.782E-04
6.40 11 1.988E+02 2.073E+01 7.357E+00 4.625E-02
6.40 12 2.124E+02 2.283E+01 8.270E+00 5.143E-03
6.40 13 1.800E+02 2.296E+01 3.856E+00 2.072E-03
6.40 14 6.031E+02 6.517E+01 2.638E+01 1.021E-01
6.40 15 4.789E+02 5.890E+01 1.242E+01 3.201E-02
6.40 16 1.048E+02 1.567E+01 1.347E+00 1.753E-03
6.40 17 1.871E+02 2.163E+01 6.162E+00 9.563E-03
6.40 18 1.468E+02 1.987E+01 2.195E+00 2.143E-03
6.40 19 1.640E+02 1.479E+01 6.830E+00 2.872E-02
6.40 20 3.364E+02 4.580E+01 7.013E+00 1.224E-02
6.40 21 2.572E+02 3.292E+01 5.235E+00 5.433E-03
6.40 22 1.263E+02 1.373E+01 3.987E+00 1.523E-02
6.40 23 2.730E+02 3.935E+01 4.781E+00 4.894E-03
6.40 24 2.315E+02 1.913E+01 9.003E+00 6.855E-02
6.40 25 2.828E+02 4.096E+01 4.571E+00 4.695E-03
6.40 26 2.408E+02 3.006E+01 5.625E+00 8.582E-03
6.40 27 1.262E+02 1.576E+01 2.613E+00 2.485E-03
6.40 28 2.069E+02 1.712E+01 7.577E+00 4.410E-02
6.40 29 1.449E+02 1.679E+01 3.810E+00 2.271E-03
6.30 0 3.613E+02 3.810E+01 1.671E+01 3.838E-02
6.30 1 3.350E+02 4.278E+01 1.023E+01 6.905E-03
6.30 2 4.380E+02 6.103E+01 1.096E+01 8.647E-03
6.30 3 2.513E+02 3.131E+01 6.631E+00 4.111E-03
6.30 4 3.279E+02 3.723E+01 1.374E+01 1.112E-02
6.30 5 2.775E+02 2.565E+01 1.263E+01 1.426E-01
6.30 6 2.552E+02 2.279E+01 1.372E+01 4.534E-02
6.30 7 1.561E+02 2.297E+01 2.579E+00 2.637E-03
6.30 8 2.667E+02 3.922E+01 5.380E+00 5.846E-03
6.30 9 1.720E+02 1.772E+01 6.639E+00 1.177E-02
6.30 10 1.195E+02 1.539E+01 2.197E+00 1.656E-03
6.30 11 2.305E+02 2.499E+01 7.787E+00 4.742E-02
6.30 12 2.241E+02 2.384E+01 8.851E+00 7.258E-03
6.30 13 1.806E+02 2.272E+01 4.092E+00 1.975E-03
6.30 14 6.897E+02 7.533E+01 2.852E+01 1.286E-01
6.30 15 5.494E+02 6.911E+01 1.399E+01 4.265E-02
6.30 16 1.201E+02 1.786E+01 1.718E+00 2.240E-03
6.30 17 4.002E+02 5.448E+01 8.305E+00 1.677E-02
6.30 18 2.682E+02 3.268E+01 5.994E+00 2.852E-02
6.30 19 1.858E+02 1.843E+01 6.991E+00 3.057E-02
6.30 20 3.704E+02 5.002E+01 8.102E+00 1.500E-02
6.30 21 2.136E+02 2.629E+01 4.842E+00 5.476E-03
6.30 22 1.430E+02 1.570E+01 4.316E+00 2.139E-02
6.30 23 2.866E+02 4.065E+01 5.321E+00 5.811E-03
6.30 24 2.636E+02 2.316E+01 9.239E+00 7.011E-02
6.30 25 3.031E+02 4.367E+01 5.197E+00 5.441E-03
6.30 26 2.508E+02 3.134E+01 6.053E+00 9.075E-03
6.30 27 1.316E+02 1.642E+01 2.916E+00 2.767E-03
6.30 28 2.136E+02 1.711E+01 7.653E+00 4.703E-02
6.30 29 1.510E+02 1.715E+01 4.117E+00 2.825E-03
6.20 0 3.658E+02 3.634E+01 1.869E+01 5.439E-02
6.20 1 3.486E+02 4.427E+01 1.105E+01 7.770E-03
6.20 2 4.532E+02 6.268E+01 1.190E+01 9.014E-03
6.20 3 2.390E+02 2.943E+01 6.871E+00 5.062E-03
6.20 4 3.509E+02 3.930E+01 1.522E+01 1.469E-02
6.20 5 3.384E+02 3.312E+01 1.402E+01 1.445E-01
6.20 6 2.606E+02 2.347E+01 1.401E+01 4.910E-02
6.20 7 1.669E+02 2.407E+01 2.948E+00 2.834E-03
6.20 8 2.748E+02 4.012E+01 5.938E+00 7.135E-03
6.20 9 1.784E+02 1.835E+01 6.867E+00 1.231E-02
6.20 10 1.208E+02 1.513E+01 2.400E+00 1.657E-03
6.20 11 2.379E+02 2.607E+01 8.040E+00 4.799E-02
6.20 12 2.250E+02 2.142E+01 1.099E+01 9.576E-03
6.20 13 1.844E+02 2.318E+01 4.440E+00 2.070E-03
6.20 14 6.205E+02 6.016E+01 2.908E+01 1.613E-01
6.20 15 5.841E+02 7.359E+01 1.537E+01 5.649E-02
6.20 16 1.219E+02 1.790E+01 1.807E+00 2.339E-03
6.20 17 4.450E+02 6.111E+01 9.192E+00 2.159E-02
6.20 18 2.119E+02 2.419E+01 5.333E+00 2.857E-02
6.20 19 2.489E+02 2.788E+01 7.897E+00 3.214E-02
6.20 20 3.818E+02 5.095E+01 8.977E+00 1.825E-02
6.20 21 2.233E+02 2.750E+01 5.107E+00 6.642E-03
6.20 22 1.550E+02 1.746E+01 4.507E+00 3.016E-02
6.20 23 3.099E+02 4.321E+01 6.118E+00 7.400E-03
6.20 24 2.255E+02 1.600E+01 9.168E+00 7.046E-02
6.20 25 3.122E+02 4.395E+01 5.939E+00 6.533E-03
6.20 26 2.585E+02 3.216E+01 6.516E+00 9.728E-03
6.20 27 1.344E+02 1.632E+01 3.203E+00 2.936E-03
6.20 28 2.202E+02 1.687E+01 7.762E+00 4.997E-02
6.20 29 1.565E+02 1.745E+01 4.397E+00 3.546E-03
6.10 0 3.932E+02 3.700E+01 2.209E+01 7.878E-02
6.10 1 3.625E+02 4.538E+01 1.193E+01 8.639E-03
6.10 2 4.653E+02 6.342E+01 1.289E+01 9.847E-03
6.10 3 2.467E+02 2.970E+01 7.922E+00 6.211E-03
6.10 4 3.767E+02 4.211E+01 1.655E+01 1.876E-02
6.10 5 2.919E+02 2.603E+01 1.366E+01 1.451E-01
6.10 6 2.655E+02 2.392E+01 1.426E+01 5.317E-02
6.10 7 2.031E+02 2.801E+01 4.371E+00 3.423E-03
6.10 8 2.848E+02 4.066E+01 6.569E+00 9.351E-03
6.10 9 1.827E+02 1.887E+01 7.109E+00 1.258E-02
6.10 10 2.238E+02 2.491E+01 6.606E+00 6.363E-03
6.10 11 2.439E+02 2.654E+01 8.349E+00 4.839E-02
6.10 12 2.505E+02 2.234E+01 1.457E+01 1.396E-02
6.10 13 2.665E+02 3.555E+01 5.791E+00 3.233E-03
6.10 14 1.072E+03 1.231E+02 3.646E+01 2.068E-01
6.10 15 6.050E+02 7.504E+01 1.724E+01 7.683E-02
6.10 16 2.322E+02 2.774E+01 5.286E+00 9.363E-03
6.10 17 4.724E+02 6.458E+01 1.009E+01 2.415E-02
6.10 18 3.017E+02 3.666E+01 6.805E+00 3.052E-02
6.10 19 2.523E+02 2.846E+01 8.144E+00 3.267E-02
6.10 20 3.929E+02 5.197E+01 9.782E+00 2.197E-02
6.10 21 2.844E+02 3.591E+01 6.231E+00 9.070E-03
6.10 22 1.725E+02 2.022E+01 4.798E+00 4.367E-02
6.10 23 3.141E+02 4.284E+01 6.737E+00 9.579E-03
6.10 24 2.725E+02 2.237E+01 9.785E+00 7.283E-02
6.10 25 3.244E+02 4.520E+01 6.728E+00 7.905E-03
6.10 26 2.653E+02 3.239E+01 6.982E+00 1.069E-02
6.10 27 1.991E+02 2.575E+01 4.042E+00 4.534E-03
6.10 28 2.266E+02 1.684E+01 7.810E+00 5.521E-02
6.10 29 1.623E+02 1.755E+01 4.613E+00 4.816E-03
