-4.06251E+02  0.00000E+00
-3.98126E+02  6.13457E-01
-3.90001E+02  7.10988E-01
-3.81876E+02  6.72728E-01
-3.73751E+02  4.50723E-01
-3.65626E+02  2.02033E-01
-3.57501E+02  1.16159E-01
-3.49376E+02  6.72554E-02
-3.41251E+02  3.19073E-02
-3.33126E+02  1.31507E-02
-3.25001E+02  6.13800E-03
-3.16876E+02  5.00429E-03
-3.08751E+02  1.23559E-02
-3.00626E+02  4.75215E-02
-2.92501E+02  9.34173E-02
-2.84376E+02  7.59179E-02
-2.76251E+02  2.76794E-02
-2.68126E+02  6.32763E-03
-2.60001E+02  3.03877E-03
-2.51876E+02  3.89486E-03
-2.43751E+02  6.10004E-03
-2.35626E+02  9.49020E-03
-2.27501E+02  1.39360E-02
-2.19376E+02  1.94512E-02
-2.11251E+02  2.74106E-02
-2.03126E+02  4.07212E-02
-1.95001E+02  6.22536E-02
-1.86876E+02  9.42968E-02
-1.78751E+02  1.38133E-01
-1.70626E+02  1.96072E-01
-1.62501E+02  2.71082E-01
-1.54376E+02  3.53817E-01
-1.46251E+02  4.40429E-01
-1.38125E+02  5.52341E-01
-1.30000E+02  7.07375E-01
-1.21875E+02  1.10801E+00
-1.13750E+02  1.78983E+00
-1.05625E+02  1.99313E+00
-9.75003E+01  1.70655E+00
-8.93753E+01  1.34323E+00
-8.12503E+01  1.40972E+00
-7.31253E+01  1.88486E+00
-6.50002E+01  2.75325E+00
-5.68752E+01  3.10366E+00
-4.87502E+01  2.73788E+00
-4.06251E+01  2.07658E+00
-3.25001E+01  1.93873E+00
-2.43751E+01  1.97798E+00
-1.62501E+01  2.08066E+00
-8.12503E+00  2.38962E+00
-1.23400E-13  2.74531E+00
 8.12503E+00  2.86916E+00
 1.62501E+01  2.94123E+00
 2.43751E+01  2.98694E+00
 3.25001E+01  2.80285E+00
 4.06251E+01  2.29871E+00
 4.87502E+01  1.86715E+00
 5.68752E+01  1.62424E+00
 6.50002E+01  1.40672E+00
 7.31253E+01  1.22942E+00
 8.12503E+01  1.10388E+00
 8.93753E+01  1.03333E+00
 9.75003E+01  1.04000E+00
 1.05625E+02  1.00697E+00
 1.13750E+02  8.84230E-01
 1.21875E+02  8.33286E-01
 1.30000E+02  7.82898E-01
 1.38125E+02  6.60410E-01
 1.46251E+02  5.74945E-01
 1.54376E+02  5.45313E-01
 1.62501E+02  4.65214E-01
 1.70626E+02  3.60907E-01
 1.78751E+02  3.00421E-01
 1.86876E+02  2.89265E-01
 1.95001E+02  3.12722E-01
 2.03126E+02  2.63435E-01
 2.11251E+02  1.85252E-01
 2.19376E+02  1.49385E-01
 2.27501E+02  1.28571E-01
 2.35626E+02  1.04264E-01
 2.43751E+02  7.87082E-02
 2.51876E+02  5.77679E-02
 2.60001E+02  4.19685E-02
 2.68126E+02  3.07680E-02
 2.76251E+02  2.32763E-02
 2.84376E+02  1.98266E-02
 2.92501E+02  2.03815E-02
 3.00626E+02  2.59449E-02
 3.08751E+02  4.60943E-02
 3.16876E+02  9.77949E-02
 3.25001E+02  1.97549E-01
 3.33126E+02  3.41115E-01
 3.41251E+02  5.64988E-01
 3.49376E+02  8.01509E-01
 3.57501E+02  8.51152E-01
 3.65626E+02  8.50465E-01
 3.73751E+02  8.15027E-01
 3.81876E+02  6.42190E-01
 3.90001E+02  3.77623E-01
 3.98126E+02  2.34504E-01
 4.06251E+02  1.69684E-01
