-3.68232E+02  0.00000E+00
-3.60868E+02  2.57569E-01
-3.53503E+02  2.67810E-01
-3.46139E+02  2.54413E-01
-3.38774E+02  2.21514E-01
-3.31409E+02  1.97642E-01
-3.24045E+02  1.97276E-01
-3.16680E+02  2.18458E-01
-3.09315E+02  2.46604E-01
-3.01951E+02  2.74285E-01
-2.94586E+02  2.96559E-01
-2.87221E+02  2.99396E-01
-2.79857E+02  2.82482E-01
-2.72492E+02  2.57198E-01
-2.65127E+02  2.29980E-01
-2.57763E+02  2.06225E-01
-2.50398E+02  1.87599E-01
-2.43033E+02  1.72427E-01
-2.35669E+02  1.58823E-01
-2.28304E+02  1.47426E-01
-2.20939E+02  1.36298E-01
-2.13575E+02  1.26202E-01
-2.06210E+02  1.20975E-01
-1.98846E+02  1.25746E-01
-1.91481E+02  1.31179E-01
-1.84116E+02  1.30833E-01
-1.76752E+02  1.33083E-01
-1.69387E+02  1.45786E-01
-1.62022E+02  1.70305E-01
-1.54658E+02  2.08498E-01
-1.47293E+02  2.54647E-01
-1.39928E+02  3.13018E-01
-1.32564E+02  3.93799E-01
-1.25199E+02  5.11824E-01
-1.17834E+02  6.70681E-01
-1.10470E+02  7.13979E-01
-1.03105E+02  6.24108E-01
-9.57404E+01  5.93865E-01
-8.83758E+01  7.17421E-01
-8.10111E+01  8.26409E-01
-7.36465E+01  7.41517E-01
-6.62818E+01  5.51765E-01
-5.89172E+01  4.32124E-01
-5.15525E+01  3.63000E-01
-4.41879E+01  3.06155E-01
-3.68232E+01  2.69304E-01
-2.94586E+01  2.50788E-01
-2.20939E+01  2.62295E-01
-1.47293E+01  2.98397E-01
-7.36465E+00  3.70843E-01
-1.23400E-13  5.44925E-01
 7.36465E+00  8.00864E-01
 1.47293E+01  9.63847E-01
 2.20939E+01  9.96108E-01
 2.94586E+01  8.95710E-01
 3.68232E+01  7.34930E-01
 4.41879E+01  5.97514E-01
 5.15525E+01  6.02174E-01
 5.89172E+01  7.21250E-01
 6.62818E+01  7.76176E-01
 7.36465E+01  6.48337E-01
 8.10111E+01  5.31974E-01
 8.83758E+01  5.38879E-01
 9.57404E+01  5.95092E-01
 1.03105E+02  7.59675E-01
 1.10470E+02  1.08297E+00
 1.17834E+02  1.26458E+00
 1.25199E+02  1.12404E+00
 1.32564E+02  9.03076E-01
 1.39928E+02  7.68098E-01
 1.47293E+02  6.09167E-01
 1.54658E+02  4.71242E-01
 1.62022E+02  3.81890E-01
 1.69387E+02  3.28001E-01
 1.76752E+02  3.14862E-01
 1.84116E+02  3.24436E-01
 1.91481E+02  3.25728E-01
 1.98846E+02  3.08735E-01
 2.06210E+02  2.81571E-01
 2.13575E+02  2.51067E-01
 2.20939E+02  2.28494E-01
 2.28304E+02  2.15162E-01
 2.35669E+02  2.14123E-01
 2.43033E+02  2.21547E-01
 2.50398E+02  2.31006E-01
 2.57763E+02  2.36478E-01
 2.65127E+02  2.32998E-01
 2.72492E+02  2.21772E-01
 2.79857E+02  2.04814E-01
 2.87221E+02  1.82517E-01
 2.94586E+02  1.58848E-01
 3.01951E+02  1.34386E-01
 3.09315E+02  1.08068E-01
 3.16680E+02  8.86184E-02
 3.24045E+02  8.09329E-02
 3.31409E+02  7.77493E-02
 3.38774E+02  7.62227E-02
 3.46139E+02  7.34925E-02
 3.53503E+02  6.69803E-02
 3.60868E+02  6.00540E-02
 3.68232E+02  5.24723E-02
