-5.56859E+02  0.00000E+00
-5.45722E+02  5.18466E-09
-5.34585E+02  3.45172E-08
-5.23448E+02  2.39766E-07
-5.12311E+02  1.56777E-06
-5.01173E+02  9.01384E-06
-4.90036E+02  4.76991E-05
-4.78899E+02  2.00037E-04
-4.67762E+02  5.75456E-04
-4.56625E+02  1.50353E-03
-4.45487E+02  3.39104E-03
-4.34350E+02  6.86527E-03
-4.23213E+02  3.11022E-02
-4.12076E+02  1.14159E-01
-4.00939E+02  1.54814E-01
-3.89801E+02  8.25882E-02
-3.78664E+02  6.46364E-02
-3.67527E+02  1.33448E-01
-3.56390E+02  3.25613E-01
-3.45253E+02  4.08980E-01
-3.34116E+02  3.10575E-01
-3.22978E+02  3.53934E-01
-3.11841E+02  4.18972E-01
-3.00704E+02  4.80550E-01
-2.89567E+02  7.87743E-01
-2.78430E+02  1.33058E+00
-2.67292E+02  1.10818E+00
-2.56155E+02  5.81235E-01
-2.45018E+02  5.00395E-01
-2.33881E+02  4.60368E-01
-2.22744E+02  4.40178E-01
-2.11607E+02  4.37993E-01
-2.00469E+02  4.59459E-01
-1.89332E+02  6.11515E-01
-1.78195E+02  7.48534E-01
-1.67058E+02  5.90405E-01
-1.55921E+02  5.19233E-01
-1.44783E+02  5.51805E-01
-1.33646E+02  6.93051E-01
-1.22509E+02  7.45433E-01
-1.11372E+02  6.98479E-01
-1.00235E+02  6.85174E-01
-8.90975E+01  7.80907E-01
-7.79603E+01  8.39706E-01
-6.68231E+01  7.37057E-01
-5.56859E+01  6.40973E-01
-4.45487E+01  6.52641E-01
-3.34116E+01  6.82542E-01
-2.22744E+01  7.40660E-01
-1.11372E+01  8.57827E-01
 5.63450E-13  1.12385E+00
 1.11372E+01  1.96754E+00
 2.22744E+01  2.05003E+00
 3.34116E+01  1.27567E+00
 4.45487E+01  1.07510E+00
 5.56859E+01  9.34215E-01
 6.68231E+01  7.81322E-01
 7.79603E+01  6.92423E-01
 8.90975E+01  6.22941E-01
 1.00235E+02  5.68879E-01
 1.11372E+02  5.41846E-01
 1.22509E+02  6.38613E-01
 1.33646E+02  6.46257E-01
 1.44783E+02  3.73916E-01
 1.55921E+02  2.45798E-01
 1.67058E+02  1.87374E-01
 1.78195E+02  1.26747E-01
 1.89332E+02  9.44476E-02
 2.00469E+02  7.85923E-02
 2.11607E+02  1.08849E-01
 2.22744E+02  1.77618E-01
 2.33881E+02  1.68037E-01
 2.45018E+02  5.17724E-02
 2.56155E+02  1.65559E-02
 2.67292E+02  1.52087E-02
 2.78430E+02  2.05002E-02
 2.89567E+02  3.37265E-02
 3.00704E+02  5.50689E-02
 3.11841E+02  8.43436E-02
 3.22978E+02  1.21249E-01
 3.34116E+02  1.64092E-01
 3.45253E+02  2.02636E-01
 3.56390E+02  2.32439E-01
 3.67527E+02  2.49935E-01
 3.78664E+02  2.47066E-01
 3.89801E+02  2.33712E-01
 4.00939E+02  2.19614E-01
 4.12076E+02  2.10069E-01
 4.23213E+02  2.05611E-01
 4.34350E+02  2.21478E-01
 4.45487E+02  2.82396E-01
 4.56625E+02  2.33324E-01
 4.67762E+02  1.73666E-01
 4.78899E+02  1.40509E-01
 4.90036E+02  1.05326E-01
 5.01173E+02  7.25812E-02
 5.12311E+02  4.58152E-02
 5.23448E+02  2.62088E-02
 5.34585E+02  1.34408E-02
 5.45722E+02  6.18479E-03
 5.56859E+02  2.51074E-03
