-2.41664E+02  0.00000E+00
-2.36831E+02  2.55543E-02
-2.31997E+02  2.94246E-02
-2.27164E+02  3.35211E-02
-2.22331E+02  3.68598E-02
-2.17497E+02  3.76315E-02
-2.12664E+02  3.69285E-02
-2.07831E+02  4.02668E-02
-2.02998E+02  5.29538E-02
-1.98164E+02  7.36571E-02
-1.93331E+02  9.38281E-02
-1.88498E+02  1.07040E-01
-1.83665E+02  1.17039E-01
-1.78831E+02  1.29955E-01
-1.73998E+02  1.42996E-01
-1.69165E+02  1.49040E-01
-1.64331E+02  1.49058E-01
-1.59498E+02  1.51869E-01
-1.54665E+02  1.66239E-01
-1.49832E+02  1.91197E-01
-1.44998E+02  2.17270E-01
-1.40165E+02  2.37069E-01
-1.35332E+02  2.46873E-01
-1.30498E+02  2.49526E-01
-1.25665E+02  2.45967E-01
-1.20832E+02  2.35888E-01
-1.15999E+02  2.24377E-01
-1.11165E+02  2.25084E-01
-1.06332E+02  2.42489E-01
-1.01499E+02  2.68085E-01
-9.66655E+01  2.92589E-01
-9.18323E+01  3.06679E-01
-8.69990E+01  3.02973E-01
-8.21657E+01  2.80863E-01
-7.73324E+01  2.42215E-01
-7.24992E+01  1.98438E-01
-6.76659E+01  1.69167E-01
-6.28326E+01  1.64716E-01
-5.79993E+01  1.82367E-01
-5.31660E+01  2.06106E-01
-4.83328E+01  2.20875E-01
-4.34995E+01  2.20725E-01
-3.86662E+01  2.10433E-01
-3.38329E+01  2.02496E-01
-2.89997E+01  2.13029E-01
-2.41664E+01  2.30790E-01
-1.93331E+01  2.37819E-01
-1.44998E+01  2.27517E-01
-9.66655E+00  2.08927E-01
-4.83328E+00  1.96525E-01
 3.60887E-14  2.03236E-01
 4.83328E+00  2.32222E-01
 9.66655E+00  2.57587E-01
 1.44998E+01  2.70557E-01
 1.93331E+01  2.73603E-01
 2.41664E+01  2.74396E-01
 2.89997E+01  2.70748E-01
 3.38329E+01  2.55848E-01
 3.86662E+01  2.32187E-01
 4.34995E+01  2.15682E-01
 4.83328E+01  2.13707E-01
 5.31660E+01  2.26873E-01
 5.79993E+01  2.53925E-01
 6.28326E+01  2.91502E-01
 6.76659E+01  3.32108E-01
 7.24992E+01  3.65598E-01
 7.73324E+01  3.78757E-01
 8.21657E+01  3.64590E-01
 8.69990E+01  3.28237E-01
 9.18323E+01  2.82264E-01
 9.66655E+01  2.39861E-01
 1.01499E+02  2.10418E-01
 1.06332E+02  1.96143E-01
 1.11165E+02  1.96020E-01
 1.15999E+02  2.06173E-01
 1.20832E+02  2.13393E-01
 1.25665E+02  2.03545E-01
 1.30498E+02  1.77905E-01
 1.35332E+02  1.47114E-01
 1.40165E+02  1.23058E-01
 1.44998E+02  1.12071E-01
 1.49832E+02  1.12960E-01
 1.54665E+02  1.17002E-01
 1.59498E+02  1.12887E-01
 1.64331E+02  9.58645E-02
 1.69165E+02  7.34380E-02
 1.73998E+02  5.65150E-02
 1.78831E+02  4.67338E-02
 1.83665E+02  3.94068E-02
 1.88498E+02  3.27358E-02
 1.93331E+02  3.04555E-02
 1.98164E+02  3.60204E-02
 2.02998E+02  4.52484E-02
 2.07831E+02  4.94997E-02
 2.12664E+02  4.51441E-02
 2.17497E+02  3.58554E-02
 2.22331E+02  2.81850E-02
 2.27164E+02  2.60051E-02
 2.31997E+02  2.88290E-02
 2.36831E+02  3.33298E-02
 2.41664E+02  3.55262E-02
