-3.37331E+02  0.00000E+00
-3.30585E+02  3.08933E-02
-3.23838E+02  4.19972E-02
-3.17091E+02  3.45926E-02
-3.10345E+02  1.82987E-02
-3.03598E+02  8.77517E-03
-2.96851E+02  5.38029E-03
-2.90105E+02  3.93237E-03
-2.83358E+02  3.30148E-03
-2.76612E+02  3.83623E-03
-2.69865E+02  6.58411E-03
-2.63118E+02  9.90167E-03
-2.56372E+02  9.67555E-03
-2.49625E+02  7.04584E-03
-2.42878E+02  6.39991E-03
-2.36132E+02  9.04696E-03
-2.29385E+02  1.40229E-02
-2.22639E+02  2.04860E-02
-2.15892E+02  2.85277E-02
-2.09145E+02  3.66858E-02
-2.02399E+02  4.71167E-02
-1.95652E+02  6.63055E-02
-1.88905E+02  9.18236E-02
-1.82159E+02  1.11384E-01
-1.75412E+02  1.20815E-01
-1.68666E+02  1.24445E-01
-1.61919E+02  1.26302E-01
-1.55172E+02  1.32150E-01
-1.48426E+02  1.47320E-01
-1.41679E+02  1.66890E-01
-1.34932E+02  1.77226E-01
-1.28186E+02  1.94500E-01
-1.21439E+02  2.40529E-01
-1.14693E+02  2.70374E-01
-1.07946E+02  2.46813E-01
-1.01199E+02  2.06417E-01
-9.44527E+01  1.90794E-01
-8.77061E+01  2.00110E-01
-8.09595E+01  2.39981E-01
-7.42128E+01  2.90088E-01
-6.74662E+01  3.14670E-01
-6.07196E+01  3.35321E-01
-5.39730E+01  3.71947E-01
-4.72264E+01  3.76326E-01
-4.04797E+01  3.26441E-01
-3.37331E+01  2.69510E-01
-2.69865E+01  2.44672E-01
-2.02399E+01  2.42552E-01
-1.34932E+01  2.32603E-01
-6.74662E+00  2.03434E-01
-1.90921E-13  1.84086E-01
 6.74662E+00  2.01637E-01
 1.34932E+01  2.22570E-01
 2.02399E+01  2.24973E-01
 2.69865E+01  2.21232E-01
 3.37331E+01  2.16012E-01
 4.04797E+01  2.18894E-01
 4.72264E+01  2.38432E-01
 5.39730E+01  2.78572E-01
 6.07196E+01  3.23807E-01
 6.74662E+01  3.34343E-01
 7.42128E+01  3.07682E-01
 8.09595E+01  2.71252E-01
 8.77061E+01  2.44613E-01
 9.44527E+01  2.46345E-01
 1.01199E+02  2.58938E-01
 1.07946E+02  2.65792E-01
 1.14693E+02  2.58758E-01
 1.21439E+02  2.41501E-01
 1.28186E+02  2.16038E-01
 1.34932E+02  1.95668E-01
 1.41679E+02  1.92995E-01
 1.48426E+02  1.92077E-01
 1.55172E+02  1.83762E-01
 1.61919E+02  1.79975E-01
 1.68666E+02  1.83422E-01
 1.75412E+02  1.89032E-01
 1.82159E+02  2.03118E-01
 1.88905E+02  2.28733E-01
 1.95652E+02  2.40864E-01
 2.02399E+02  2.23900E-01
 2.09145E+02  1.92890E-01
 2.15892E+02  1.61520E-01
 2.22639E+02  1.33362E-01
 2.29385E+02  1.09123E-01
 2.36132E+02  8.83547E-02
 2.42878E+02  7.00413E-02
 2.49625E+02  5.30589E-02
 2.56372E+02  3.77539E-02
 2.63118E+02  2.58044E-02
 2.69865E+02  1.75279E-02
 2.76612E+02  1.17538E-02
 2.83358E+02  7.26643E-03
 2.90105E+02  3.95742E-03
 2.96851E+02  1.95226E-03
 3.03598E+02  8.83872E-04
 3.10345E+02  3.58541E-04
 3.17091E+02  1.27834E-04
 3.23838E+02  3.96725E-05
 3.30585E+02  1.06412E-05
 3.37331E+02  2.45144E-06
