 9.78551E-06  0.00000E+00  0.00000E+00  0.00000E+00  0.00000E+00  0.00000E+00
 1.02374E-05  0.00000E+00  0.00000E+00  0.00000E+00  0.00000E+00  0.00000E+00
 1.07209E-05  0.00000E+00  0.00000E+00  0.00000E+00  0.00000E+00  0.00000E+00
 1.12272E-05  0.00000E+00  0.00000E+00  0.00000E+00  0.00000E+00  0.00000E+00
 1.17574E-05  0.00000E+00  0.00000E+00  0.00000E+00  0.00000E+00  0.00000E+00
 1.23127E-05  0.00000E+00  0.00000E+00  0.00000E+00  0.00000E+00  0.00000E+00
 1.28941E-05  0.00000E+00  0.00000E+00  0.00000E+00  0.00000E+00  0.00000E+00
 1.35031E-05  0.00000E+00  0.00000E+00  0.00000E+00  0.00000E+00  0.00000E+00
 1.41407E-05  0.00000E+00  0.00000E+00  0.00000E+00  0.00000E+00  0.00000E+00
 1.48085E-05  0.00000E+00  0.00000E+00  0.00000E+00  0.00000E+00  0.00000E+00
 1.55079E-05  0.00000E+00  0.00000E+00  0.00000E+00  0.00000E+00  0.00000E+00
 1.62402E-05  0.00000E+00  0.00000E+00  0.00000E+00  0.00000E+00  0.00000E+00
 1.70072E-05  0.00000E+00  0.00000E+00  0.00000E+00  0.00000E+00  0.00000E+00
 1.78104E-05  0.00000E+00  0.00000E+00  0.00000E+00  0.00000E+00  0.00000E+00
 1.86515E-05  0.00000E+00  0.00000E+00  0.00000E+00  0.00000E+00  0.00000E+00
 1.95323E-05  0.00000E+00  0.00000E+00  0.00000E+00  0.00000E+00  0.00000E+00
 2.04547E-05  0.00000E+00  0.00000E+00  0.00000E+00  0.00000E+00  0.00000E+00
 2.14207E-05  0.00000E+00  0.00000E+00  0.00000E+00  0.00000E+00  0.00000E+00
 2.24323E-05  0.00000E+00  0.00000E+00  0.00000E+00  0.00000E+00  0.00000E+00
 2.34916E-05  0.00000E+00  0.00000E+00  0.00000E+00  0.00000E+00  0.00000E+00
 2.46010E-05  0.00000E+00  0.00000E+00  0.00000E+00  0.00000E+00  0.00000E+00
 2.57628E-05  0.00000E+00  0.00000E+00  0.00000E+00  0.00000E+00  0.00000E+00
 2.69795E-05  0.00000E+00  0.00000E+00  0.00000E+00  0.00000E+00  0.00000E+00
 2.82536E-05  0.00000E+00  0.00000E+00  0.00000E+00  0.00000E+00  0.00000E+00
 2.95879E-05  0.00000E+00  0.00000E+00  0.00000E+00  0.00000E+00  0.00000E+00
 3.09851E-05  0.00000E+00  0.00000E+00  0.00000E+00  0.00000E+00  0.00000E+00
 3.24484E-05  0.00000E+00  0.00000E+00  0.00000E+00  0.00000E+00  0.00000E+00
 3.39808E-05  0.00000E+00  0.00000E+00  0.00000E+00  0.00000E+00  0.00000E+00
 3.55856E-05  0.00000E+00  0.00000E+00  0.00000E+00  0.00000E+00  0.00000E+00
 3.72661E-05  0.00000E+00  0.00000E+00  0.00000E+00  0.00000E+00  0.00000E+00
 3.90260E-05  0.00000E+00  0.00000E+00  0.00000E+00  0.00000E+00  0.00000E+00
 4.08690E-05  0.00000E+00  0.00000E+00  0.00000E+00  0.00000E+00  0.00000E+00
 4.27991E-05  0.00000E+00  0.00000E+00  0.00000E+00  0.00000E+00  0.00000E+00
 4.48202E-05  0.00000E+00  0.00000E+00  0.00000E+00  0.00000E+00  0.00000E+00
 4.69369E-05  0.00000E+00  0.00000E+00  0.00000E+00  0.00000E+00  0.00000E+00
 4.91535E-05  0.00000E+00  0.00000E+00  0.00000E+00  0.00000E+00  0.00000E+00
 5.14748E-05  0.00000E+00  0.00000E+00  0.00000E+00  0.00000E+00  0.00000E+00
 5.39057E-05  0.00000E+00  0.00000E+00  0.00000E+00  0.00000E+00  0.00000E+00
 5.64514E-05  0.00000E+00  0.00000E+00  0.00000E+00  0.00000E+00  0.00000E+00
 5.91173E-05  0.00000E+00  0.00000E+00  0.00000E+00  0.00000E+00  0.00000E+00
 6.19091E-05  0.00000E+00  0.00000E+00  0.00000E+00  0.00000E+00  0.00000E+00
 6.48328E-05  0.00000E+00  0.00000E+00  0.00000E+00  0.00000E+00  0.00000E+00
 6.78946E-05  0.00000E+00  0.00000E+00  0.00000E+00  0.00000E+00  0.00000E+00
 7.11009E-05  0.00000E+00  0.00000E+00  0.00000E+00  0.00000E+00  0.00000E+00
 7.44586E-05  0.00000E+00  0.00000E+00  0.00000E+00  0.00000E+00  0.00000E+00
 7.79750E-05  0.00000E+00  0.00000E+00  0.00000E+00  0.00000E+00  0.00000E+00
 8.16573E-05  0.00000E+00  0.00000E+00  0.00000E+00  0.00000E+00  0.00000E+00
 8.55136E-05  0.00000E+00  0.00000E+00  0.00000E+00  0.00000E+00  0.00000E+00
 8.95520E-05  0.00000E+00  0.00000E+00  0.00000E+00  0.00000E+00  0.00000E+00
 9.37811E-05  0.00000E+00  0.00000E+00  0.00000E+00  0.00000E+00  0.00000E+00
 9.82100E-05  0.00000E+00  0.00000E+00  0.00000E+00  0.00000E+00  0.00000E+00
 1.02848E-04  0.00000E+00  0.00000E+00  0.00000E+00  0.00000E+00  0.00000E+00
 1.07705E-04  0.00000E+00  0.00000E+00  0.00000E+00  0.00000E+00  0.00000E+00
 1.12791E-04  0.00000E+00  0.00000E+00  0.00000E+00  0.00000E+00  0.00000E+00
 1.18118E-04  0.00000E+00  0.00000E+00  0.00000E+00  0.00000E+00  0.00000E+00
 1.23696E-04  0.00000E+00  0.00000E+00  0.00000E+00  0.00000E+00  0.00000E+00
 1.29538E-04  0.00000E+00  0.00000E+00  0.00000E+00  0.00000E+00  0.00000E+00
 1.35655E-04  0.00000E+00  0.00000E+00  0.00000E+00  0.00000E+00  0.00000E+00
 1.42061E-04  0.00000E+00  0.00000E+00  0.00000E+00  0.00000E+00  0.00000E+00
 1.48770E-04  0.00000E+00  0.00000E+00  0.00000E+00  0.00000E+00  0.00000E+00
 1.55796E-04  0.00000E+00  0.00000E+00  0.00000E+00  0.00000E+00  0.00000E+00
 1.63154E-04  0.00000E+00  0.00000E+00  0.00000E+00  0.00000E+00  0.00000E+00
 1.70858E-04  0.00000E+00  0.00000E+00  0.00000E+00  0.00000E+00  0.00000E+00
 1.78927E-04  0.00000E+00  0.00000E+00  0.00000E+00  0.00000E+00  0.00000E+00
 1.87377E-04  0.00000E+00  0.00000E+00  0.00000E+00  0.00000E+00  0.00000E+00
 1.96226E-04  0.00000E+00  0.00000E+00  0.00000E+00  0.00000E+00  0.00000E+00
 2.05493E-04  0.00000E+00  0.00000E+00  0.00000E+00  0.00000E+00  0.00000E+00
 2.15197E-04  0.00000E+00  0.00000E+00  0.00000E+00  0.00000E+00  0.00000E+00
 2.25360E-04  0.00000E+00  0.00000E+00  0.00000E+00  0.00000E+00  0.00000E+00
 2.36003E-04  0.00000E+00  0.00000E+00  0.00000E+00  0.00000E+00  0.00000E+00
 2.47148E-04  0.00000E+00  0.00000E+00  0.00000E+00  0.00000E+00  0.00000E+00
 2.58820E-04  0.00000E+00  0.00000E+00  0.00000E+00  0.00000E+00  0.00000E+00
 2.71042E-04  0.00000E+00  0.00000E+00  0.00000E+00  0.00000E+00  0.00000E+00
 2.83843E-04  0.00000E+00  0.00000E+00  0.00000E+00  0.00000E+00  0.00000E+00
 2.97247E-04  0.00000E+00  0.00000E+00  0.00000E+00  0.00000E+00  0.00000E+00
 3.11285E-04  0.00000E+00  0.00000E+00  0.00000E+00  0.00000E+00  0.00000E+00
 3.25985E-04  0.00000E+00  0.00000E+00  0.00000E+00  0.00000E+00  0.00000E+00
 3.41380E-04  0.00000E+00  0.00000E+00  0.00000E+00  0.00000E+00  0.00000E+00
 3.57501E-04  0.00000E+00  0.00000E+00  0.00000E+00  0.00000E+00  0.00000E+00
 3.74385E-04  0.00000E+00  0.00000E+00  0.00000E+00  0.00000E+00  0.00000E+00
 3.92065E-04  0.00000E+00  0.00000E+00  0.00000E+00  0.00000E+00  0.00000E+00
 4.10580E-04  0.00000E+00  0.00000E+00  0.00000E+00  0.00000E+00  0.00000E+00
 4.29970E-04  0.00000E+00  0.00000E+00  0.00000E+00  0.00000E+00  0.00000E+00
 4.50275E-04  0.00000E+00  0.00000E+00  0.00000E+00  0.00000E+00  0.00000E+00
 4.71540E-04  0.00000E+00  0.00000E+00  0.00000E+00  0.00000E+00  0.00000E+00
 4.93808E-04  0.00000E+00  0.00000E+00  0.00000E+00  0.00000E+00  0.00000E+00
 5.17129E-04  0.00000E+00  0.00000E+00  0.00000E+00  0.00000E+00  0.00000E+00
 5.41550E-04  0.00000E+00  0.00000E+00  0.00000E+00  0.00000E+00  0.00000E+00
 5.67125E-04  0.00000E+00  0.00000E+00  0.00000E+00  0.00000E+00  0.00000E+00
 5.93907E-04  0.00000E+00  0.00000E+00  0.00000E+00  0.00000E+00  0.00000E+00
 6.21955E-04  0.00000E+00  0.00000E+00  0.00000E+00  0.00000E+00  0.00000E+00
 6.51327E-04  0.00000E+00  0.00000E+00  0.00000E+00  0.00000E+00  0.00000E+00
 6.82086E-04  0.00000E+00  0.00000E+00  0.00000E+00  0.00000E+00  0.00000E+00
 7.14297E-04  0.00000E+00  0.00000E+00  0.00000E+00  0.00000E+00  0.00000E+00
 7.48030E-04  0.00000E+00  0.00000E+00  0.00000E+00  0.00000E+00  0.00000E+00
 7.83356E-04  0.00000E+00  0.00000E+00  0.00000E+00  0.00000E+00  0.00000E+00
 8.20350E-04  0.00000E+00  0.00000E+00  0.00000E+00  0.00000E+00  0.00000E+00
 8.59091E-04  0.00000E+00  0.00000E+00  0.00000E+00  0.00000E+00  0.00000E+00
 8.99662E-04  0.00000E+00  0.00000E+00  0.00000E+00  0.00000E+00  0.00000E+00
 9.42149E-04  0.00000E+00  0.00000E+00  0.00000E+00  0.00000E+00  0.00000E+00
 9.86642E-04  0.00000E+00  0.00000E+00  0.00000E+00  0.00000E+00  0.00000E+00
 1.03324E-03  0.00000E+00  0.00000E+00  0.00000E+00  0.00000E+00  0.00000E+00
 1.08203E-03  0.00000E+00  0.00000E+00  0.00000E+00  0.00000E+00  0.00000E+00
 1.13313E-03  0.00000E+00  0.00000E+00  0.00000E+00  0.00000E+00  0.00000E+00
 1.18664E-03  0.00000E+00  0.00000E+00  0.00000E+00  0.00000E+00  0.00000E+00
 1.24268E-03  0.00000E+00  0.00000E+00  0.00000E+00  0.00000E+00  0.00000E+00
 1.30137E-03  0.00000E+00  0.00000E+00  0.00000E+00  0.00000E+00  0.00000E+00
 1.36283E-03  0.00000E+00  0.00000E+00  0.00000E+00  0.00000E+00  0.00000E+00
 1.42718E-03  0.00000E+00  0.00000E+00  0.00000E+00  0.00000E+00  0.00000E+00
 1.49458E-03  0.00000E+00  0.00000E+00  0.00000E+00  0.00000E+00  0.00000E+00
 1.56517E-03  0.00000E+00  0.00000E+00  0.00000E+00  0.00000E+00  0.00000E+00
 1.63908E-03  0.00000E+00  0.00000E+00  0.00000E+00  0.00000E+00  0.00000E+00
 1.71649E-03  0.00000E+00  0.00000E+00  0.00000E+00  0.00000E+00  0.00000E+00
 1.79755E-03  0.00000E+00  0.00000E+00  0.00000E+00  0.00000E+00  0.00000E+00
 1.88244E-03  0.00000E+00  0.00000E+00  0.00000E+00  0.00000E+00  0.00000E+00
 1.97134E-03  0.00000E+00  0.00000E+00  0.00000E+00  0.00000E+00  0.00000E+00
 2.06443E-03  0.00000E+00  0.00000E+00  0.00000E+00  0.00000E+00  0.00000E+00
 2.16193E-03  0.00000E+00  0.00000E+00  0.00000E+00  0.00000E+00  0.00000E+00
 2.26402E-03  0.00000E+00  0.00000E+00  0.00000E+00  0.00000E+00  0.00000E+00
 2.37094E-03  0.00000E+00  0.00000E+00  0.00000E+00  0.00000E+00  0.00000E+00
 2.48291E-03  0.00000E+00  0.00000E+00  0.00000E+00  0.00000E+00  0.00000E+00
 2.60017E-03  0.00000E+00  0.00000E+00  0.00000E+00  0.00000E+00  0.00000E+00
 2.72296E-03  0.00000E+00  0.00000E+00  0.00000E+00  0.00000E+00  0.00000E+00
 2.85155E-03  0.00000E+00  0.00000E+00  0.00000E+00  0.00000E+00  0.00000E+00
 2.98622E-03  0.00000E+00  0.00000E+00  0.00000E+00  0.00000E+00  0.00000E+00
 3.12724E-03  0.00000E+00  0.00000E+00  0.00000E+00  0.00000E+00  0.00000E+00
 3.27493E-03  0.00000E+00  0.00000E+00  0.00000E+00  0.00000E+00  0.00000E+00
 3.42959E-03  0.00000E+00  0.00000E+00  0.00000E+00  0.00000E+00  0.00000E+00
 3.59155E-03  0.00000E+00  0.00000E+00  0.00000E+00  0.00000E+00  0.00000E+00
 3.76116E-03  0.00000E+00  0.00000E+00  0.00000E+00  0.00000E+00  0.00000E+00
 3.93878E-03  0.00000E+00  0.00000E+00  0.00000E+00  0.00000E+00  0.00000E+00
 4.12479E-03  0.00000E+00  0.00000E+00  0.00000E+00  0.00000E+00  0.00000E+00
 4.31959E-03  0.00000E+00  0.00000E+00  0.00000E+00  0.00000E+00  0.00000E+00
 4.52358E-03  0.00000E+00  0.00000E+00  0.00000E+00  0.00000E+00  0.00000E+00
 4.73721E-03  0.00000E+00  0.00000E+00  0.00000E+00  0.00000E+00  0.00000E+00
 4.96092E-03  0.00000E+00  0.00000E+00  0.00000E+00  0.00000E+00  0.00000E+00
 5.19520E-03  0.00000E+00  0.00000E+00  0.00000E+00  0.00000E+00  0.00000E+00
 5.44055E-03  0.00000E+00  0.00000E+00  0.00000E+00  0.00000E+00  0.00000E+00
 5.69748E-03  0.00000E+00  0.00000E+00  0.00000E+00  0.00000E+00  0.00000E+00
 5.96654E-03  0.00000E+00  0.00000E+00  0.00000E+00  0.00000E+00  0.00000E+00
 6.24831E-03  0.00000E+00  0.00000E+00  0.00000E+00  0.00000E+00  0.00000E+00
 6.54339E-03  0.00000E+00  0.00000E+00  0.00000E+00  0.00000E+00  0.00000E+00
 6.85240E-03  0.00000E+00  0.00000E+00  0.00000E+00  0.00000E+00  0.00000E+00
 7.17601E-03  0.00000E+00  0.00000E+00  0.00000E+00  0.00000E+00  0.00000E+00
 7.51490E-03  0.00000E+00  0.00000E+00  0.00000E+00  0.00000E+00  0.00000E+00
 7.86979E-03  0.00000E+00  0.00000E+00  0.00000E+00  0.00000E+00  0.00000E+00
 8.24144E-03  0.00000E+00  0.00000E+00  0.00000E+00  0.00000E+00  0.00000E+00
 8.63065E-03  0.00000E+00  0.00000E+00  0.00000E+00  0.00000E+00  0.00000E+00
 9.03823E-03  0.00000E+00  0.00000E+00  0.00000E+00  0.00000E+00  0.00000E+00
 9.46506E-03  0.00000E+00  0.00000E+00  0.00000E+00  0.00000E+00  0.00000E+00
 9.91205E-03  0.00000E+00  0.00000E+00  0.00000E+00  0.00000E+00  0.00000E+00
 1.03802E-02  0.00000E+00  0.00000E+00  0.00000E+00  0.00000E+00  0.00000E+00
 1.08704E-02  0.00000E+00  0.00000E+00  0.00000E+00  0.00000E+00  0.00000E+00
 1.13837E-02  0.00000E+00  0.00000E+00  0.00000E+00  0.00000E+00  0.00000E+00
 1.19213E-02  0.00000E+00  0.00000E+00  0.00000E+00  0.00000E+00  0.00000E+00
 1.24843E-02  0.00000E+00  0.00000E+00  0.00000E+00  0.00000E+00  0.00000E+00
 1.30739E-02  0.00000E+00  0.00000E+00  0.00000E+00  0.00000E+00  0.00000E+00
 1.36913E-02  0.00000E+00  0.00000E+00  0.00000E+00  0.00000E+00  0.00000E+00
 1.43379E-02  0.00000E+00  0.00000E+00  0.00000E+00  0.00000E+00  0.00000E+00
 1.50150E-02  0.00000E+00  0.00000E+00  0.00000E+00  0.00000E+00  0.00000E+00
 1.57240E-02  0.00000E+00  0.00000E+00  0.00000E+00  0.00000E+00  0.00000E+00
 1.64666E-02  0.00000E+00  0.00000E+00  0.00000E+00  0.00000E+00  0.00000E+00
 1.72443E-02  0.00000E+00  0.00000E+00  1.03531E+01  0.00000E+00  0.00000E+00
 1.80586E-02  0.00000E+00  0.00000E+00  0.00000E+00  0.00000E+00  0.00000E+00
 1.89114E-02  0.00000E+00  0.00000E+00  0.00000E+00  0.00000E+00  0.00000E+00
 1.98045E-02  0.00000E+00  0.00000E+00  0.00000E+00  0.00000E+00  0.00000E+00
 2.07398E-02  0.00000E+00  0.00000E+00  0.00000E+00  0.00000E+00  0.00000E+00
 2.17193E-02  0.00000E+00  0.00000E+00  0.00000E+00  0.00000E+00  0.00000E+00
 2.27450E-02  7.27757E+05  7.30749E+06  7.35104E+05  2.18490E+05  1.40648E+06
 2.38191E-02  2.36294E+07  3.03544E+07  5.00293E+06  1.08643E+06  1.39620E+07
 2.49439E-02  9.81573E+07  2.03704E+08  3.71410E+07  7.07953E+06  7.74585E+07
 2.61219E-02  1.06962E+08  2.00489E+08  5.93185E+07  7.98127E+06  7.75173E+07
 2.73555E-02  1.20953E+08  2.49194E+08  5.59357E+07  9.80287E+06  1.03863E+08
 2.86474E-02  7.73062E+07  1.69095E+08  4.14737E+07  6.57473E+06  6.68071E+07
 3.00003E-02  1.03057E+08  2.31428E+08  4.52730E+07  8.40634E+06  9.09062E+07
 3.14171E-02  1.44185E+08  2.92392E+08  8.33158E+07  1.17641E+07  1.18214E+08
 3.29007E-02  1.37528E+08  2.84043E+08  7.22552E+07  1.01885E+07  1.16436E+08
 3.44545E-02  1.23941E+08  2.43396E+08  5.44491E+07  7.18734E+06  8.43405E+07
 3.60816E-02  1.24569E+08  2.61709E+08  6.76161E+07  7.85150E+06  1.07036E+08
 3.77856E-02  1.34018E+08  2.59586E+08  7.93248E+07  1.23690E+07  1.08411E+08
 3.95700E-02  1.08705E+08  2.80303E+08  8.96953E+07  9.13161E+06  1.18337E+08
 4.14387E-02  1.71492E+08  3.61488E+08  1.22390E+08  1.37758E+07  1.43974E+08
 4.33956E-02  1.58510E+08  3.36120E+08  1.00912E+08  1.36135E+07  1.43028E+08
 4.54450E-02  1.64598E+08  3.11687E+08  1.00158E+08  1.26766E+07  1.46593E+08
 4.75912E-02  1.44700E+08  3.28879E+08  1.19131E+08  1.56063E+07  1.56589E+08
 4.98387E-02  1.82584E+08  4.15257E+08  1.31499E+08  2.14811E+07  1.91842E+08
 5.21923E-02  2.77902E+08  7.10029E+08  2.71027E+08  4.04942E+07  3.12800E+08
 5.46571E-02  2.86327E+08  5.67008E+08  2.06508E+08  3.57009E+07  2.50243E+08
 5.72383E-02  2.59485E+08  6.49612E+08  2.52406E+08  4.39512E+07  2.73490E+08
 5.99414E-02  2.37125E+08  6.01892E+08  2.30096E+08  3.86519E+07  2.52259E+08
 6.27721E-02  2.96527E+08  6.99078E+08  2.63301E+08  4.63328E+07  2.89677E+08
 6.57365E-02  1.97347E+08  5.53788E+08  2.30965E+08  3.65402E+07  2.49346E+08
 6.88410E-02  2.33633E+08  5.27371E+08  2.13429E+08  3.60665E+07  2.35309E+08
 7.20920E-02  2.19857E+08  4.94181E+08  2.36818E+08  4.16256E+07  2.36904E+08
 7.54966E-02  1.78913E+08  4.27811E+08  2.25953E+08  4.29777E+07  2.16211E+08
 7.90619E-02  1.67382E+08  4.00413E+08  2.07235E+08  4.22979E+07  1.92926E+08
 8.27956E-02  1.93184E+08  3.96900E+08  2.34962E+08  4.78470E+07  2.06379E+08
 8.67056E-02  1.93087E+08  4.03707E+08  2.44679E+08  4.49511E+07  2.07302E+08
 9.08003E-02  4.85702E+09  1.17323E+10  4.91912E+09  2.23859E+08  7.14228E+09
 9.50884E-02  2.40794E+10  5.07846E+10  2.37365E+10  1.71551E+09  3.03932E+10
 9.95790E-02  3.24235E+10  5.96271E+10  3.07393E+10  3.62042E+09  3.57583E+10
 1.04282E-01  3.43065E+10  6.09964E+10  3.23886E+10  4.14099E+09  3.64430E+10
 1.09206E-01  4.02319E+10  6.81358E+10  3.76554E+10  5.98512E+09  4.04698E+10
 1.14364E-01  4.09757E+10  6.97891E+10  3.81288E+10  6.07769E+09  4.09970E+10
 1.19764E-01  3.14356E+10  5.78790E+10  3.06014E+10  4.09127E+09  3.42283E+10
 1.25420E-01  3.75240E+10  6.49926E+10  3.61557E+10  5.86398E+09  3.89644E+10
 1.31343E-01  3.93102E+10  6.71032E+10  3.87075E+10  6.97393E+09  4.06444E+10
 1.37546E-01  3.86148E+10  6.56643E+10  3.84545E+10  7.24394E+09  4.00707E+10
 1.44042E-01  3.73344E+10  6.41174E+10  3.89665E+10  7.41663E+09  3.97467E+10
 1.50844E-01  3.59240E+10  6.30065E+10  3.86004E+10  7.29248E+09  4.03666E+10
 1.57968E-01  3.49523E+10  6.45741E+10  3.98083E+10  7.41863E+09  4.29813E+10
 1.65428E-01  3.38616E+10  6.15999E+10  3.77164E+10  7.04560E+09  4.08129E+10
 1.73240E-01  3.11142E+10  5.60414E+10  3.41932E+10  6.62666E+09  3.68351E+10
 1.81421E-01  2.84238E+10  5.08862E+10  3.07086E+10  5.98429E+09  3.28881E+10
 1.89989E-01  2.55534E+10  4.40797E+10  2.65291E+10  5.24791E+09  2.79589E+10
 1.98961E-01  2.37699E+10  3.93830E+10  2.33212E+10  4.89370E+09  2.44712E+10
 2.08357E-01  2.13219E+10  3.44390E+10  2.03181E+10  4.43445E+09  2.10180E+10
 2.18197E-01  1.93571E+10  3.14207E+10  1.83096E+10  4.10291E+09  1.86112E+10
 2.28502E-01  1.74526E+10  2.83222E+10  1.66951E+10  3.70749E+09  1.70219E+10
 2.39293E-01  1.69586E+10  2.68553E+10  1.58483E+10  3.48117E+09  1.61500E+10
 2.50593E-01  1.58706E+10  2.61760E+10  1.56385E+10  3.50073E+09  1.57160E+10
 2.62427E-01  1.61997E+10  2.57126E+10  1.54709E+10  3.59608E+09  1.57148E+10
 2.74821E-01  1.51422E+10  2.46930E+10  1.52019E+10  3.51065E+09  1.53227E+10
 2.87799E-01  1.50216E+10  2.40192E+10  1.52667E+10  3.55370E+09  1.50514E+10
 3.01390E-01  1.45630E+10  2.32269E+10  1.48898E+10  3.63872E+09  1.45205E+10
 3.15624E-01  1.38831E+10  2.23703E+10  1.45790E+10  3.45734E+09  1.41494E+10
 3.30529E-01  1.35739E+10  2.15284E+10  1.41798E+10  3.42292E+09  1.37537E+10
 3.46138E-01  1.30456E+10  2.07391E+10  1.38970E+10  3.44961E+09  1.35001E+10
 3.62485E-01  1.25038E+10  2.03928E+10  1.38058E+10  3.43060E+09  1.32672E+10
 3.79603E-01  1.69395E+10  2.73612E+10  1.91038E+10  4.96965E+09  1.76868E+10
 3.97530E-01  1.96629E+10  3.07498E+10  2.23757E+10  6.20536E+09  1.96448E+10
 4.16304E-01  2.02528E+10  3.04604E+10  2.19814E+10  6.31410E+09  1.95192E+10
 4.35964E-01  1.90478E+10  2.88716E+10  2.14232E+10  6.23509E+09  1.87113E+10
 4.56552E-01  1.95313E+10  2.87707E+10  2.14079E+10  6.44768E+09  1.86173E+10
 4.78113E-01  1.82613E+10  2.70200E+10  2.02793E+10  6.02047E+09  1.73276E+10
 5.00692E-01  1.77980E+10  2.59365E+10  1.97285E+10  6.12042E+09  1.67396E+10
 5.24337E-01  1.66351E+10  2.48005E+10  1.89569E+10  5.72081E+09  1.59557E+10
 5.49099E-01  1.60187E+10  2.33655E+10  1.83362E+10  5.78869E+09  1.51246E+10
 5.75030E-01  1.58570E+10  2.24869E+10  1.75834E+10  5.60304E+09  1.43455E+10
 6.02186E-01  1.51555E+10  2.13860E+10  1.67019E+10  5.40705E+09  1.35899E+10
 6.30624E-01  1.43428E+10  2.01964E+10  1.59057E+10  5.39322E+09  1.30074E+10
 6.60406E-01  1.37706E+10  1.87884E+10  1.50602E+10  5.10883E+09  1.20830E+10
 6.91594E-01  1.31048E+10  1.81843E+10  1.45742E+10  4.97412E+09  1.16936E+10
 7.24254E-01  1.28779E+10  1.71819E+10  1.41301E+10  4.71084E+09  1.09614E+10
 7.58457E-01  1.23551E+10  1.62033E+10  1.33292E+10  4.68964E+09  1.03614E+10
 7.94276E-01  1.19140E+10  1.56893E+10  1.25205E+10  4.62939E+09  9.64871E+09
 8.31785E-01  1.13073E+10  1.46422E+10  1.22722E+10  4.42889E+09  9.23425E+09
 8.71067E-01  1.11229E+10  1.43571E+10  1.21085E+10  4.32768E+09  8.93771E+09
 9.12203E-01  1.12133E+10  1.42595E+10  1.18532E+10  4.31546E+09  8.81327E+09
 9.55282E-01  1.07280E+10  1.33998E+10  1.14716E+10  4.26144E+09  8.27237E+09
 1.00040E+00  1.05450E+10  1.27263E+10  1.06877E+10  4.15201E+09  7.82122E+09
 1.04764E+00  9.97542E+09  1.20636E+10  1.03296E+10  4.00885E+09  7.39323E+09
 1.09711E+00  9.41900E+09  1.13354E+10  9.89885E+09  3.76610E+09  6.97257E+09
 1.14893E+00  9.08752E+09  1.07787E+10  9.15376E+09  3.66515E+09  6.55565E+09
 1.20318E+00  8.84700E+09  1.00711E+10  8.74575E+09  3.60265E+09  6.07333E+09
 1.26000E+00  8.37351E+09  9.53218E+09  8.18493E+09  3.43020E+09  5.81176E+09
 1.31951E+00  8.34265E+09  9.09732E+09  7.97693E+09  3.27118E+09  5.35123E+09
 1.38182E+00  7.82376E+09  8.37472E+09  7.66732E+09  3.23730E+09  5.03607E+09
 1.44708E+00  8.00051E+09  8.05492E+09  7.36286E+09  3.16949E+09  4.79875E+09
 1.51542E+00  7.24227E+09  7.69170E+09  6.82825E+09  2.97843E+09  4.66221E+09
 1.58698E+00  7.26741E+09  7.37028E+09  6.79977E+09  2.96929E+09  4.39462E+09
 1.66193E+00  6.85815E+09  6.96963E+09  6.35540E+09  2.77401E+09  4.05101E+09
 1.74041E+00  6.42080E+09  6.22410E+09  5.84587E+09  2.54905E+09  3.71439E+09
 1.82261E+00  5.67396E+09  5.54350E+09  5.43113E+09  2.45803E+09  3.30753E+09
 1.90868E+00  5.47332E+09  5.21403E+09  4.89167E+09  2.19071E+09  3.00597E+09
 1.99882E+00  5.03822E+09  4.72059E+09  4.59816E+09  2.04308E+09  2.69899E+09
 2.09321E+00  4.46282E+09  4.18037E+09  4.19405E+09  1.84678E+09  2.51218E+09
 2.19206E+00  4.05391E+09  3.76313E+09  3.73769E+09  1.76803E+09  2.22341E+09
 2.29558E+00  3.71462E+09  3.44182E+09  3.27018E+09  1.53635E+09  1.96129E+09
 2.40399E+00  3.28515E+09  2.96529E+09  2.85596E+09  1.33791E+09  1.69069E+09
 2.51752E+00  3.02199E+09  2.68851E+09  2.60611E+09  1.22142E+09  1.54663E+09
 2.63641E+00  2.76866E+09  2.45849E+09  2.38547E+09  1.19031E+09  1.37727E+09
 2.76092E+00  2.58977E+09  2.28839E+09  2.21465E+09  1.06948E+09  1.28493E+09
 2.89130E+00  2.21842E+09  2.03467E+09  2.04351E+09  1.03453E+09  1.18577E+09
 3.02784E+00  2.07564E+09  1.88636E+09  1.78961E+09  9.31089E+08  1.06277E+09
 3.17083E+00  1.87901E+09  1.58668E+09  1.62569E+09  8.05118E+08  8.85953E+08
 3.32058E+00  1.68849E+09  1.40782E+09  1.45705E+09  7.48678E+08  7.98024E+08
 3.47739E+00  1.45977E+09  1.32716E+09  1.35671E+09  6.60851E+08  7.56801E+08
 3.64161E+00  1.38721E+09  1.11581E+09  1.12281E+09  6.27904E+08  6.69788E+08
 3.81359E+00  1.28529E+09  1.03583E+09  1.02524E+09  5.49333E+08  5.72293E+08
 3.99369E+00  1.11158E+09  9.41354E+08  9.50838E+08  5.11626E+08  5.16669E+08
 4.18229E+00  9.41555E+08  8.45160E+08  8.39713E+08  4.13839E+08  4.56428E+08
 4.37980E+00  9.04658E+08  6.54387E+08  7.26737E+08  3.73086E+08  3.98786E+08
 4.58664E+00  6.74796E+08  5.71859E+08  6.11857E+08  3.24069E+08  3.10391E+08
 4.80324E+00  6.26197E+08  5.11326E+08  5.31206E+08  3.04732E+08  2.68976E+08
 5.03007E+00  5.11248E+08  4.68405E+08  4.95038E+08  2.56262E+08  2.48659E+08
 5.26762E+00  5.36801E+08  4.00004E+08  4.50681E+08  2.77680E+08  2.26343E+08
 5.51639E+00  4.80414E+08  3.52958E+08  3.76306E+08  2.40650E+08  2.11629E+08
 5.77690E+00  4.35949E+08  3.13049E+08  3.77334E+08  2.21896E+08  2.08031E+08
 6.04971E+00  3.62833E+08  3.24448E+08  3.51379E+08  1.65233E+08  1.76906E+08
 6.33541E+00  3.81044E+08  2.54731E+08  2.74137E+08  1.81604E+08  1.56018E+08
 6.63460E+00  3.54203E+08  2.64565E+08  2.63961E+08  1.59583E+08  1.47029E+08
 6.94792E+00  2.82826E+08  1.95359E+08  2.37077E+08  1.25264E+08  1.08963E+08
 7.27604E+00  2.54959E+08  1.96020E+08  2.38244E+08  1.30506E+08  1.18037E+08
 7.61965E+00  2.34281E+08  1.62726E+08  1.93221E+08  1.10475E+08  9.01737E+07
 7.97949E+00  2.65890E+08  1.40602E+08  1.97656E+08  1.06625E+08  7.86978E+07
 8.35632E+00  2.89085E+08  1.38016E+08  1.80985E+08  9.33873E+07  6.86071E+07
 8.75095E+00  3.14808E+08  1.12134E+08  1.35123E+08  8.93339E+07  7.28459E+07
 9.16422E+00  4.58026E+08  9.63445E+07  1.18623E+08  8.07650E+07  5.60117E+07
 9.59700E+00  6.40055E+08  9.17060E+07  1.09874E+08  6.68159E+07  5.65064E+07
 1.00502E+01  1.04426E+09  8.38352E+07  9.51144E+07  7.16916E+07  6.31360E+07
 1.05248E+01  1.63390E+09  7.26161E+07  1.27368E+08  8.02149E+07  6.14426E+07
 1.10219E+01  2.69547E+09  5.91375E+07  1.38273E+08  9.11857E+07  7.87282E+07
 1.15424E+01  4.05320E+09  6.90218E+07  1.82317E+08  1.49579E+08  1.06924E+08
 1.20875E+01  6.01731E+09  7.62022E+07  2.79708E+08  2.44867E+08  1.43584E+08
 1.26583E+01  9.31576E+09  9.32846E+07  4.26357E+08  3.64457E+08  1.94906E+08
 1.32561E+01  1.38806E+10  1.29644E+08  6.63551E+08  6.01534E+08  3.02111E+08
 1.38821E+01  1.98344E+10  1.56031E+08  1.11164E+09  1.00157E+09  5.04238E+08
 1.45377E+01  2.83416E+10  2.96775E+08  1.85685E+09  1.62337E+09  7.47775E+08
 1.52243E+01  3.88851E+10  5.28820E+08  2.94976E+09  2.53801E+09  1.18851E+09
 1.59432E+01  5.41996E+10  8.98937E+08  4.61986E+09  3.87826E+09  1.84203E+09
 1.66962E+01  7.31947E+10  1.50699E+09  7.20670E+09  5.94907E+09  2.77214E+09
 1.74846E+01  9.73191E+10  2.39942E+09  1.06456E+10  8.90178E+09  4.26362E+09
 1.83104E+01  1.27713E+11  3.76427E+09  1.59296E+10  1.28832E+10  5.88464E+09
 1.91751E+01  1.62027E+11  5.90805E+09  2.29129E+10  1.84970E+10  8.62195E+09
 2.00806E+01  2.04252E+11  8.78009E+09  3.21445E+10  2.57747E+10  1.18794E+10
 2.10289E+01  2.51591E+11  1.29277E+10  4.48309E+10  3.52415E+10  1.62224E+10
 2.20220E+01  3.07976E+11  1.86032E+10  6.04184E+10  4.75826E+10  2.17477E+10
 2.30620E+01  3.70861E+11  2.60372E+10  8.05866E+10  6.27900E+10  2.88542E+10
 2.41511E+01  4.37838E+11  3.60631E+10  1.04692E+11  8.15790E+10  3.76269E+10
 2.52917E+01  5.15158E+11  4.91579E+10  1.35095E+11  1.04062E+11  4.83113E+10
 2.64861E+01  5.94849E+11  6.45840E+10  1.70117E+11  1.30079E+11  6.04213E+10
 2.77369E+01  6.77859E+11  8.30006E+10  2.10313E+11  1.60100E+11  7.42037E+10
 2.90467E+01  7.65468E+11  1.05675E+11  2.54643E+11  1.94319E+11  8.92352E+10
 3.04185E+01  8.43250E+11  1.29845E+11  3.04270E+11  2.30048E+11  1.05923E+11
 3.18550E+01  9.23686E+11  1.56748E+11  3.55515E+11  2.68720E+11  1.22718E+11
 3.33594E+01  9.92217E+11  1.84320E+11  4.08130E+11  3.07930E+11  1.38779E+11
 3.49348E+01  1.05632E+12  2.11984E+11  4.59225E+11  3.47204E+11  1.54042E+11
 3.65846E+01  1.10670E+12  2.37810E+11  5.08324E+11  3.83682E+11  1.68019E+11
 3.83123E+01  1.14167E+12  2.62401E+11  5.51503E+11  4.18119E+11  1.79042E+11
 4.01216E+01  1.16348E+12  2.83962E+11  5.87180E+11  4.47767E+11  1.87678E+11
 4.20163E+01  1.17226E+12  3.00331E+11  6.15854E+11  4.71581E+11  1.93311E+11
 4.40006E+01  1.16415E+12  3.12158E+11  6.36896E+11  4.89093E+11  1.96319E+11
 4.60785E+01  1.14327E+12  3.19913E+11  6.48471E+11  4.99754E+11  1.96301E+11
 4.82546E+01  1.11354E+12  3.21766E+11  6.48633E+11  5.04572E+11  1.93133E+11
 5.05334E+01  1.06826E+12  3.18679E+11  6.43171E+11  5.01928E+11  1.87661E+11
 5.29198E+01  1.01712E+12  3.12592E+11  6.27815E+11  4.93113E+11  1.79857E+11
 5.54190E+01  9.60396E+11  3.01541E+11  6.05517E+11  4.79284E+11  1.71747E+11
 5.80362E+01  8.97455E+11  2.88202E+11  5.76986E+11  4.59244E+11  1.60742E+11
 6.07769E+01  8.31911E+11  2.70841E+11  5.45369E+11  4.36744E+11  1.50238E+11
 6.36471E+01  7.67597E+11  2.52993E+11  5.09726E+11  4.10443E+11  1.38547E+11
 6.66529E+01  7.00680E+11  2.34286E+11  4.71861E+11  3.81895E+11  1.26560E+11
 6.98006E+01  6.34831E+11  2.15933E+11  4.32561E+11  3.52290E+11  1.14766E+11
 7.30969E+01  5.70959E+11  1.96582E+11  3.93444E+11  3.22313E+11  1.03980E+11
 7.65489E+01  5.09992E+11  1.77107E+11  3.54351E+11  2.92462E+11  9.29656E+10
 8.01640E+01  4.53977E+11  1.58885E+11  3.18374E+11  2.63262E+11  8.32117E+10
 8.39497E+01  4.03188E+11  1.41636E+11  2.82845E+11  2.34939E+11  7.37645E+10
 8.79143E+01  3.53067E+11  1.24970E+11  2.50257E+11  2.08893E+11  6.48745E+10
 9.20660E+01  3.08842E+11  1.09448E+11  2.20606E+11  1.83627E+11  5.68707E+10
 9.64139E+01  2.69821E+11  9.54918E+10  1.91471E+11  1.62033E+11  5.00323E+10
 1.00967E+02  2.32987E+11  8.32297E+10  1.66116E+11  1.39833E+11  4.32114E+10
 1.05735E+02  2.02750E+11  7.23279E+10  1.43275E+11  1.21577E+11  3.75557E+10
 1.10729E+02  1.72482E+11  6.23519E+10  1.24004E+11  1.05622E+11  3.24999E+10
 1.15958E+02  1.48681E+11  5.30795E+10  1.05299E+11  9.03428E+10  2.79655E+10
 1.21434E+02  1.26129E+11  4.52010E+10  9.01579E+10  7.73142E+10  2.40777E+10
 1.27169E+02  1.07820E+11  3.89081E+10  7.67858E+10  6.51446E+10  2.08201E+10
 1.33174E+02  9.04140E+10  3.30848E+10  6.48699E+10  5.57531E+10  1.76941E+10
 1.39463E+02  7.78373E+10  2.75025E+10  5.45148E+10  4.71685E+10  1.49950E+10
 1.46050E+02  6.53602E+10  2.33113E+10  4.62430E+10  3.94051E+10  1.29488E+10
 1.52947E+02  5.48705E+10  1.95738E+10  3.87474E+10  3.34846E+10  1.10794E+10
 1.60170E+02  4.56748E+10  1.64764E+10  3.21474E+10  2.76910E+10  9.30090E+09
 1.67734E+02  3.83439E+10  1.37060E+10  2.65818E+10  2.31963E+10  7.91364E+09
 1.75655E+02  3.12937E+10  1.12794E+10  2.20087E+10  1.90899E+10  6.58711E+09
 1.83950E+02  2.65596E+10  9.46341E+09  1.83610E+10  1.60761E+10  5.51338E+09
 1.92637E+02  2.15088E+10  7.95995E+09  1.47050E+10  1.31781E+10  4.61352E+09
 2.01735E+02  1.79906E+10  6.36556E+09  1.22259E+10  1.05917E+10  3.85047E+09
 2.11262E+02  1.46126E+10  5.18475E+09  1.01354E+10  8.64025E+09  3.16243E+09
 2.21239E+02  1.19360E+10  4.32612E+09  8.31970E+09  7.23272E+09  2.67457E+09
 2.31687E+02  9.88950E+09  3.50296E+09  6.76708E+09  5.82365E+09  2.19858E+09
 2.42628E+02  7.99608E+09  2.79139E+09  5.54218E+09  4.85409E+09  1.82823E+09
 2.54086E+02  6.60524E+09  2.27555E+09  4.48340E+09  3.87572E+09  1.44012E+09
 2.66086E+02  5.37112E+09  1.88353E+09  3.59973E+09  3.17913E+09  1.25957E+09
 2.78652E+02  4.23207E+09  1.48233E+09  2.95772E+09  2.58823E+09  1.02205E+09
 2.91811E+02  3.57430E+09  1.22979E+09  2.45624E+09  2.02979E+09  8.29057E+08
 3.05592E+02  2.77378E+09  1.01843E+09  1.88671E+09  1.63196E+09  6.55004E+08
 3.20023E+02  2.27845E+09  8.17690E+08  1.49525E+09  1.31253E+09  5.48091E+08
 3.35136E+02  1.80023E+09  6.05787E+08  1.26431E+09  1.08813E+09  4.44295E+08
 3.50963E+02  1.52091E+09  5.09903E+08  9.84630E+08  8.93135E+08  3.68621E+08
 3.67538E+02  1.29433E+09  4.26164E+08  7.87321E+08  6.73299E+08  2.72488E+08
 3.84895E+02  8.97500E+08  3.48118E+08  6.80817E+08  6.03458E+08  2.37541E+08
 4.03071E+02  7.22820E+08  2.53483E+08  5.60051E+08  4.41857E+08  1.85676E+08
 4.22107E+02  5.90635E+08  2.12715E+08  4.38915E+08  3.35695E+08  1.49709E+08
 4.42041E+02  4.94153E+08  1.69438E+08  3.58735E+08  3.03336E+08  1.34320E+08
 4.62916E+02  4.44982E+08  1.39948E+08  3.07120E+08  2.47029E+08  1.10617E+08
 4.84777E+02  3.46285E+08  1.18280E+08  1.97078E+08  1.85554E+08  7.78957E+07
 5.07671E+02  2.92295E+08  1.06075E+08  1.57677E+08  1.66845E+08  6.04762E+07
 5.31646E+02  2.33188E+08  6.78215E+07  1.34511E+08  1.12817E+08  5.53734E+07
 5.56753E+02  1.26197E+08  5.56492E+07  1.02442E+08  9.47583E+07  4.34561E+07
 5.83046E+02  1.02110E+08  4.50947E+07  6.52056E+07  6.85235E+07  3.20003E+07
 6.10580E+02  1.11520E+08  3.46541E+07  5.81606E+07  6.55117E+07  2.49132E+07
 6.39415E+02  6.79420E+07  3.74235E+07  6.69784E+07  4.17323E+07  2.43981E+07
 6.69612E+02  4.93972E+07  2.04150E+07  4.77746E+07  3.09475E+07  1.78644E+07
 7.01234E+02  3.83968E+07  2.84238E+07  3.73352E+07  3.15141E+07  1.57755E+07
 7.34350E+02  3.86962E+07  1.51324E+07  3.12957E+07  2.86592E+07  6.37448E+06
 7.69030E+02  4.51409E+07  1.24808E+07  2.23796E+07  1.75784E+07  1.29280E+07
 8.05347E+02  2.31716E+07  1.24905E+07  1.49146E+07  1.21513E+07  5.94710E+06
 8.43380E+02  2.06249E+07  8.02006E+06  1.64539E+07  1.65630E+07  8.23071E+06
 8.83209E+02  1.29421E+07  1.24807E+07  1.34251E+07  1.32876E+07  4.15579E+06
 9.24919E+02  1.53567E+07  4.45068E+06  1.04610E+07  1.10732E+07  2.93502E+06
 9.68598E+02  1.02917E+07  4.42677E+06  4.46845E+06  8.86872E+06  4.10707E+06
 1.01434E+03  7.83565E+06  1.76168E+06  4.48756E+06  6.61818E+06  1.76716E+06
 1.06224E+03  5.19023E+06  8.92202E+05  4.48167E+06  3.32836E+06  1.19338E+06
 1.11241E+03  5.02811E+06  1.78780E+06  1.04345E+07  3.30695E+06  5.96187E+05
 1.16494E+03  2.39819E+06  8.94387E+05  4.50064E+06  2.22351E+06  2.37732E+06
 1.21996E+03  0.00000E+00  1.78585E+06  3.00086E+06  3.33884E+06  1.18647E+06
 1.27757E+03  5.25611E+06  1.78882E+06  0.00000E+00  0.00000E+00  0.00000E+00
 1.33790E+03  0.00000E+00  0.00000E+00  1.49766E+06  2.22539E+06  1.19318E+06
 1.40108E+03  0.00000E+00  0.00000E+00  0.00000E+00  1.11271E+06  5.94677E+05
 1.46725E+03  0.00000E+00  0.00000E+00  1.50059E+06  1.09595E+06  5.86601E+05
 1.53654E+03  7.85271E+06  8.94445E+05  2.99760E+06  0.00000E+00  0.00000E+00
 1.60911E+03  0.00000E+00  0.00000E+00  1.50038E+06  0.00000E+00  0.00000E+00
 1.68510E+03  0.00000E+00  0.00000E+00  1.49578E+06  1.11335E+06  0.00000E+00
 1.76467E+03  0.00000E+00  8.94446E+05  0.00000E+00  0.00000E+00  0.00000E+00
 1.84801E+03  2.61760E+06  8.93421E+05  0.00000E+00  0.00000E+00  0.00000E+00
 1.93528E+03  0.00000E+00  0.00000E+00  1.49866E+06  0.00000E+00  0.00000E+00
 2.02668E+03  0.00000E+00  0.00000E+00  0.00000E+00  0.00000E+00  0.00000E+00
 2.12239E+03  0.00000E+00  0.00000E+00  1.50031E+06  0.00000E+00  0.00000E+00
 2.22262E+03  0.00000E+00  0.00000E+00  0.00000E+00  0.00000E+00  0.00000E+00
 2.32758E+03  0.00000E+00  0.00000E+00  0.00000E+00  0.00000E+00  0.00000E+00
 2.43750E+03  0.00000E+00  0.00000E+00  0.00000E+00  0.00000E+00  0.00000E+00
 2.55261E+03  0.00000E+00  0.00000E+00  0.00000E+00  0.00000E+00  0.00000E+00
 2.67316E+03  0.00000E+00  0.00000E+00  0.00000E+00  0.00000E+00  0.00000E+00
 2.79940E+03  0.00000E+00  0.00000E+00  0.00000E+00  0.00000E+00  0.00000E+00
 2.93161E+03  0.00000E+00  0.00000E+00  0.00000E+00  0.00000E+00  0.00000E+00
 3.07005E+03  0.00000E+00  0.00000E+00  0.00000E+00  0.00000E+00  0.00000E+00
 3.21503E+03  0.00000E+00  0.00000E+00  0.00000E+00  0.00000E+00  0.00000E+00
 3.36687E+03  0.00000E+00  0.00000E+00  0.00000E+00  0.00000E+00  0.00000E+00
 3.52587E+03  0.00000E+00  0.00000E+00  0.00000E+00  0.00000E+00  0.00000E+00
 3.69238E+03  0.00000E+00  0.00000E+00  0.00000E+00  0.00000E+00  0.00000E+00
 3.86675E+03  0.00000E+00  0.00000E+00  0.00000E+00  0.00000E+00  0.00000E+00
 4.04936E+03  0.00000E+00  0.00000E+00  0.00000E+00  0.00000E+00  0.00000E+00
 4.24059E+03  0.00000E+00  0.00000E+00  0.00000E+00  0.00000E+00  0.00000E+00
 4.44085E+03  0.00000E+00  0.00000E+00  0.00000E+00  0.00000E+00  0.00000E+00
 4.65057E+03  0.00000E+00  0.00000E+00  0.00000E+00  0.00000E+00  0.00000E+00
 4.87020E+03  0.00000E+00  0.00000E+00  0.00000E+00  0.00000E+00  0.00000E+00
 5.10019E+03  0.00000E+00  0.00000E+00  0.00000E+00  0.00000E+00  0.00000E+00
 5.34105E+03  0.00000E+00  0.00000E+00  0.00000E+00  0.00000E+00  0.00000E+00
 5.59328E+03  0.00000E+00  0.00000E+00  0.00000E+00  0.00000E+00  0.00000E+00
 5.85742E+03  0.00000E+00  0.00000E+00  0.00000E+00  0.00000E+00  0.00000E+00
 6.13404E+03  0.00000E+00  0.00000E+00  0.00000E+00  0.00000E+00  0.00000E+00
 6.42372E+03  0.00000E+00  0.00000E+00  0.00000E+00  0.00000E+00  0.00000E+00
 6.72709E+03  0.00000E+00  0.00000E+00  0.00000E+00  0.00000E+00  0.00000E+00
 7.04477E+03  0.00000E+00  0.00000E+00  0.00000E+00  0.00000E+00  0.00000E+00
 7.37746E+03  0.00000E+00  0.00000E+00  0.00000E+00  0.00000E+00  0.00000E+00
 7.72587E+03  0.00000E+00  0.00000E+00  0.00000E+00  0.00000E+00  0.00000E+00
 8.09072E+03  0.00000E+00  0.00000E+00  0.00000E+00  0.00000E+00  0.00000E+00
 8.47281E+03  0.00000E+00  0.00000E+00  0.00000E+00  0.00000E+00  0.00000E+00
 8.87294E+03  0.00000E+00  0.00000E+00  0.00000E+00  0.00000E+00  0.00000E+00
 9.29196E+03  0.00000E+00  0.00000E+00  0.00000E+00  0.00000E+00  0.00000E+00
 9.73078E+03  0.00000E+00  0.00000E+00  0.00000E+00  0.00000E+00  0.00000E+00
 1.01903E+04  0.00000E+00  0.00000E+00  0.00000E+00  0.00000E+00  0.00000E+00
 1.06716E+04  0.00000E+00  0.00000E+00  0.00000E+00  0.00000E+00  0.00000E+00
 1.11755E+04  0.00000E+00  0.00000E+00  0.00000E+00  0.00000E+00  0.00000E+00
 1.17033E+04  0.00000E+00  0.00000E+00  0.00000E+00  0.00000E+00  0.00000E+00
 1.22560E+04  0.00000E+00  0.00000E+00  0.00000E+00  0.00000E+00  0.00000E+00
 1.28348E+04  0.00000E+00  0.00000E+00  0.00000E+00  0.00000E+00  0.00000E+00
 1.34409E+04  0.00000E+00  0.00000E+00  0.00000E+00  0.00000E+00  0.00000E+00
 1.40756E+04  0.00000E+00  0.00000E+00  0.00000E+00  0.00000E+00  0.00000E+00
 1.47404E+04  0.00000E+00  0.00000E+00  0.00000E+00  0.00000E+00  0.00000E+00
 1.54365E+04  0.00000E+00  0.00000E+00  0.00000E+00  0.00000E+00  0.00000E+00
 1.61655E+04  0.00000E+00  0.00000E+00  0.00000E+00  0.00000E+00  0.00000E+00
 1.69289E+04  0.00000E+00  0.00000E+00  0.00000E+00  0.00000E+00  0.00000E+00
 1.77284E+04  0.00000E+00  0.00000E+00  0.00000E+00  0.00000E+00  0.00000E+00
 1.85656E+04  0.00000E+00  0.00000E+00  0.00000E+00  0.00000E+00  0.00000E+00
 1.94424E+04  0.00000E+00  0.00000E+00  0.00000E+00  0.00000E+00  0.00000E+00
 2.03605E+04  0.00000E+00  0.00000E+00  0.00000E+00  0.00000E+00  0.00000E+00
 2.13220E+04  0.00000E+00  0.00000E+00  0.00000E+00  0.00000E+00  0.00000E+00
 2.23290E+04  0.00000E+00  0.00000E+00  0.00000E+00  0.00000E+00  0.00000E+00
 2.33835E+04  0.00000E+00  0.00000E+00  0.00000E+00  0.00000E+00  0.00000E+00
 2.44878E+04  0.00000E+00  0.00000E+00  0.00000E+00  0.00000E+00  0.00000E+00
 2.56442E+04  0.00000E+00  0.00000E+00  0.00000E+00  0.00000E+00  0.00000E+00
 2.68553E+04  0.00000E+00  0.00000E+00  0.00000E+00  0.00000E+00  0.00000E+00
 2.81235E+04  0.00000E+00  0.00000E+00  0.00000E+00  0.00000E+00  0.00000E+00
 2.94516E+04  0.00000E+00  0.00000E+00  0.00000E+00  0.00000E+00  0.00000E+00
 3.08425E+04  0.00000E+00  0.00000E+00  0.00000E+00  0.00000E+00  0.00000E+00
 3.22990E+04  0.00000E+00  0.00000E+00  0.00000E+00  0.00000E+00  0.00000E+00
 3.38244E+04  0.00000E+00  0.00000E+00  0.00000E+00  0.00000E+00  0.00000E+00
 3.54217E+04  0.00000E+00  0.00000E+00  0.00000E+00  0.00000E+00  0.00000E+00
 3.70945E+04  0.00000E+00  0.00000E+00  0.00000E+00  0.00000E+00  0.00000E+00
 3.88463E+04  0.00000E+00  0.00000E+00  0.00000E+00  0.00000E+00  0.00000E+00
 4.06809E+04  0.00000E+00  0.00000E+00  0.00000E+00  0.00000E+00  0.00000E+00
 4.26020E+04  0.00000E+00  0.00000E+00  0.00000E+00  0.00000E+00  0.00000E+00
 4.46139E+04  0.00000E+00  0.00000E+00  0.00000E+00  0.00000E+00  0.00000E+00
 4.67208E+04  0.00000E+00  0.00000E+00  0.00000E+00  0.00000E+00  0.00000E+00
 4.89272E+04  0.00000E+00  0.00000E+00  0.00000E+00  0.00000E+00  0.00000E+00
 5.12378E+04  0.00000E+00  0.00000E+00  0.00000E+00  0.00000E+00  0.00000E+00
 5.36575E+04  0.00000E+00  0.00000E+00  0.00000E+00  0.00000E+00  0.00000E+00
 5.61915E+04  0.00000E+00  0.00000E+00  0.00000E+00  0.00000E+00  0.00000E+00
 5.88452E+04  0.00000E+00  0.00000E+00  0.00000E+00  0.00000E+00  0.00000E+00
 6.16241E+04  0.00000E+00  0.00000E+00  0.00000E+00  0.00000E+00  0.00000E+00
 6.45343E+04  0.00000E+00  0.00000E+00  0.00000E+00  0.00000E+00  0.00000E+00
 6.75820E+04  0.00000E+00  0.00000E+00  0.00000E+00  0.00000E+00  0.00000E+00
 7.07736E+04  0.00000E+00  0.00000E+00  0.00000E+00  0.00000E+00  0.00000E+00
 7.41159E+04  0.00000E+00  0.00000E+00  0.00000E+00  0.00000E+00  0.00000E+00
 7.76160E+04  0.00000E+00  0.00000E+00  0.00000E+00  0.00000E+00  0.00000E+00
 8.12814E+04  0.00000E+00  0.00000E+00  0.00000E+00  0.00000E+00  0.00000E+00
 8.51199E+04  0.00000E+00  0.00000E+00  0.00000E+00  0.00000E+00  0.00000E+00
 8.91398E+04  0.00000E+00  0.00000E+00  0.00000E+00  0.00000E+00  0.00000E+00
 9.33494E+04  0.00000E+00  0.00000E+00  0.00000E+00  0.00000E+00  0.00000E+00
 9.77578E+04  0.00000E+00  0.00000E+00  0.00000E+00  0.00000E+00  0.00000E+00
