 7.87260E-05  0.00000E+00
 8.24438E-05  0.00000E+00
 8.63372E-05  0.00000E+00
 9.04145E-05  0.00000E+00
 9.46844E-05  0.00000E+00
 9.91559E-05  0.00000E+00
 1.03839E-04  0.00000E+00
 1.08742E-04  0.00000E+00
 1.13878E-04  0.00000E+00
 1.19256E-04  0.00000E+00
 1.24887E-04  0.00000E+00
 1.30785E-04  0.00000E+00
 1.36962E-04  0.00000E+00
 1.43430E-04  0.00000E+00
 1.50203E-04  0.00000E+00
 1.57297E-04  0.00000E+00
 1.64725E-04  0.00000E+00
 1.72504E-04  0.00000E+00
 1.80651E-04  0.00000E+00
 1.89182E-04  0.00000E+00
 1.98116E-04  0.00000E+00
 2.07472E-04  0.00000E+00
 2.17270E-04  0.00000E+00
 2.27531E-04  0.00000E+00
 2.38276E-04  0.00000E+00
 2.49528E-04  0.00000E+00
 2.61312E-04  0.00000E+00
 2.73653E-04  0.00000E+00
 2.86576E-04  0.00000E+00
 3.00110E-04  0.00000E+00
 3.14283E-04  0.00000E+00
 3.29125E-04  0.00000E+00
 3.44668E-04  0.00000E+00
 3.60945E-04  0.00000E+00
 3.77990E-04  0.00000E+00
 3.95841E-04  0.00000E+00
 4.14535E-04  0.00000E+00
 4.34111E-04  0.00000E+00
 4.54612E-04  0.00000E+00
 4.76081E-04  0.00000E+00
 4.98564E-04  0.00000E+00
 5.22109E-04  0.00000E+00
 5.46766E-04  0.00000E+00
 5.72587E-04  0.00000E+00
 5.99627E-04  0.00000E+00
 6.27945E-04  0.00000E+00
 6.57600E-04  0.00000E+00
 6.88655E-04  0.00000E+00
 7.21177E-04  0.00000E+00
 7.55235E-04  0.00000E+00
 7.90901E-04  0.00000E+00
 8.28251E-04  0.00000E+00
 8.67366E-04  0.00000E+00
 9.08327E-04  0.00000E+00
 9.51223E-04  0.00000E+00
 9.96145E-04  0.00000E+00
 1.04319E-03  0.00000E+00
 1.09245E-03  0.00000E+00
 1.14404E-03  0.00000E+00
 1.19807E-03  0.00000E+00
 1.25465E-03  0.00000E+00
 1.31390E-03  0.00000E+00
 1.37595E-03  0.00000E+00
 1.44093E-03  0.00000E+00
 1.50898E-03  0.00000E+00
 1.58024E-03  0.00000E+00
 1.65487E-03  0.00000E+00
 1.73302E-03  0.00000E+00
 1.81486E-03  0.00000E+00
 1.90057E-03  0.00000E+00
 1.99032E-03  0.00000E+00
 2.08432E-03  0.00000E+00
 2.18275E-03  0.00000E+00
 2.28583E-03  0.00000E+00
 2.39378E-03  0.00000E+00
 2.50683E-03  0.00000E+00
 2.62521E-03  0.00000E+00
 2.74919E-03  0.00000E+00
 2.87902E-03  0.00000E+00
 3.01498E-03  0.00000E+00
 3.15736E-03  0.00000E+00
 3.30647E-03  0.00000E+00
 3.46262E-03  0.00000E+00
 3.62614E-03  0.00000E+00
 3.79739E-03  0.00000E+00
 3.97672E-03  0.00000E+00
 4.16452E-03  0.00000E+00
 4.36119E-03  0.00000E+00
 4.56715E-03  0.00000E+00
 4.78283E-03  0.00000E+00
 5.00870E-03  0.00000E+00
 5.24524E-03  0.00000E+00
 5.49295E-03  0.00000E+00
 5.75235E-03  0.00000E+00
 6.02401E-03  0.00000E+00
 6.30849E-03  0.00000E+00
 6.60641E-03  0.00000E+00
 6.91840E-03  0.00000E+00
 7.24512E-03  0.00000E+00
 7.58728E-03  0.00000E+00
 7.94559E-03  0.00000E+00
 8.32082E-03  0.00000E+00
 8.71377E-03  0.00000E+00
 9.12528E-03  0.00000E+00
 9.55622E-03  0.00000E+00
 1.00075E-02  0.00000E+00
 1.04801E-02  0.00000E+00
 1.09751E-02  0.00000E+00
 1.14934E-02  0.00000E+00
 1.20361E-02  0.00000E+00
 1.26045E-02  0.00000E+00
 1.31998E-02  0.00000E+00
 1.38231E-02  0.00000E+00
 1.44759E-02  0.00000E+00
 1.51596E-02  0.00000E+00
 1.58755E-02  0.00000E+00
 1.66252E-02  0.00000E+00
 1.74103E-02  0.00000E+00
 1.82326E-02  0.00000E+00
 1.90936E-02  0.00000E+00
 1.99953E-02  0.00000E+00
 2.09396E-02  0.00000E+00
 2.19284E-02  0.00000E+00
 2.29640E-02  0.00000E+00
 2.40485E-02  0.00000E+00
 2.51842E-02  0.00000E+00
 2.63735E-02  0.00000E+00
 2.76190E-02  0.00000E+00
 2.89233E-02  0.00000E+00
 3.02892E-02  0.00000E+00
 3.17197E-02  0.00000E+00
 3.32176E-02  0.00000E+00
 3.47863E-02  0.00000E+00
 3.64291E-02  0.00000E+00
 3.81495E-02  0.00000E+00
 3.99511E-02  0.00000E+00
 4.18378E-02  0.00000E+00
 4.38136E-02  0.00000E+00
 4.58827E-02  0.00000E+00
 4.80495E-02  0.00000E+00
 5.03187E-02  0.00000E+00
 5.26950E-02  0.00000E+00
 5.51835E-02  0.00000E+00
 5.77896E-02  0.00000E+00
 6.05187E-02  0.00000E+00
 6.33767E-02  0.00000E+00
 6.63697E-02  0.00000E+00
 6.95040E-02  0.00000E+00
 7.27863E-02  0.00000E+00
 7.62237E-02  0.00000E+00
 7.98234E-02  0.00000E+00
 8.35930E-02  0.00000E+00
 8.75407E-02  0.00000E+00
 9.16749E-02  0.00000E+00
 9.60042E-02  0.00000E+00
 1.00538E-01  0.00000E+00
 1.05286E-01  0.00000E+00
 1.10258E-01  0.00000E+00
 1.15465E-01  0.00000E+00
 1.20918E-01  0.00000E+00
 1.26628E-01  0.00000E+00
 1.32608E-01  0.00000E+00
 1.38871E-01  0.00000E+00
 1.45429E-01  0.00000E+00
 1.52297E-01  0.00000E+00
 1.59489E-01  0.00000E+00
 1.67021E-01  0.00000E+00
 1.74909E-01  6.60413E-16
 1.83169E-01  1.66918E-15
 1.91819E-01  5.35188E-15
 2.00878E-01  2.87538E-15
 2.10364E-01  1.63175E-15
 2.20299E-01  4.91006E-16
 2.30702E-01  2.74112E-16
 2.41597E-01  1.63500E-16
 2.53007E-01  5.91510E-17
 2.64955E-01  1.71715E-17
 2.77468E-01  7.65392E-18
 2.90571E-01  4.91771E-18
 3.04293E-01  1.49484E-18
 3.18664E-01  9.48785E-19
 3.33713E-01  4.09063E-19
 3.49472E-01  1.75406E-19
 3.65976E-01  1.07206E-19
 3.83259E-01  8.10027E-20
 4.01359E-01  9.55127E-20
 4.20313E-01  6.21930E-20
 4.40162E-01  6.96410E-20
 4.60949E-01  7.20874E-20
 4.82718E-01  1.39517E-19
 5.05514E-01  2.60914E-19
 5.29387E-01  9.71631E-19
 5.54387E-01  7.39151E-18
 5.80569E-01  9.80199E-17
 6.07986E-01  2.74213E-15
 6.36698E-01  2.26302E-13
 6.66766E-01  4.73005E-11
 6.98255E-01  1.95257E-07
 7.31230E-01  3.19342E-06
 7.65762E-01  7.05770E-06
 8.01926E-01  8.45371E-06
 8.39797E-01  1.27955E-05
 8.79456E-01  1.36070E-05
 9.07247E-01  1.09442E-05
 9.07353E-01  1.09334E-05
 9.07459E-01  1.09231E-05
 9.07565E-01  1.09128E-05
 9.07671E-01  1.09024E-05
 9.07777E-01  1.08921E-05
 9.07883E-01  1.08817E-05
 9.07989E-01  1.08714E-05
 9.08095E-01  1.08610E-05
 9.08201E-01  1.08507E-05
 9.08308E-01  1.08403E-05
 9.08414E-01  1.08299E-05
 9.08520E-01  1.08196E-05
 9.08626E-01  1.08092E-05
 9.08732E-01  1.07988E-05
 9.08839E-01  1.07884E-05
 9.08945E-01  1.07780E-05
 9.09051E-01  1.07676E-05
 9.09158E-01  1.07573E-05
 9.09264E-01  1.07469E-05
 9.09370E-01  1.07365E-05
 9.09477E-01  1.07260E-05
 9.09583E-01  1.07156E-05
 9.09690E-01  1.07052E-05
 9.09796E-01  1.06948E-05
 9.09903E-01  1.06844E-05
 9.10009E-01  1.06740E-05
 9.10116E-01  1.06635E-05
 9.10222E-01  1.06531E-05
 9.10329E-01  1.06427E-05
 9.10436E-01  1.06322E-05
 9.10542E-01  1.06218E-05
 9.10649E-01  1.06113E-05
 9.10756E-01  1.06009E-05
 9.10862E-01  1.05904E-05
 9.10969E-01  1.05800E-05
 9.11076E-01  1.05695E-05
 9.11183E-01  1.05590E-05
 9.11290E-01  1.05486E-05
 9.11396E-01  1.05450E-05
 9.11503E-01  1.05276E-05
 9.11610E-01  1.05171E-05
 9.11717E-01  1.05066E-05
 9.11824E-01  1.04962E-05
 9.11931E-01  1.04857E-05
 9.12038E-01  1.04752E-05
 9.12145E-01  1.04647E-05
 9.12252E-01  1.04542E-05
 9.12359E-01  1.04436E-05
 9.12466E-01  1.04331E-05
 9.12574E-01  1.04226E-05
 9.12681E-01  1.04121E-05
 9.12788E-01  1.04016E-05
 9.12895E-01  1.03910E-05
 9.13002E-01  1.03805E-05
 9.13110E-01  1.03700E-05
 9.13217E-01  1.03594E-05
 9.13324E-01  1.03489E-05
 9.13432E-01  1.03383E-05
 9.13539E-01  1.03278E-05
 9.13646E-01  1.03172E-05
 9.13754E-01  1.03067E-05
 9.13861E-01  1.02961E-05
 9.13969E-01  1.02855E-05
 9.14076E-01  1.02750E-05
 9.14184E-01  1.02644E-05
 9.14291E-01  1.02538E-05
 9.14399E-01  1.02432E-05
 9.14506E-01  1.02326E-05
 9.14614E-01  1.02221E-05
 9.14722E-01  1.02115E-05
 9.14829E-01  1.02009E-05
 9.14937E-01  1.01903E-05
 9.15045E-01  1.01797E-05
 9.15152E-01  1.01690E-05
 9.15260E-01  1.01584E-05
 9.15368E-01  1.01478E-05
 9.15476E-01  1.01372E-05
 9.15584E-01  1.01266E-05
 9.15692E-01  1.01159E-05
 9.15799E-01  1.01053E-05
 9.15907E-01  1.00947E-05
 9.16015E-01  1.00840E-05
 9.16123E-01  1.00734E-05
 9.16231E-01  1.00627E-05
 9.16339E-01  1.00521E-05
 9.16447E-01  1.00414E-05
 9.16555E-01  1.00693E-05
 9.16664E-01  1.00201E-05
 9.16772E-01  1.00094E-05
 9.16880E-01  9.99876E-06
 9.16988E-01  9.98809E-06
 9.17096E-01  9.97741E-06
 9.17204E-01  9.96672E-06
 9.17313E-01  9.95604E-06
 9.17421E-01  9.94534E-06
 9.17529E-01  9.93465E-06
 9.17638E-01  9.92395E-06
 9.17746E-01  9.91325E-06
 9.17854E-01  9.90254E-06
 9.17963E-01  9.89183E-06
 9.18071E-01  9.94397E-06
 9.18180E-01  9.87039E-06
 9.18288E-01  9.85967E-06
 9.18397E-01  9.84894E-06
 9.18505E-01  9.83821E-06
 9.18614E-01  9.82748E-06
 9.18722E-01  9.81674E-06
 9.18831E-01  9.80599E-06
 9.18940E-01  9.79525E-06
 9.19048E-01  9.78450E-06
 9.19157E-01  9.77374E-06
 9.19266E-01  9.76298E-06
 9.19374E-01  9.75222E-06
 9.19483E-01  9.74145E-06
 9.19592E-01  9.73068E-06
 9.19701E-01  9.71991E-06
 9.19810E-01  9.70913E-06
 9.19918E-01  9.69835E-06
 9.20027E-01  1.02300E-05
 9.20136E-01  9.67677E-06
 9.20245E-01  9.66598E-06
 9.20354E-01  9.65518E-06
 9.20463E-01  9.64437E-06
 9.20572E-01  9.63357E-06
 9.20681E-01  9.62276E-06
 9.20790E-01  9.61194E-06
 9.20899E-01  9.60113E-06
 9.20989E-01  9.59228E-06
 9.21009E-01  9.59444E-06
 9.21118E-01  9.60625E-06
 9.21227E-01  9.61807E-06
 9.21336E-01  9.63013E-06
 9.21445E-01  9.64172E-06
 9.21555E-01  9.65354E-06
 9.21664E-01  9.66691E-06
 9.21773E-01  9.67722E-06
 9.21883E-01  9.68906E-06
 9.21992E-01  9.70090E-06
 9.22101E-01  9.71275E-06
 9.22211E-01  9.72461E-06
 9.22320E-01  9.73646E-06
 9.22430E-01  9.75054E-06
 9.22539E-01  9.76019E-06
 9.22649E-01  9.77206E-06
 9.22758E-01  9.78396E-06
 9.22868E-01  9.79581E-06
 9.22977E-01  9.80778E-06
 9.23087E-01  9.81958E-06
 9.23197E-01  9.83147E-06
 9.23306E-01  9.84337E-06
 9.23416E-01  9.85526E-06
 9.23526E-01  9.86717E-06
 9.23635E-01  9.87936E-06
 9.23745E-01  9.89099E-06
 9.23855E-01  9.90290E-06
 9.23965E-01  9.91596E-06
 9.24075E-01  9.92674E-06
 9.24185E-01  9.93867E-06
 9.24295E-01  9.95060E-06
 9.24404E-01  9.96254E-06
 9.24514E-01  9.97448E-06
 9.24624E-01  9.98642E-06
 9.24734E-01  9.99837E-06
 9.24844E-01  1.00103E-05
 9.24955E-01  1.00223E-05
 9.25065E-01  1.00342E-05
 9.25175E-01  1.00462E-05
 9.25285E-01  1.00586E-05
 9.25395E-01  1.00701E-05
 9.25505E-01  1.00821E-05
 9.25615E-01  1.00941E-05
 9.25726E-01  1.01061E-05
 9.25836E-01  1.01181E-05
 9.25946E-01  1.01301E-05
 9.26057E-01  1.01421E-05
 9.26167E-01  1.01550E-05
 9.26277E-01  1.01662E-05
 9.26388E-01  1.01781E-05
 9.26498E-01  1.02100E-05
 9.26609E-01  1.02021E-05
 9.26719E-01  1.02141E-05
 9.26830E-01  1.02262E-05
 9.26940E-01  1.04079E-05
 9.27051E-01  1.02502E-05
 9.27161E-01  1.02623E-05
 9.27272E-01  1.02743E-05
 9.27383E-01  1.02864E-05
 9.27493E-01  1.02984E-05
 9.27604E-01  1.03245E-05
 9.27715E-01  1.03227E-05
 9.27825E-01  1.04126E-05
 9.27936E-01  1.03479E-05
 9.28047E-01  1.03587E-05
 9.28158E-01  1.03708E-05
 9.28269E-01  1.03829E-05
 9.28380E-01  1.03956E-05
 9.28491E-01  1.04071E-05
 9.28601E-01  1.04198E-05
 9.28712E-01  1.04313E-05
 9.28823E-01  1.04531E-05
 9.28934E-01  1.04567E-05
 9.29045E-01  1.04676E-05
 9.29157E-01  1.05880E-05
 9.29268E-01  1.05375E-05
 9.29379E-01  1.05039E-05
 9.29490E-01  1.05172E-05
 9.29601E-01  1.05314E-05
 9.29712E-01  1.05403E-05
 9.29823E-01  1.05525E-05
 9.29935E-01  1.05646E-05
 9.30046E-01  1.05774E-05
 9.30157E-01  1.05889E-05
 9.30269E-01  1.06011E-05
 9.30380E-01  1.06807E-05
 9.30491E-01  1.07578E-05
 9.30603E-01  1.74294E-05
 9.30714E-01  1.06787E-05
 9.30826E-01  1.10925E-05
 9.30937E-01  1.15168E-05
 9.31049E-01  1.06866E-05
 9.31160E-01  1.12357E-05
 9.31272E-01  1.44498E-05
 9.31383E-01  1.07889E-05
 9.31495E-01  1.40073E-05
 9.31607E-01  1.95362E-05
 9.31718E-01  1.90362E-05
 9.31830E-01  2.11225E-05
 9.31942E-01  3.32839E-05
 9.32054E-01  1.64064E-05
 9.32165E-01  1.59491E-05
 9.32277E-01  4.09206E-05
 9.32389E-01  2.48653E-05
 9.32501E-01  4.06840E-05
 9.32613E-01  3.82784E-05
 9.32725E-01  5.63836E-05
 9.32837E-01  4.09335E-05
 9.32949E-01  6.44136E-05
 9.33061E-01  7.33259E-05
 9.33173E-01  1.13412E-04
 9.33285E-01  1.22316E-04
 9.33397E-01  1.48852E-04
 9.33509E-01  2.12927E-04
 9.33621E-01  1.98006E-04
 9.33733E-01  3.12516E-04
 9.33845E-01  3.88307E-04
 9.33958E-01  4.38233E-04
 9.34070E-01  4.60386E-04
 9.34182E-01  5.82034E-04
 9.34295E-01  5.41634E-04
 9.34407E-01  5.70130E-04
 9.34519E-01  6.14547E-04
 9.34632E-01  5.87437E-04
 9.34744E-01  6.17996E-04
 9.34856E-01  6.15982E-04
 9.34969E-01  4.99083E-04
 9.35081E-01  4.33866E-04
 9.35194E-01  4.19971E-04
 9.35306E-01  3.68246E-04
 9.35419E-01  3.27006E-04
 9.35532E-01  3.48656E-04
 9.35644E-01  2.97958E-04
 9.35757E-01  2.78734E-04
 9.35870E-01  2.56887E-04
 9.35982E-01  2.27218E-04
 9.36095E-01  2.44903E-04
 9.36208E-01  2.41910E-04
 9.36321E-01  2.30209E-04
 9.36433E-01  1.94827E-04
 9.36546E-01  1.60293E-04
 9.36659E-01  1.38512E-04
 9.36772E-01  1.46901E-04
 9.36885E-01  1.51615E-04
 9.36998E-01  1.23077E-04
 9.37111E-01  1.46293E-04
 9.37224E-01  1.21960E-04
 9.37337E-01  1.39434E-04
 9.37450E-01  1.30080E-04
 9.37563E-01  1.21160E-04
 9.37676E-01  1.04960E-04
 9.37789E-01  1.47795E-04
 9.37902E-01  9.44320E-05
 9.38016E-01  1.03790E-04
 9.38129E-01  1.11639E-04
 9.38242E-01  1.03775E-04
 9.38355E-01  1.10068E-04
 9.38469E-01  1.12503E-04
 9.38582E-01  9.60690E-05
 9.38695E-01  8.61566E-05
 9.38809E-01  8.77293E-05
 9.38922E-01  1.03419E-04
 9.39036E-01  8.08769E-05
 9.39149E-01  6.40813E-05
 9.39263E-01  7.22209E-05
 9.39376E-01  6.29098E-05
 9.39490E-01  6.54450E-05
 9.39603E-01  6.79794E-05
 9.39717E-01  6.83475E-05
 9.39830E-01  4.69300E-05
 9.39944E-01  7.39962E-05
 9.40058E-01  5.62125E-05
 9.40172E-01  6.46145E-05
 9.40285E-01  5.63583E-05
 9.40399E-01  6.29755E-05
 9.40513E-01  5.19250E-05
 9.40627E-01  4.89870E-05
 9.40741E-01  5.45242E-05
 9.40854E-01  3.76286E-05
 9.40968E-01  4.15747E-05
 9.41082E-01  4.06909E-05
 9.41196E-01  4.09067E-05
 9.41310E-01  3.86724E-05
 9.41424E-01  4.76319E-05
 9.41538E-01  3.70681E-05
 9.41652E-01  3.95652E-05
 9.41766E-01  3.03015E-05
 9.41881E-01  3.47603E-05
 9.41995E-01  2.76918E-05
 9.42109E-01  2.74332E-05
 9.42223E-01  2.92294E-05
 9.42337E-01  2.77143E-05
 9.42452E-01  3.03056E-05
 9.42566E-01  2.14590E-05
 9.42680E-01  2.40506E-05
 9.42795E-01  2.24217E-05
 9.42909E-01  2.26412E-05
 9.43023E-01  2.13120E-05
 9.43138E-01  2.19603E-05
 9.43252E-01  2.38139E-05
 9.43367E-01  2.05186E-05
 9.43481E-01  1.97824E-05
 9.43596E-01  2.24637E-05
 9.43710E-01  1.71748E-05
 9.43825E-01  1.68479E-05
 9.43940E-01  1.66934E-05
 9.44054E-01  1.87415E-05
 9.44169E-01  1.96655E-05
 9.44284E-01  1.54944E-05
 9.44398E-01  1.58198E-05
 9.44513E-01  1.74006E-05
 9.44628E-01  1.73077E-05
 9.44743E-01  1.44091E-05
 9.44858E-01  1.65321E-05
 9.44973E-01  1.80681E-05
 9.45088E-01  2.01455E-05
 9.45202E-01  1.51188E-05
 9.45317E-01  1.48366E-05
 9.45432E-01  1.55374E-05
 9.45547E-01  1.35529E-05
 9.45662E-01  1.50630E-05
 9.45778E-01  1.32525E-05
 9.45893E-01  1.42807E-05
 9.46008E-01  1.52524E-05
 9.46123E-01  1.36524E-05
 9.46238E-01  1.32789E-05
 9.46353E-01  1.33032E-05
 9.46469E-01  1.31954E-05
 9.46584E-01  1.33029E-05
 9.46699E-01  1.32923E-05
 9.46814E-01  1.35936E-05
 9.46930E-01  1.64094E-05
 9.47045E-01  1.32871E-05
 9.47161E-01  1.29637E-05
 9.47276E-01  1.26954E-05
 9.47392E-01  1.36362E-05
 9.47507E-01  1.27811E-05
 9.47623E-01  1.50936E-05
 9.47738E-01  1.28566E-05
 9.47854E-01  1.33911E-05
 9.47969E-01  1.29625E-05
 9.48085E-01  1.31613E-05
 9.48201E-01  1.26079E-05
 9.48316E-01  1.27601E-05
 9.48432E-01  1.28026E-05
 9.48548E-01  1.27740E-05
 9.48664E-01  1.26825E-05
 9.48779E-01  1.41022E-05
 9.48895E-01  1.27088E-05
 9.49011E-01  1.26933E-05
 9.49127E-01  1.27293E-05
 9.49243E-01  1.28148E-05
 9.49359E-01  1.27790E-05
 9.49475E-01  1.29221E-05
 9.49591E-01  1.27741E-05
 9.49707E-01  1.27638E-05
 9.49823E-01  1.27638E-05
 9.49939E-01  1.27820E-05
 9.50055E-01  1.27946E-05
 9.50171E-01  1.27970E-05
 9.50287E-01  1.30159E-05
 9.50404E-01  1.29468E-05
 9.50520E-01  1.28414E-05
 9.50636E-01  1.28543E-05
 9.50752E-01  1.28681E-05
 9.50869E-01  1.28763E-05
 9.50985E-01  1.28972E-05
 9.51102E-01  1.38536E-05
 9.51218E-01  1.29278E-05
 9.51334E-01  1.29264E-05
 9.51451E-01  1.29408E-05
 9.51567E-01  1.29601E-05
 9.51684E-01  1.29651E-05
 9.51800E-01  1.29975E-05
 9.51917E-01  1.60446E-05
 9.52034E-01  1.36637E-05
 9.52150E-01  1.30343E-05
 9.52267E-01  1.30308E-05
 9.52384E-01  1.30417E-05
 9.52500E-01  1.30748E-05
 9.52617E-01  1.30675E-05
 9.52734E-01  1.30806E-05
 9.52851E-01  1.30935E-05
 9.52967E-01  1.31077E-05
 9.53084E-01  1.31198E-05
 9.53201E-01  1.31327E-05
 9.53318E-01  1.31457E-05
 9.53435E-01  1.31590E-05
 9.53552E-01  1.31734E-05
 9.53669E-01  1.56342E-05
 9.53786E-01  1.31993E-05
 9.53903E-01  1.32110E-05
 9.54020E-01  1.32242E-05
 9.54137E-01  1.32371E-05
 9.54254E-01  1.32502E-05
 9.54372E-01  1.32633E-05
 9.54489E-01  1.42286E-05
 9.54606E-01  1.32902E-05
 9.54723E-01  1.33026E-05
 9.54841E-01  1.33156E-05
 9.54958E-01  1.33288E-05
 9.55075E-01  1.33493E-05
 9.55193E-01  1.33550E-05
 9.55310E-01  1.33682E-05
 9.55428E-01  1.49022E-05
 9.55545E-01  1.33945E-05
 9.55663E-01  1.34075E-05
 9.55780E-01  1.34207E-05
 9.55898E-01  1.34338E-05
 9.56015E-01  1.34470E-05
 9.56133E-01  1.34601E-05
 9.56250E-01  1.34733E-05
 9.56368E-01  1.34864E-05
 9.56486E-01  1.35586E-05
 9.56604E-01  1.35128E-05
 9.56721E-01  1.35260E-05
 9.56839E-01  1.35392E-05
 9.56957E-01  1.35524E-05
 9.57075E-01  1.42674E-05
 9.57193E-01  1.35788E-05
 9.57310E-01  1.35919E-05
 9.57428E-01  1.36052E-05
 9.57546E-01  1.36184E-05
 9.57664E-01  1.36316E-05
 9.57782E-01  1.36448E-05
 9.57900E-01  1.36580E-05
 9.58018E-01  1.36713E-05
 9.58137E-01  1.36845E-05
 9.58255E-01  1.36977E-05
 9.58373E-01  1.37110E-05
 9.58491E-01  1.43513E-05
 9.58609E-01  1.37375E-05
 9.58728E-01  1.37508E-05
 9.58846E-01  1.37640E-05
 9.58964E-01  1.37773E-05
 9.59082E-01  1.37906E-05
 9.59201E-01  1.38038E-05
 9.59319E-01  1.38171E-05
 9.59438E-01  1.38304E-05
 9.59556E-01  1.46479E-05
 9.59675E-01  1.38570E-05
 9.59793E-01  1.38703E-05
 9.59912E-01  1.38836E-05
 9.60030E-01  1.41506E-05
 9.60149E-01  1.40702E-05
 9.60267E-01  1.39568E-05
 9.60386E-01  1.39369E-05
 9.60505E-01  1.49679E-05
 9.60624E-01  1.39636E-05
 9.60742E-01  1.39769E-05
 9.60861E-01  1.39902E-05
 9.60980E-01  1.40036E-05
 9.61099E-01  1.40169E-05
 9.61218E-01  1.40303E-05
 9.61336E-01  1.40437E-05
 9.61455E-01  1.40570E-05
 9.61574E-01  1.40704E-05
 9.61693E-01  1.40838E-05
 9.61812E-01  1.40972E-05
 9.61931E-01  1.41106E-05
 9.62050E-01  1.41240E-05
 9.62170E-01  1.41375E-05
 9.62289E-01  1.41508E-05
 9.62408E-01  1.41642E-05
 9.62527E-01  1.41776E-05
 9.62646E-01  1.41910E-05
 9.62765E-01  1.42044E-05
 9.62885E-01  1.42178E-05
 9.63004E-01  1.42313E-05
 9.63123E-01  1.42447E-05
 9.63243E-01  1.42581E-05
 9.63362E-01  1.51253E-05
 9.64483E-01  1.43978E-05
 1.01003E+00  1.79317E-05
 1.05773E+00  1.95056E-05
 1.10768E+00  2.09137E-05
 1.15999E+00  2.15347E-05
 1.21477E+00  2.29418E-05
 1.27214E+00  2.28172E-05
 1.33222E+00  2.24739E-05
 1.39513E+00  2.12538E-05
 1.46102E+00  1.95187E-05
 1.53001E+00  1.90608E-05
 1.60227E+00  1.80878E-05
 1.67794E+00  1.75258E-05
 1.75718E+00  1.65846E-05
 1.84016E+00  1.63076E-05
 1.92706E+00  1.71737E-05
 2.01807E+00  1.84746E-05
 2.11337E+00  1.88874E-05
 2.21318E+00  2.00219E-05
 2.31769E+00  2.14691E-05
 2.42715E+00  2.13623E-05
 2.54177E+00  2.21484E-05
 2.66180E+00  2.33752E-05
 2.78751E+00  2.43442E-05
 2.91915E+00  3.69311E-05
 3.05701E+00  4.82917E-05
 3.20137E+00  5.14585E-05
 3.35256E+00  5.32144E-05
 3.51089E+00  5.76274E-05
 3.67669E+00  5.63504E-05
 3.85032E+00  5.99912E-05
 4.03215E+00  5.87224E-05
 4.22257E+00  6.22252E-05
 4.42198E+00  6.30740E-05
 4.63081E+00  6.37422E-05
 4.84950E+00  6.65817E-05
 5.07852E+00  6.60493E-05
 5.31836E+00  6.73447E-05
 5.56952E+00  6.67922E-05
 5.83254E+00  6.96316E-05
 6.10798E+00  7.19832E-05
 6.39643E+00  7.21177E-05
 6.69850E+00  7.37977E-05
 7.01484E+00  7.70644E-05
 7.34612E+00  7.96937E-05
 7.69304E+00  8.13142E-05
 8.05634E+00  8.22180E-05
 8.43681E+00  8.08872E-05
 8.83524E+00  8.24365E-05
 9.25248E+00  8.48574E-05
 9.68943E+00  8.46110E-05
 1.01470E+01  8.44992E-05
 1.06262E+01  8.75733E-05
 1.11280E+01  8.97879E-05
 1.16536E+01  8.83600E-05
 1.22039E+01  9.22488E-05
 1.27802E+01  9.02520E-05
 1.33838E+01  8.68495E-05
 1.40158E+01  8.77032E-05
 1.46777E+01  8.18567E-05
 1.53709E+01  7.99455E-05
 1.60968E+01  7.56770E-05
 1.68570E+01  7.58713E-05
 1.76530E+01  6.90428E-05
 1.84867E+01  6.29645E-05
 1.93597E+01  6.01967E-05
 2.02740E+01  6.14339E-05
 2.12315E+01  5.78045E-05
 2.22341E+01  5.85562E-05
 2.32841E+01  5.51900E-05
 2.43837E+01  4.99769E-05
 2.55352E+01  4.86681E-05
 2.67412E+01  4.49876E-05
 2.80040E+01  4.47634E-05
 2.93265E+01  4.10115E-05
 3.07115E+01  4.00002E-05
 3.21618E+01  3.38829E-05
 3.36807E+01  3.19889E-05
 3.52712E+01  2.90983E-05
 3.69369E+01  2.86542E-05
 3.86813E+01  2.52345E-05
 4.05080E+01  2.86349E-05
 4.24210E+01  2.59882E-05
 4.44243E+01  2.50946E-05
 4.65223E+01  1.95689E-05
 4.87193E+01  2.25235E-05
 5.10201E+01  2.07270E-05
 5.34295E+01  1.70379E-05
 5.59527E+01  1.85893E-05
 5.85951E+01  1.64792E-05
 6.13623E+01  1.66559E-05
 6.42601E+01  1.52770E-05
 6.72948E+01  1.53041E-05
 7.04728E+01  1.44895E-05
 7.38009E+01  1.25531E-05
 7.72862E+01  1.41052E-05
 8.09361E+01  1.65275E-05
 8.47583E+01  1.96752E-05
 8.87610E+01  3.37989E-05
 9.29528E+01  5.79431E-05
 9.73425E+01  9.03146E-05
 1.01939E+02  1.56103E-04
 1.06754E+02  2.72191E-04
 1.11795E+02  4.62008E-04
 1.17075E+02  7.56424E-04
 1.22603E+02  1.21046E-03
 1.28393E+02  1.94447E-03
 1.34457E+02  3.04698E-03
 1.40807E+02  4.61803E-03
 1.47456E+02  6.94345E-03
 1.54420E+02  1.01322E-02
 1.61712E+02  1.45080E-02
 1.69349E+02  2.05136E-02
 1.77347E+02  2.83481E-02
 1.85722E+02  3.85702E-02
 1.94493E+02  5.15236E-02
 2.03678E+02  6.74469E-02
 2.13297E+02  8.69333E-02
 2.23369E+02  1.10497E-01
 2.33918E+02  1.36991E-01
 2.44965E+02  1.67577E-01
 2.56533E+02  2.01097E-01
 2.68648E+02  2.37454E-01
 2.81335E+02  2.74792E-01
 2.94621E+02  3.13598E-01
 3.08535E+02  3.51695E-01
 3.23106E+02  3.87892E-01
 3.38364E+02  4.21294E-01
 3.54344E+02  4.50807E-01
 3.71078E+02  4.76647E-01
 3.88602E+02  4.96542E-01
 4.06954E+02  5.10859E-01
 4.26172E+02  5.19981E-01
 4.46298E+02  5.21768E-01
 4.67375E+02  5.19639E-01
 4.89446E+02  5.11408E-01
 5.12561E+02  4.98309E-01
 5.36766E+02  4.81388E-01
 5.62115E+02  4.61225E-01
 5.88661E+02  4.38273E-01
 6.16461E+02  4.13145E-01
 6.45573E+02  3.86109E-01
 6.76061E+02  3.59517E-01
 7.07988E+02  3.30956E-01
 7.41423E+02  3.05829E-01
 7.76437E+02  2.76391E-01
 8.13104E+02  2.51655E-01
 8.51503E+02  2.28956E-01
 8.91715E+02  2.05083E-01
 9.33827E+02  1.83796E-01
 9.77927E+02  1.62179E-01
 1.02411E+03  1.45353E-01
 1.07247E+03  1.28780E-01
 1.12312E+03  1.12665E-01
 1.17616E+03  1.00259E-01
 1.23171E+03  8.68271E-02
 1.28987E+03  7.61685E-02
 1.35079E+03  6.56447E-02
 1.41458E+03  5.78917E-02
 1.48138E+03  4.96969E-02
 1.55134E+03  4.18295E-02
 1.62460E+03  3.57341E-02
 1.70133E+03  3.13255E-02
 1.78167E+03  2.64139E-02
 1.86581E+03  2.30560E-02
 1.95392E+03  1.92783E-02
 2.04620E+03  1.65602E-02
 2.14283E+03  1.41189E-02
 2.24403E+03  1.15955E-02
 2.35000E+03  9.76311E-03
 2.46098E+03  8.22294E-03
 2.57720E+03  7.13903E-03
 2.69891E+03  6.13642E-03
 2.82636E+03  4.84447E-03
 2.95984E+03  4.54700E-03
 3.09962E+03  3.48658E-03
 3.24600E+03  2.77398E-03
 3.39929E+03  2.62496E-03
 3.55982E+03  2.23865E-03
 3.72794E+03  1.76096E-03
 3.90399E+03  1.65818E-03
 4.08836E+03  1.17417E-03
 4.28143E+03  1.03280E-03
 4.48362E+03  7.82129E-04
 4.69536E+03  7.83065E-04
 4.91710E+03  5.22385E-04
 5.14931E+03  4.05680E-04
 5.39249E+03  4.32618E-04
 5.64715E+03  4.12006E-04
 5.91384E+03  2.64642E-04
 6.19312E+03  1.91576E-04
 6.48559E+03  2.73463E-04
 6.79188E+03  2.29745E-04
 7.11262E+03  2.00499E-04
 7.44852E+03  1.68167E-04
