 7.87260E-05  0.00000E+00
 8.24438E-05  0.00000E+00
 8.63372E-05  0.00000E+00
 9.04145E-05  0.00000E+00
 9.46844E-05  0.00000E+00
 9.91559E-05  0.00000E+00
 1.03839E-04  0.00000E+00
 1.08742E-04  0.00000E+00
 1.13878E-04  0.00000E+00
 1.19256E-04  0.00000E+00
 1.24887E-04  0.00000E+00
 1.30785E-04  0.00000E+00
 1.36962E-04  0.00000E+00
 1.43430E-04  0.00000E+00
 1.50203E-04  0.00000E+00
 1.57297E-04  0.00000E+00
 1.64725E-04  0.00000E+00
 1.72504E-04  0.00000E+00
 1.80651E-04  0.00000E+00
 1.89182E-04  0.00000E+00
 1.98116E-04  0.00000E+00
 2.07472E-04  0.00000E+00
 2.17270E-04  0.00000E+00
 2.27531E-04  0.00000E+00
 2.38276E-04  0.00000E+00
 2.49528E-04  0.00000E+00
 2.61312E-04  0.00000E+00
 2.73653E-04  0.00000E+00
 2.86576E-04  0.00000E+00
 3.00110E-04  0.00000E+00
 3.14283E-04  0.00000E+00
 3.29125E-04  0.00000E+00
 3.44668E-04  0.00000E+00
 3.60945E-04  0.00000E+00
 3.77990E-04  0.00000E+00
 3.95841E-04  0.00000E+00
 4.14535E-04  0.00000E+00
 4.34111E-04  0.00000E+00
 4.54612E-04  0.00000E+00
 4.76081E-04  0.00000E+00
 4.98564E-04  0.00000E+00
 5.22109E-04  0.00000E+00
 5.46766E-04  0.00000E+00
 5.72587E-04  0.00000E+00
 5.99627E-04  0.00000E+00
 6.27945E-04  0.00000E+00
 6.57600E-04  0.00000E+00
 6.88655E-04  0.00000E+00
 7.21177E-04  0.00000E+00
 7.55235E-04  0.00000E+00
 7.90901E-04  0.00000E+00
 8.28251E-04  0.00000E+00
 8.67366E-04  0.00000E+00
 9.08327E-04  0.00000E+00
 9.51223E-04  0.00000E+00
 9.96145E-04  0.00000E+00
 1.04319E-03  0.00000E+00
 1.09245E-03  0.00000E+00
 1.14404E-03  0.00000E+00
 1.19807E-03  0.00000E+00
 1.25465E-03  0.00000E+00
 1.31390E-03  0.00000E+00
 1.37595E-03  0.00000E+00
 1.44093E-03  0.00000E+00
 1.50898E-03  0.00000E+00
 1.58024E-03  0.00000E+00
 1.65487E-03  0.00000E+00
 1.73302E-03  0.00000E+00
 1.81486E-03  0.00000E+00
 1.90057E-03  0.00000E+00
 1.99032E-03  0.00000E+00
 2.08432E-03  0.00000E+00
 2.18275E-03  0.00000E+00
 2.28583E-03  0.00000E+00
 2.39378E-03  0.00000E+00
 2.50683E-03  0.00000E+00
 2.62521E-03  0.00000E+00
 2.74919E-03  0.00000E+00
 2.87902E-03  0.00000E+00
 3.01498E-03  0.00000E+00
 3.15736E-03  0.00000E+00
 3.30647E-03  0.00000E+00
 3.46262E-03  0.00000E+00
 3.62614E-03  0.00000E+00
 3.79739E-03  0.00000E+00
 3.97672E-03  0.00000E+00
 4.16452E-03  0.00000E+00
 4.36119E-03  0.00000E+00
 4.56715E-03  0.00000E+00
 4.78283E-03  0.00000E+00
 5.00870E-03  0.00000E+00
 5.24524E-03  0.00000E+00
 5.49295E-03  0.00000E+00
 5.75235E-03  0.00000E+00
 6.02401E-03  0.00000E+00
 6.30849E-03  0.00000E+00
 6.60641E-03  0.00000E+00
 6.91840E-03  0.00000E+00
 7.24512E-03  0.00000E+00
 7.58728E-03  0.00000E+00
 7.94559E-03  0.00000E+00
 8.32082E-03  0.00000E+00
 8.71377E-03  0.00000E+00
 9.12528E-03  0.00000E+00
 9.55622E-03  0.00000E+00
 1.00075E-02  0.00000E+00
 1.04801E-02  0.00000E+00
 1.09751E-02  0.00000E+00
 1.14934E-02  0.00000E+00
 1.20361E-02  0.00000E+00
 1.26045E-02  0.00000E+00
 1.31998E-02  0.00000E+00
 1.38231E-02  0.00000E+00
 1.44759E-02  0.00000E+00
 1.51596E-02  0.00000E+00
 1.58755E-02  0.00000E+00
 1.66252E-02  0.00000E+00
 1.74103E-02  0.00000E+00
 1.82326E-02  0.00000E+00
 1.90936E-02  0.00000E+00
 1.99953E-02  0.00000E+00
 2.09396E-02  0.00000E+00
 2.19284E-02  0.00000E+00
 2.29640E-02  0.00000E+00
 2.40485E-02  0.00000E+00
 2.51842E-02  0.00000E+00
 2.63735E-02  0.00000E+00
 2.76190E-02  0.00000E+00
 2.89233E-02  0.00000E+00
 3.02892E-02  0.00000E+00
 3.17197E-02  0.00000E+00
 3.32176E-02  0.00000E+00
 3.47863E-02  0.00000E+00
 3.64291E-02  0.00000E+00
 3.81495E-02  0.00000E+00
 3.99511E-02  0.00000E+00
 4.18378E-02  0.00000E+00
 4.38136E-02  0.00000E+00
 4.58827E-02  0.00000E+00
 4.80495E-02  0.00000E+00
 5.03187E-02  0.00000E+00
 5.26950E-02  0.00000E+00
 5.51835E-02  0.00000E+00
 5.77896E-02  0.00000E+00
 6.05187E-02  0.00000E+00
 6.33767E-02  0.00000E+00
 6.63697E-02  0.00000E+00
 6.95040E-02  0.00000E+00
 7.27863E-02  0.00000E+00
 7.62237E-02  0.00000E+00
 7.98234E-02  0.00000E+00
 8.35930E-02  0.00000E+00
 8.75407E-02  0.00000E+00
 9.16749E-02  0.00000E+00
 9.60042E-02  0.00000E+00
 1.00538E-01  0.00000E+00
 1.05286E-01  0.00000E+00
 1.10258E-01  0.00000E+00
 1.15465E-01  0.00000E+00
 1.20918E-01  0.00000E+00
 1.26628E-01  0.00000E+00
 1.32608E-01  9.26197E-19
 1.38871E-01  0.00000E+00
 1.45429E-01  0.00000E+00
 1.52297E-01  0.00000E+00
 1.59489E-01  0.00000E+00
 1.67021E-01  0.00000E+00
 1.74909E-01  2.22194E-15
 1.83169E-01  7.68643E-15
 1.91819E-01  2.80773E-14
 2.00878E-01  2.13705E-14
 2.10364E-01  9.31084E-15
 2.20299E-01  3.09729E-15
 2.30702E-01  1.47625E-15
 2.41597E-01  1.15794E-15
 2.53007E-01  4.19491E-16
 2.64955E-01  1.30086E-16
 2.77468E-01  6.59146E-17
 2.90571E-01  3.15383E-17
 3.04293E-01  1.46831E-17
 3.18664E-01  8.42942E-18
 3.33713E-01  3.03225E-18
 3.49472E-01  1.38589E-18
 3.65976E-01  8.18362E-19
 3.83259E-01  4.95868E-19
 4.01359E-01  6.39264E-19
 4.20313E-01  3.59749E-19
 4.40162E-01  3.99939E-19
 4.60949E-01  4.29137E-19
 4.82718E-01  7.92851E-19
 5.05514E-01  1.64920E-18
 5.29387E-01  5.74978E-18
 5.54387E-01  4.20521E-17
 5.80569E-01  5.15334E-16
 6.07986E-01  1.34348E-14
 6.36698E-01  1.11130E-12
 6.66766E-01  2.57467E-10
 6.98255E-01  4.29060E-06
 7.31230E-01  4.41855E-05
 7.65762E-01  5.99236E-05
 8.01926E-01  6.61205E-05
 8.39797E-01  8.05028E-05
 8.79456E-01  8.53644E-05
 9.07247E-01  8.27672E-05
 9.07353E-01  7.63054E-05
 9.07459E-01  7.62703E-05
 9.07565E-01  7.62352E-05
 9.07671E-01  7.62001E-05
 9.07777E-01  7.61649E-05
 9.07883E-01  7.61298E-05
 9.07989E-01  7.60946E-05
 9.08095E-01  7.60595E-05
 9.08201E-01  7.60243E-05
 9.08308E-01  7.59891E-05
 9.08414E-01  7.59539E-05
 9.08520E-01  7.59187E-05
 9.08626E-01  7.58834E-05
 9.08732E-01  7.58484E-05
 9.08839E-01  7.58129E-05
 9.08945E-01  7.57776E-05
 9.09051E-01  7.57424E-05
 9.09158E-01  7.57071E-05
 9.09264E-01  7.56717E-05
 9.09370E-01  7.56364E-05
 9.09477E-01  7.56011E-05
 9.09583E-01  7.55657E-05
 9.09690E-01  7.55303E-05
 9.09796E-01  7.54950E-05
 9.09903E-01  7.54596E-05
 9.10009E-01  7.54242E-05
 9.10116E-01  7.53887E-05
 9.10222E-01  7.53533E-05
 9.10329E-01  7.53178E-05
 9.10436E-01  7.52824E-05
 9.10542E-01  7.52469E-05
 9.10649E-01  7.52114E-05
 9.10756E-01  7.51759E-05
 9.10862E-01  7.51404E-05
 9.10969E-01  7.51049E-05
 9.11076E-01  7.50693E-05
 9.11183E-01  7.50337E-05
 9.11290E-01  7.49982E-05
 9.11396E-01  7.49626E-05
 9.11503E-01  7.49270E-05
 9.11610E-01  7.48914E-05
 9.11717E-01  7.48558E-05
 9.11824E-01  7.48201E-05
 9.11931E-01  7.47845E-05
 9.12038E-01  7.47488E-05
 9.12145E-01  7.47131E-05
 9.12252E-01  7.46774E-05
 9.12359E-01  7.46417E-05
 9.12466E-01  7.46060E-05
 9.12574E-01  7.45703E-05
 9.12681E-01  7.45345E-05
 9.12788E-01  7.44987E-05
 9.12895E-01  7.44630E-05
 9.13002E-01  7.44272E-05
 9.13110E-01  7.43914E-05
 9.13217E-01  7.43556E-05
 9.13324E-01  7.43197E-05
 9.13432E-01  7.42839E-05
 9.13539E-01  7.42480E-05
 9.13646E-01  7.42121E-05
 9.13754E-01  7.41763E-05
 9.13861E-01  7.41404E-05
 9.13969E-01  7.41045E-05
 9.14076E-01  7.40685E-05
 9.14184E-01  7.40326E-05
 9.14291E-01  7.39966E-05
 9.14399E-01  7.39607E-05
 9.14506E-01  7.39320E-05
 9.14614E-01  7.38887E-05
 9.14722E-01  7.38527E-05
 9.14829E-01  7.38167E-05
 9.14937E-01  7.37806E-05
 9.15045E-01  7.37506E-05
 9.15152E-01  7.37085E-05
 9.15260E-01  7.36724E-05
 9.15368E-01  7.36363E-05
 9.15476E-01  7.36002E-05
 9.15584E-01  7.35641E-05
 9.15692E-01  7.35280E-05
 9.15799E-01  7.34918E-05
 9.15907E-01  7.34557E-05
 9.16015E-01  7.34195E-05
 9.16123E-01  7.33833E-05
 9.16231E-01  7.33471E-05
 9.16339E-01  7.33109E-05
 9.16447E-01  7.32747E-05
 9.16555E-01  7.32384E-05
 9.16664E-01  7.32022E-05
 9.16772E-01  7.31659E-05
 9.16880E-01  7.31296E-05
 9.16988E-01  7.30933E-05
 9.17096E-01  7.30570E-05
 9.17204E-01  7.30207E-05
 9.17313E-01  7.29843E-05
 9.17421E-01  7.29480E-05
 9.17529E-01  7.29116E-05
 9.17638E-01  7.28752E-05
 9.17746E-01  7.74178E-05
 9.17854E-01  7.28024E-05
 9.17963E-01  7.27660E-05
 9.18071E-01  7.27296E-05
 9.18180E-01  7.26931E-05
 9.18288E-01  7.26566E-05
 9.18397E-01  7.26202E-05
 9.18505E-01  7.25837E-05
 9.18614E-01  7.25472E-05
 9.18722E-01  7.25106E-05
 9.18831E-01  7.24741E-05
 9.18940E-01  7.24376E-05
 9.19048E-01  7.24010E-05
 9.19157E-01  7.23644E-05
 9.19266E-01  7.23278E-05
 9.19374E-01  7.22912E-05
 9.19483E-01  7.22546E-05
 9.19592E-01  7.22180E-05
 9.19701E-01  7.21813E-05
 9.19810E-01  7.21447E-05
 9.19918E-01  7.21080E-05
 9.20027E-01  7.20713E-05
 9.20136E-01  7.20346E-05
 9.20245E-01  7.19979E-05
 9.20354E-01  7.19611E-05
 9.20463E-01  7.19244E-05
 9.20572E-01  7.18876E-05
 9.20681E-01  7.18509E-05
 9.20790E-01  7.18141E-05
 9.20899E-01  7.17773E-05
 9.20989E-01  7.17472E-05
 9.21009E-01  7.17549E-05
 9.21118E-01  7.17968E-05
 9.21227E-01  7.18388E-05
 9.21336E-01  7.18808E-05
 9.21445E-01  7.19228E-05
 9.21555E-01  7.19648E-05
 9.21664E-01  7.20939E-05
 9.21773E-01  7.20488E-05
 9.21883E-01  7.20909E-05
 9.21992E-01  7.21329E-05
 9.22101E-01  7.21750E-05
 9.22211E-01  7.22171E-05
 9.22320E-01  7.22592E-05
 9.22430E-01  7.23013E-05
 9.22539E-01  7.23435E-05
 9.22649E-01  7.23856E-05
 9.22758E-01  7.26089E-05
 9.22868E-01  7.24700E-05
 9.22977E-01  7.25122E-05
 9.23087E-01  7.25544E-05
 9.23197E-01  7.25966E-05
 9.23306E-01  7.31201E-05
 9.23416E-01  7.26811E-05
 9.23526E-01  7.27233E-05
 9.23635E-01  7.27656E-05
 9.23745E-01  7.28079E-05
 9.23855E-01  7.28502E-05
 9.23965E-01  7.28925E-05
 9.24075E-01  7.29348E-05
 9.24185E-01  7.29775E-05
 9.24295E-01  7.30195E-05
 9.24404E-01  7.30619E-05
 9.24514E-01  7.31043E-05
 9.24624E-01  7.31467E-05
 9.24734E-01  7.72830E-05
 9.24844E-01  7.32316E-05
 9.24955E-01  7.32740E-05
 9.25065E-01  7.33165E-05
 9.25175E-01  7.33589E-05
 9.25285E-01  7.34014E-05
 9.25395E-01  7.34439E-05
 9.25505E-01  7.34864E-05
 9.25615E-01  7.51756E-05
 9.25726E-01  7.35715E-05
 9.25836E-01  7.36141E-05
 9.25946E-01  7.36566E-05
 9.26057E-01  7.36992E-05
 9.26167E-01  7.37418E-05
 9.26277E-01  7.37844E-05
 9.26388E-01  7.38815E-05
 9.26498E-01  7.38697E-05
 9.26609E-01  7.39124E-05
 9.26719E-01  7.39550E-05
 9.26830E-01  7.39977E-05
 9.26940E-01  7.40404E-05
 9.27051E-01  7.40831E-05
 9.27161E-01  7.48139E-05
 9.27272E-01  7.41686E-05
 9.27383E-01  8.05928E-05
 9.27493E-01  7.52670E-05
 9.27604E-01  7.42969E-05
 9.27715E-01  7.43403E-05
 9.27825E-01  7.43831E-05
 9.27936E-01  7.44746E-05
 9.28047E-01  8.05025E-05
 9.28158E-01  7.46688E-05
 9.28269E-01  7.45552E-05
 9.28380E-01  7.45968E-05
 9.28491E-01  7.46399E-05
 9.28601E-01  7.68756E-05
 9.28712E-01  7.47256E-05
 9.28823E-01  7.47685E-05
 9.28934E-01  7.48114E-05
 9.29045E-01  7.48544E-05
 9.29157E-01  7.48974E-05
 9.29268E-01  7.49404E-05
 9.29379E-01  7.49834E-05
 9.29490E-01  8.12432E-05
 9.29601E-01  7.50695E-05
 9.29712E-01  7.51125E-05
 9.29823E-01  8.09839E-05
 9.29935E-01  7.96766E-05
 9.30046E-01  7.57431E-05
 9.30157E-01  7.53338E-05
 9.30269E-01  7.77657E-05
 9.30380E-01  8.84185E-05
 9.30491E-01  8.35616E-05
 9.30603E-01  7.79493E-05
 9.30714E-01  7.55007E-05
 9.30826E-01  8.74545E-05
 9.30937E-01  9.91379E-05
 9.31049E-01  9.32714E-05
 9.31160E-01  9.02421E-05
 9.31272E-01  1.25406E-04
 9.31383E-01  1.13734E-04
 9.31495E-01  1.20948E-04
 9.31607E-01  1.48353E-04
 9.31718E-01  1.39080E-04
 9.31830E-01  1.80341E-04
 9.31942E-01  2.25301E-04
 9.32054E-01  2.60055E-04
 9.32165E-01  2.79268E-04
 9.32277E-01  2.17188E-04
 9.32389E-01  3.02890E-04
 9.32501E-01  4.43718E-04
 9.32613E-01  4.25018E-04
 9.32725E-01  5.12748E-04
 9.32837E-01  5.47689E-04
 9.32949E-01  6.04487E-04
 9.33061E-01  7.99241E-04
 9.33173E-01  7.52616E-04
 9.33285E-01  1.09868E-03
 9.33397E-01  1.07960E-03
 9.33509E-01  1.33499E-03
 9.33621E-01  1.30527E-03
 9.33733E-01  1.74828E-03
 9.33845E-01  1.76536E-03
 9.33958E-01  1.96237E-03
 9.34070E-01  2.13758E-03
 9.34182E-01  2.22041E-03
 9.34295E-01  2.65107E-03
 9.34407E-01  2.74248E-03
 9.34519E-01  2.77878E-03
 9.34632E-01  2.81665E-03
 9.34744E-01  2.81917E-03
 9.34856E-01  2.66155E-03
 9.34969E-01  2.66403E-03
 9.35081E-01  2.56733E-03
 9.35194E-01  2.60146E-03
 9.35306E-01  2.15096E-03
 9.35419E-01  1.95778E-03
 9.35532E-01  2.09724E-03
 9.35644E-01  1.85657E-03
 9.35757E-01  1.79663E-03
 9.35870E-01  1.86325E-03
 9.35982E-01  1.73784E-03
 9.36095E-01  1.47469E-03
 9.36208E-01  1.51849E-03
 9.36321E-01  1.39079E-03
 9.36433E-01  1.40705E-03
 9.36546E-01  1.40058E-03
 9.36659E-01  1.04712E-03
 9.36772E-01  1.19754E-03
 9.36885E-01  1.14255E-03
 9.36998E-01  1.06761E-03
 9.37111E-01  1.01124E-03
 9.37224E-01  1.00915E-03
 9.37337E-01  9.08374E-04
 9.37450E-01  8.91965E-04
 9.37563E-01  9.59808E-04
 9.37676E-01  7.64210E-04
 9.37789E-01  8.78878E-04
 9.37902E-01  9.10656E-04
 9.38016E-01  8.57008E-04
 9.38129E-01  6.99184E-04
 9.38242E-01  8.35248E-04
 9.38355E-01  7.14573E-04
 9.38469E-01  6.81519E-04
 9.38582E-01  8.35673E-04
 9.38695E-01  7.35444E-04
 9.38809E-01  8.06859E-04
 9.38922E-01  7.17499E-04
 9.39036E-01  7.34947E-04
 9.39149E-01  6.63927E-04
 9.39263E-01  6.39434E-04
 9.39376E-01  6.31774E-04
 9.39490E-01  7.62627E-04
 9.39603E-01  7.36186E-04
 9.39717E-01  7.43431E-04
 9.39830E-01  6.80115E-04
 9.39944E-01  6.88505E-04
 9.40058E-01  7.85114E-04
 9.40172E-01  6.42794E-04
 9.40285E-01  6.94764E-04
 9.40399E-01  8.29609E-04
 9.40513E-01  6.58299E-04
 9.40627E-01  6.62736E-04
 9.40741E-01  6.62450E-04
 9.40854E-01  6.83328E-04
 9.40968E-01  6.33946E-04
 9.41082E-01  6.13567E-04
 9.41196E-01  6.31489E-04
 9.41310E-01  6.42864E-04
 9.41424E-01  7.09252E-04
 9.41538E-01  6.45826E-04
 9.41652E-01  7.08523E-04
 9.41766E-01  7.27238E-04
 9.41881E-01  6.66002E-04
 9.41995E-01  6.51609E-04
 9.42109E-01  5.68987E-04
 9.42223E-01  5.30301E-04
 9.42337E-01  6.07605E-04
 9.42452E-01  6.71334E-04
 9.42566E-01  7.70936E-04
 9.42680E-01  6.38184E-04
 9.42795E-01  7.21107E-04
 9.42909E-01  6.65145E-04
 9.43023E-01  6.04719E-04
 9.43138E-01  6.02731E-04
 9.43252E-01  6.42112E-04
 9.43367E-01  6.13116E-04
 9.43481E-01  5.81769E-04
 9.43596E-01  5.49772E-04
 9.43710E-01  5.43530E-04
 9.43825E-01  5.80871E-04
 9.43940E-01  5.68928E-04
 9.44054E-01  5.45920E-04
 9.44169E-01  5.00139E-04
 9.44284E-01  5.23219E-04
 9.44398E-01  5.80355E-04
 9.44513E-01  5.51788E-04
 9.44628E-01  5.49790E-04
 9.44743E-01  5.32685E-04
 9.44858E-01  6.24896E-04
 9.44973E-01  4.79443E-04
 9.45088E-01  5.60135E-04
 9.45202E-01  5.42475E-04
 9.45317E-01  5.19703E-04
 9.45432E-01  4.84347E-04
 9.45547E-01  5.68033E-04
 9.45662E-01  5.27847E-04
 9.45778E-01  4.68958E-04
 9.45893E-01  4.90849E-04
 9.46008E-01  4.19340E-04
 9.46123E-01  4.58532E-04
 9.46238E-01  4.65775E-04
 9.46353E-01  4.27787E-04
 9.46469E-01  4.07395E-04
 9.46584E-01  5.24368E-04
 9.46699E-01  4.10851E-04
 9.46814E-01  4.10740E-04
 9.46930E-01  4.10129E-04
 9.47045E-01  3.68593E-04
 9.47161E-01  4.37921E-04
 9.47276E-01  3.56502E-04
 9.47392E-01  4.08914E-04
 9.47507E-01  4.51307E-04
 9.47623E-01  3.36141E-04
 9.47738E-01  4.14988E-04
 9.47854E-01  4.60839E-04
 9.47969E-01  3.84861E-04
 9.48085E-01  3.34727E-04
 9.48201E-01  3.85749E-04
 9.48316E-01  3.30501E-04
 9.48432E-01  3.40493E-04
 9.48548E-01  3.12588E-04
 9.48664E-01  4.02827E-04
 9.48779E-01  3.86385E-04
 9.48895E-01  3.36755E-04
 9.49011E-01  3.04384E-04
 9.49127E-01  3.80111E-04
 9.49243E-01  3.15502E-04
 9.49359E-01  3.28377E-04
 9.49475E-01  2.94095E-04
 9.49591E-01  2.49243E-04
 9.49707E-01  3.11328E-04
 9.49823E-01  3.22892E-04
 9.49939E-01  3.04138E-04
 9.50055E-01  3.16675E-04
 9.50171E-01  2.70336E-04
 9.50287E-01  2.96487E-04
 9.50404E-01  2.92431E-04
 9.50520E-01  2.41687E-04
 9.50636E-01  2.94455E-04
 9.50752E-01  2.22994E-04
 9.50869E-01  2.84967E-04
 9.50985E-01  2.25719E-04
 9.51102E-01  2.34269E-04
 9.51218E-01  2.26067E-04
 9.51334E-01  2.41234E-04
 9.51451E-01  2.17208E-04
 9.51567E-01  2.23693E-04
 9.51684E-01  2.14785E-04
 9.51800E-01  2.29994E-04
 9.51917E-01  2.11484E-04
 9.52034E-01  2.20830E-04
 9.52150E-01  1.79321E-04
 9.52267E-01  2.16983E-04
 9.52384E-01  2.34563E-04
 9.52500E-01  1.83635E-04
 9.52617E-01  1.79558E-04
 9.52734E-01  2.15884E-04
 9.52851E-01  1.83826E-04
 9.52967E-01  1.82711E-04
 9.53084E-01  1.97047E-04
 9.53201E-01  2.06137E-04
 9.53318E-01  1.68118E-04
 9.53435E-01  1.84799E-04
 9.53552E-01  2.03539E-04
 9.53669E-01  1.72526E-04
 9.53786E-01  1.95639E-04
 9.53903E-01  1.93232E-04
 9.54020E-01  1.81948E-04
 9.54137E-01  2.04012E-04
 9.54254E-01  1.69093E-04
 9.54372E-01  1.54222E-04
 9.54489E-01  1.82519E-04
 9.54606E-01  1.92145E-04
 9.54723E-01  1.54901E-04
 9.54841E-01  1.31552E-04
 9.54958E-01  1.45225E-04
 9.55075E-01  1.52403E-04
 9.55193E-01  1.71402E-04
 9.55310E-01  1.29582E-04
 9.55428E-01  1.67930E-04
 9.55545E-01  1.60817E-04
 9.55663E-01  1.29841E-04
 9.55780E-01  1.40260E-04
 9.55898E-01  1.37841E-04
 9.56015E-01  1.35035E-04
 9.56133E-01  1.07494E-04
 9.56250E-01  1.39479E-04
 9.56368E-01  1.23233E-04
 9.56486E-01  1.25428E-04
 9.56604E-01  1.17756E-04
 9.56721E-01  1.11768E-04
 9.56839E-01  1.19510E-04
 9.56957E-01  1.33431E-04
 9.57075E-01  1.13023E-04
 9.57193E-01  1.13016E-04
 9.57310E-01  1.12067E-04
 9.57428E-01  1.07441E-04
 9.57546E-01  1.14539E-04
 9.57664E-01  9.85831E-05
 9.57782E-01  1.03851E-04
 9.57900E-01  1.14306E-04
 9.58018E-01  1.22468E-04
 9.58137E-01  1.09394E-04
 9.58255E-01  1.16089E-04
 9.58373E-01  1.03104E-04
 9.58491E-01  9.93509E-05
 9.58609E-01  9.83713E-05
 9.58728E-01  1.07250E-04
 9.58846E-01  1.09662E-04
 9.58964E-01  9.92502E-05
 9.59082E-01  1.06665E-04
 9.59201E-01  9.17559E-05
 9.59319E-01  9.27149E-05
 9.59438E-01  9.71089E-05
 9.59556E-01  9.53069E-05
 9.59675E-01  9.42724E-05
 9.59793E-01  1.01450E-04
 9.59912E-01  1.03316E-04
 9.60030E-01  1.06066E-04
 9.60149E-01  9.42169E-05
 9.60267E-01  9.01592E-05
 9.60386E-01  9.32670E-05
 9.60505E-01  1.00568E-04
 9.60624E-01  9.96681E-05
 9.60742E-01  8.97373E-05
 9.60861E-01  9.01832E-05
 9.60980E-01  8.94419E-05
 9.61099E-01  9.54557E-05
 9.61218E-01  9.29811E-05
 9.61336E-01  8.99578E-05
 9.61455E-01  8.92070E-05
 9.61574E-01  9.35557E-05
 9.61693E-01  9.43418E-05
 9.61812E-01  9.49835E-05
 9.61931E-01  8.88818E-05
 9.62050E-01  8.88790E-05
 9.62170E-01  8.90408E-05
 9.62289E-01  8.98174E-05
 9.62408E-01  8.86705E-05
 9.62527E-01  8.89787E-05
 9.62646E-01  8.97988E-05
 9.62765E-01  8.88665E-05
 9.62885E-01  8.90140E-05
 9.63004E-01  8.95612E-05
 9.63123E-01  8.93208E-05
 9.63243E-01  8.87980E-05
 9.63362E-01  1.11833E-04
 9.64483E-01  8.87729E-05
 1.01003E+00  9.95267E-05
 1.05773E+00  1.03545E-04
 1.10768E+00  1.09879E-04
 1.15999E+00  1.13987E-04
 1.21477E+00  1.23106E-04
 1.27214E+00  1.22145E-04
 1.33222E+00  1.15964E-04
 1.39513E+00  1.09065E-04
 1.46102E+00  9.86704E-05
 1.53001E+00  9.08357E-05
 1.60227E+00  8.28757E-05
 1.67794E+00  7.82102E-05
 1.75718E+00  7.46819E-05
 1.84016E+00  7.42416E-05
 1.92706E+00  7.67186E-05
 2.01807E+00  7.94808E-05
 2.11337E+00  8.17865E-05
 2.21318E+00  8.60141E-05
 2.31769E+00  8.78524E-05
 2.42715E+00  9.00813E-05
 2.54177E+00  9.17522E-05
 2.66180E+00  9.41684E-05
 2.78751E+00  9.79688E-05
 2.91915E+00  1.41966E-04
 3.05701E+00  1.74134E-04
 3.20137E+00  1.79144E-04
 3.35256E+00  1.82839E-04
 3.51089E+00  1.91338E-04
 3.67669E+00  1.89810E-04
 3.85032E+00  1.93375E-04
 4.03215E+00  1.94587E-04
 4.22257E+00  1.97104E-04
 4.42198E+00  1.97938E-04
 4.63081E+00  1.96894E-04
 4.84950E+00  1.96362E-04
 5.07852E+00  1.94705E-04
 5.31836E+00  1.97320E-04
 5.56952E+00  2.00342E-04
 5.83254E+00  1.97911E-04
 6.10798E+00  1.94684E-04
 6.39643E+00  1.99833E-04
 6.69850E+00  2.06481E-04
 7.01484E+00  2.11672E-04
 7.34612E+00  2.14531E-04
 7.69304E+00  2.09310E-04
 8.05634E+00  2.11852E-04
 8.43681E+00  2.12604E-04
 8.83524E+00  2.05886E-04
 9.25248E+00  2.05999E-04
 9.68943E+00  2.01894E-04
 1.01470E+01  2.06055E-04
 1.06262E+01  2.07411E-04
 1.11280E+01  2.08581E-04
 1.16536E+01  2.02571E-04
 1.22039E+01  2.11253E-04
 1.27802E+01  2.06772E-04
 1.33838E+01  1.99176E-04
 1.40158E+01  1.93784E-04
 1.46777E+01  1.82779E-04
 1.53709E+01  1.79925E-04
 1.60968E+01  1.71863E-04
 1.68570E+01  1.60396E-04
 1.76530E+01  1.46961E-04
 1.84867E+01  1.34407E-04
 1.93597E+01  1.28441E-04
 2.02740E+01  1.23119E-04
 2.12315E+01  1.19700E-04
 2.22341E+01  1.15666E-04
 2.32841E+01  1.06079E-04
 2.43837E+01  1.00913E-04
 2.55352E+01  9.47161E-05
 2.67412E+01  9.23583E-05
 2.80040E+01  8.00455E-05
 2.93265E+01  7.65410E-05
 3.07115E+01  7.43390E-05
 3.21618E+01  6.87513E-05
 3.36807E+01  6.23114E-05
 3.52712E+01  5.49389E-05
 3.69369E+01  4.99497E-05
 3.86813E+01  4.87471E-05
 4.05080E+01  4.64750E-05
 4.24210E+01  4.06379E-05
 4.44243E+01  4.26734E-05
 4.65223E+01  4.16147E-05
 4.87193E+01  3.39999E-05
 5.10201E+01  3.42840E-05
 5.34295E+01  3.22464E-05
 5.59527E+01  3.39354E-05
 5.85951E+01  2.88220E-05
 6.13623E+01  3.08760E-05
 6.42601E+01  2.96070E-05
 6.72948E+01  2.31484E-05
 7.04728E+01  2.12814E-05
 7.38009E+01  2.06427E-05
 7.72862E+01  1.87136E-05
 8.09361E+01  2.62430E-05
 8.47583E+01  2.98353E-05
 8.87610E+01  4.11965E-05
 9.29528E+01  6.61877E-05
 9.73425E+01  1.05654E-04
 1.01939E+02  1.72197E-04
 1.06754E+02  3.02104E-04
 1.11795E+02  5.28456E-04
 1.17075E+02  8.79141E-04
 1.22603E+02  1.44192E-03
 1.28393E+02  2.35553E-03
 1.34457E+02  3.64385E-03
 1.40807E+02  5.71003E-03
 1.47456E+02  8.60108E-03
 1.54420E+02  1.26363E-02
 1.61712E+02  1.84557E-02
 1.69349E+02  2.60473E-02
 1.77347E+02  3.63828E-02
 1.85722E+02  4.94981E-02
 1.94493E+02  6.68886E-02
 2.03678E+02  8.82066E-02
 2.13297E+02  1.14198E-01
 2.23369E+02  1.44799E-01
 2.33918E+02  1.81190E-01
 2.44965E+02  2.21703E-01
 2.56533E+02  2.66533E-01
 2.68648E+02  3.14065E-01
 2.81335E+02  3.64061E-01
 2.94621E+02  4.13639E-01
 3.08535E+02  4.61196E-01
 3.23106E+02  5.06561E-01
 3.38364E+02  5.48608E-01
 3.54344E+02  5.84958E-01
 3.71078E+02  6.12736E-01
 3.88602E+02  6.36269E-01
 4.06954E+02  6.50408E-01
 4.26172E+02  6.56933E-01
 4.46298E+02  6.55541E-01
 4.67375E+02  6.48881E-01
 4.89446E+02  6.35114E-01
 5.12561E+02  6.15699E-01
 5.36766E+02  5.91074E-01
 5.62115E+02  5.63012E-01
 5.88661E+02  5.31018E-01
 6.16461E+02  4.99635E-01
 6.45573E+02  4.64840E-01
 6.76061E+02  4.30707E-01
 7.07988E+02  3.97606E-01
 7.41423E+02  3.61392E-01
 7.76437E+02  3.28343E-01
 8.13104E+02  2.96569E-01
 8.51503E+02  2.68801E-01
 8.91715E+02  2.39035E-01
 9.33827E+02  2.14328E-01
 9.77927E+02  1.91160E-01
 1.02411E+03  1.69122E-01
 1.07247E+03  1.48837E-01
 1.12312E+03  1.32216E-01
 1.17616E+03  1.16016E-01
 1.23171E+03  1.00800E-01
 1.28987E+03  8.72852E-02
 1.35079E+03  7.56817E-02
 1.41458E+03  6.61199E-02
 1.48138E+03  5.54552E-02
 1.55134E+03  4.82834E-02
 1.62460E+03  4.19175E-02
 1.70133E+03  3.60334E-02
 1.78167E+03  3.06929E-02
 1.86581E+03  2.63244E-02
 1.95392E+03  2.23010E-02
 2.04620E+03  1.87511E-02
 2.14283E+03  1.61345E-02
 2.24403E+03  1.40316E-02
 2.35000E+03  1.12871E-02
 2.46098E+03  9.36766E-03
 2.57720E+03  8.29490E-03
 2.69891E+03  6.76505E-03
 2.82636E+03  5.66487E-03
 2.95984E+03  5.12989E-03
 3.09962E+03  4.41922E-03
 3.24600E+03  3.62692E-03
 3.39929E+03  3.10436E-03
 3.55982E+03  2.78321E-03
 3.72794E+03  1.87032E-03
 3.90399E+03  1.56706E-03
 4.08836E+03  1.39997E-03
 4.28143E+03  1.11655E-03
 4.48362E+03  7.44258E-04
 4.69536E+03  6.95197E-04
 4.91710E+03  8.38404E-04
 5.14931E+03  6.26261E-04
 5.39249E+03  5.12527E-04
 5.64715E+03  4.49908E-04
 5.91384E+03  3.36923E-04
 6.19312E+03  2.35142E-04
 6.48559E+03  2.71662E-04
 6.79188E+03  2.32122E-04
 7.11262E+03  1.89414E-04
 7.44852E+03  8.47299E-05
