 7.87260E-05  0.00000E+00
 8.24438E-05  0.00000E+00
 8.63372E-05  0.00000E+00
 9.04145E-05  0.00000E+00
 9.46844E-05  0.00000E+00
 9.91559E-05  0.00000E+00
 1.03839E-04  0.00000E+00
 1.08742E-04  0.00000E+00
 1.13878E-04  0.00000E+00
 1.19256E-04  0.00000E+00
 1.24887E-04  0.00000E+00
 1.30785E-04  0.00000E+00
 1.36962E-04  0.00000E+00
 1.43430E-04  0.00000E+00
 1.50203E-04  0.00000E+00
 1.57297E-04  0.00000E+00
 1.64725E-04  0.00000E+00
 1.72504E-04  0.00000E+00
 1.80651E-04  0.00000E+00
 1.89182E-04  0.00000E+00
 1.98116E-04  0.00000E+00
 2.07472E-04  0.00000E+00
 2.17270E-04  0.00000E+00
 2.27531E-04  0.00000E+00
 2.38276E-04  0.00000E+00
 2.49528E-04  0.00000E+00
 2.61312E-04  0.00000E+00
 2.73653E-04  0.00000E+00
 2.86576E-04  0.00000E+00
 3.00110E-04  0.00000E+00
 3.14283E-04  0.00000E+00
 3.29125E-04  0.00000E+00
 3.44668E-04  0.00000E+00
 3.60945E-04  0.00000E+00
 3.77990E-04  0.00000E+00
 3.95841E-04  0.00000E+00
 4.14535E-04  0.00000E+00
 4.34111E-04  0.00000E+00
 4.54612E-04  0.00000E+00
 4.76081E-04  0.00000E+00
 4.98564E-04  0.00000E+00
 5.22109E-04  0.00000E+00
 5.46766E-04  0.00000E+00
 5.72587E-04  0.00000E+00
 5.99627E-04  0.00000E+00
 6.27945E-04  0.00000E+00
 6.57600E-04  0.00000E+00
 6.88655E-04  0.00000E+00
 7.21177E-04  0.00000E+00
 7.55235E-04  0.00000E+00
 7.90901E-04  0.00000E+00
 8.28251E-04  0.00000E+00
 8.67366E-04  0.00000E+00
 9.08327E-04  0.00000E+00
 9.51223E-04  0.00000E+00
 9.96145E-04  0.00000E+00
 1.04319E-03  0.00000E+00
 1.09245E-03  0.00000E+00
 1.14404E-03  0.00000E+00
 1.19807E-03  0.00000E+00
 1.25465E-03  0.00000E+00
 1.31390E-03  0.00000E+00
 1.37595E-03  0.00000E+00
 1.44093E-03  0.00000E+00
 1.50898E-03  0.00000E+00
 1.58024E-03  0.00000E+00
 1.65487E-03  0.00000E+00
 1.73302E-03  0.00000E+00
 1.81486E-03  0.00000E+00
 1.90057E-03  0.00000E+00
 1.99032E-03  0.00000E+00
 2.08432E-03  0.00000E+00
 2.18275E-03  0.00000E+00
 2.28583E-03  0.00000E+00
 2.39378E-03  0.00000E+00
 2.50683E-03  0.00000E+00
 2.62521E-03  0.00000E+00
 2.74919E-03  0.00000E+00
 2.87902E-03  0.00000E+00
 3.01498E-03  0.00000E+00
 3.15736E-03  0.00000E+00
 3.30647E-03  0.00000E+00
 3.46262E-03  0.00000E+00
 3.62614E-03  0.00000E+00
 3.79739E-03  0.00000E+00
 3.97672E-03  0.00000E+00
 4.16452E-03  0.00000E+00
 4.36119E-03  0.00000E+00
 4.56715E-03  0.00000E+00
 4.78283E-03  0.00000E+00
 5.00870E-03  0.00000E+00
 5.24524E-03  0.00000E+00
 5.49295E-03  0.00000E+00
 5.75235E-03  0.00000E+00
 6.02401E-03  0.00000E+00
 6.30849E-03  0.00000E+00
 6.60641E-03  0.00000E+00
 6.91840E-03  0.00000E+00
 7.24512E-03  0.00000E+00
 7.58728E-03  0.00000E+00
 7.94559E-03  0.00000E+00
 8.32082E-03  0.00000E+00
 8.71377E-03  0.00000E+00
 9.12528E-03  0.00000E+00
 9.55622E-03  0.00000E+00
 1.00075E-02  0.00000E+00
 1.04801E-02  0.00000E+00
 1.09751E-02  0.00000E+00
 1.14934E-02  0.00000E+00
 1.20361E-02  0.00000E+00
 1.26045E-02  0.00000E+00
 1.31998E-02  0.00000E+00
 1.38231E-02  0.00000E+00
 1.44759E-02  0.00000E+00
 1.51596E-02  0.00000E+00
 1.58755E-02  0.00000E+00
 1.66252E-02  0.00000E+00
 1.74103E-02  0.00000E+00
 1.82326E-02  0.00000E+00
 1.90936E-02  0.00000E+00
 1.99953E-02  0.00000E+00
 2.09396E-02  0.00000E+00
 2.19284E-02  0.00000E+00
 2.29640E-02  0.00000E+00
 2.40485E-02  0.00000E+00
 2.51842E-02  0.00000E+00
 2.63735E-02  0.00000E+00
 2.76190E-02  0.00000E+00
 2.89233E-02  0.00000E+00
 3.02892E-02  0.00000E+00
 3.17197E-02  0.00000E+00
 3.32176E-02  0.00000E+00
 3.47863E-02  0.00000E+00
 3.64291E-02  0.00000E+00
 3.81495E-02  0.00000E+00
 3.99511E-02  0.00000E+00
 4.18378E-02  0.00000E+00
 4.38136E-02  0.00000E+00
 4.58827E-02  0.00000E+00
 4.80495E-02  0.00000E+00
 5.03187E-02  0.00000E+00
 5.26950E-02  0.00000E+00
 5.51835E-02  0.00000E+00
 5.77896E-02  0.00000E+00
 6.05187E-02  0.00000E+00
 6.33767E-02  0.00000E+00
 6.63697E-02  0.00000E+00
 6.95040E-02  0.00000E+00
 7.27863E-02  0.00000E+00
 7.62237E-02  0.00000E+00
 7.98234E-02  0.00000E+00
 8.35930E-02  0.00000E+00
 8.75407E-02  0.00000E+00
 9.16749E-02  0.00000E+00
 9.60042E-02  0.00000E+00
 1.00538E-01  0.00000E+00
 1.05286E-01  0.00000E+00
 1.10258E-01  0.00000E+00
 1.15465E-01  0.00000E+00
 1.20918E-01  0.00000E+00
 1.26628E-01  0.00000E+00
 1.32608E-01  0.00000E+00
 1.38871E-01  0.00000E+00
 1.45429E-01  0.00000E+00
 1.52297E-01  0.00000E+00
 1.59489E-01  0.00000E+00
 1.67021E-01  0.00000E+00
 1.74909E-01  2.19973E-15
 1.83169E-01  3.63039E-14
 1.91819E-01  7.42036E-14
 2.00878E-01  3.85350E-14
 2.10364E-01  2.01334E-14
 2.20299E-01  5.77329E-15
 2.30702E-01  3.36045E-15
 2.41597E-01  2.00391E-15
 2.53007E-01  7.98443E-16
 2.64955E-01  2.96112E-16
 2.77468E-01  1.21434E-16
 2.90571E-01  5.32833E-17
 3.04293E-01  1.77950E-17
 3.18664E-01  1.18112E-17
 3.33713E-01  4.76298E-18
 3.49472E-01  2.27754E-18
 3.65976E-01  9.94003E-19
 3.83259E-01  6.88503E-19
 4.01359E-01  6.55480E-19
 4.20313E-01  4.98797E-19
 4.40162E-01  4.11156E-19
 4.60949E-01  4.42246E-19
 4.82718E-01  8.92904E-19
 5.05514E-01  1.40915E-18
 5.29387E-01  6.29408E-18
 5.54387E-01  3.90404E-17
 5.80569E-01  4.08049E-16
 6.07986E-01  1.08512E-14
 6.36698E-01  9.13702E-13
 6.66766E-01  2.03179E-10
 6.98255E-01  4.23643E-06
 7.31230E-01  4.48239E-05
 7.65762E-01  6.32068E-05
 8.01926E-01  7.00358E-05
 8.39797E-01  8.60111E-05
 8.79456E-01  9.17381E-05
 9.07247E-01  7.97816E-05
 9.07353E-01  7.97351E-05
 9.07459E-01  7.96887E-05
 9.07565E-01  7.96422E-05
 9.07671E-01  7.95957E-05
 9.07777E-01  7.95492E-05
 9.07883E-01  7.95027E-05
 9.07989E-01  7.94561E-05
 9.08095E-01  7.94096E-05
 9.08201E-01  7.93630E-05
 9.08308E-01  7.93164E-05
 9.08414E-01  7.92698E-05
 9.08520E-01  7.92232E-05
 9.08626E-01  7.91766E-05
 9.08732E-01  7.91299E-05
 9.08839E-01  7.90832E-05
 9.08945E-01  7.90365E-05
 9.09051E-01  7.89898E-05
 9.09158E-01  7.89431E-05
 9.09264E-01  7.88963E-05
 9.09370E-01  7.88496E-05
 9.09477E-01  7.88028E-05
 9.09583E-01  7.87560E-05
 9.09690E-01  7.87092E-05
 9.09796E-01  7.86623E-05
 9.09903E-01  7.86155E-05
 9.10009E-01  7.85686E-05
 9.10116E-01  7.85217E-05
 9.10222E-01  7.84748E-05
 9.10329E-01  7.84279E-05
 9.10436E-01  7.83809E-05
 9.10542E-01  7.83340E-05
 9.10649E-01  7.82870E-05
 9.10756E-01  7.82400E-05
 9.10862E-01  7.81930E-05
 9.10969E-01  7.81460E-05
 9.11076E-01  7.80989E-05
 9.11183E-01  7.80519E-05
 9.11290E-01  7.80048E-05
 9.11396E-01  7.79577E-05
 9.11503E-01  7.79106E-05
 9.11610E-01  7.78634E-05
 9.11717E-01  7.88650E-05
 9.11824E-01  7.77691E-05
 9.11931E-01  7.77219E-05
 9.12038E-01  7.76747E-05
 9.12145E-01  7.76275E-05
 9.12252E-01  7.75802E-05
 9.12359E-01  7.75330E-05
 9.12466E-01  7.74857E-05
 9.12574E-01  7.74384E-05
 9.12681E-01  7.73911E-05
 9.12788E-01  7.73438E-05
 9.12895E-01  7.72964E-05
 9.13002E-01  7.72491E-05
 9.13110E-01  7.72017E-05
 9.13217E-01  7.71543E-05
 9.13324E-01  7.71069E-05
 9.13432E-01  7.70594E-05
 9.13539E-01  7.70120E-05
 9.13646E-01  7.69645E-05
 9.13754E-01  7.69170E-05
 9.13861E-01  7.68695E-05
 9.13969E-01  7.68220E-05
 9.14076E-01  7.67744E-05
 9.14184E-01  7.67269E-05
 9.14291E-01  7.66793E-05
 9.14399E-01  7.66317E-05
 9.14506E-01  7.65841E-05
 9.14614E-01  7.65365E-05
 9.14722E-01  7.64959E-05
 9.14829E-01  7.64411E-05
 9.14937E-01  7.63935E-05
 9.15045E-01  7.63458E-05
 9.15152E-01  7.62980E-05
 9.15260E-01  7.62503E-05
 9.15368E-01  7.62025E-05
 9.15476E-01  7.61548E-05
 9.15584E-01  7.65296E-05
 9.15692E-01  7.60592E-05
 9.15799E-01  7.60113E-05
 9.15907E-01  7.59635E-05
 9.16015E-01  7.59156E-05
 9.16123E-01  7.58677E-05
 9.16231E-01  7.58198E-05
 9.16339E-01  7.57719E-05
 9.16447E-01  7.57240E-05
 9.16555E-01  7.56760E-05
 9.16664E-01  7.56280E-05
 9.16772E-01  7.55801E-05
 9.16880E-01  7.55320E-05
 9.16988E-01  7.54840E-05
 9.17096E-01  7.54360E-05
 9.17204E-01  7.53879E-05
 9.17313E-01  7.53398E-05
 9.17421E-01  7.52917E-05
 9.17529E-01  7.52436E-05
 9.17638E-01  7.51955E-05
 9.17746E-01  7.51473E-05
 9.17854E-01  7.50991E-05
 9.17963E-01  7.50510E-05
 9.18071E-01  7.50027E-05
 9.18180E-01  7.49545E-05
 9.18288E-01  7.49063E-05
 9.18397E-01  7.48580E-05
 9.18505E-01  7.48097E-05
 9.18614E-01  7.47614E-05
 9.18722E-01  7.47131E-05
 9.18831E-01  7.46648E-05
 9.18940E-01  7.46164E-05
 9.19048E-01  7.45681E-05
 9.19157E-01  7.45197E-05
 9.19266E-01  7.44713E-05
 9.19374E-01  7.44228E-05
 9.19483E-01  7.43744E-05
 9.19592E-01  7.43261E-05
 9.19701E-01  7.96819E-05
 9.19810E-01  7.42289E-05
 9.19918E-01  7.41804E-05
 9.20027E-01  7.41319E-05
 9.20136E-01  7.40833E-05
 9.20245E-01  7.40348E-05
 9.20354E-01  7.39862E-05
 9.20463E-01  7.39386E-05
 9.20572E-01  7.38889E-05
 9.20681E-01  7.38403E-05
 9.20790E-01  7.37916E-05
 9.20899E-01  7.37429E-05
 9.20989E-01  7.37031E-05
 9.21009E-01  7.37114E-05
 9.21118E-01  7.37568E-05
 9.21227E-01  7.38023E-05
 9.21336E-01  7.38477E-05
 9.21445E-01  8.54667E-05
 9.21555E-01  7.39386E-05
 9.21664E-01  7.39841E-05
 9.21773E-01  7.40296E-05
 9.21883E-01  7.40751E-05
 9.21992E-01  7.41208E-05
 9.22101E-01  7.41661E-05
 9.22211E-01  7.42117E-05
 9.22320E-01  7.42573E-05
 9.22430E-01  7.43028E-05
 9.22539E-01  7.43484E-05
 9.22649E-01  7.43941E-05
 9.22758E-01  7.44397E-05
 9.22868E-01  7.44853E-05
 9.22977E-01  7.45310E-05
 9.23087E-01  7.45767E-05
 9.23197E-01  7.46224E-05
 9.23306E-01  7.46681E-05
 9.23416E-01  7.47138E-05
 9.23526E-01  7.48451E-05
 9.23635E-01  7.48053E-05
 9.23745E-01  7.48510E-05
 9.23855E-01  7.48968E-05
 9.23965E-01  7.49426E-05
 9.24075E-01  7.65865E-05
 9.24185E-01  7.50342E-05
 9.24295E-01  7.50801E-05
 9.24404E-01  7.51259E-05
 9.24514E-01  7.51718E-05
 9.24624E-01  7.52177E-05
 9.24734E-01  7.52636E-05
 9.24844E-01  7.53095E-05
 9.24955E-01  7.53555E-05
 9.25065E-01  7.56532E-05
 9.25175E-01  7.54474E-05
 9.25285E-01  7.54934E-05
 9.25395E-01  7.57148E-05
 9.25505E-01  7.55854E-05
 9.25615E-01  7.56314E-05
 9.25726E-01  7.56774E-05
 9.25836E-01  7.57235E-05
 9.25946E-01  7.57696E-05
 9.26057E-01  7.58157E-05
 9.26167E-01  7.58618E-05
 9.26277E-01  7.59080E-05
 9.26388E-01  7.59540E-05
 9.26498E-01  7.60002E-05
 9.26609E-01  8.93898E-05
 9.26719E-01  8.41224E-05
 9.26830E-01  7.61387E-05
 9.26940E-01  7.61852E-05
 9.27051E-01  8.70440E-05
 9.27161E-01  7.62774E-05
 9.27272E-01  9.04084E-05
 9.27383E-01  8.07475E-05
 9.27493E-01  9.93181E-05
 9.27604E-01  1.02483E-04
 9.27715E-01  7.92138E-05
 9.27825E-01  9.79333E-05
 9.27936E-01  8.08518E-05
 9.28047E-01  1.04578E-04
 9.28158E-01  8.05046E-05
 9.28269E-01  1.02095E-04
 9.28380E-01  1.10878E-04
 9.28491E-01  8.99108E-05
 9.28601E-01  8.53344E-05
 9.28712E-01  1.14601E-04
 9.28823E-01  1.17104E-04
 9.28934E-01  1.55369E-04
 9.29045E-01  1.52660E-04
 9.29157E-01  1.63594E-04
 9.29268E-01  1.57096E-04
 9.29379E-01  1.18927E-04
 9.29490E-01  1.56174E-04
 9.29601E-01  1.87417E-04
 9.29712E-01  1.56165E-04
 9.29823E-01  2.39487E-04
 9.29935E-01  1.81342E-04
 9.30046E-01  2.20639E-04
 9.30157E-01  2.63151E-04
 9.30269E-01  2.93204E-04
 9.30380E-01  3.77775E-04
 9.30491E-01  3.20214E-04
 9.30603E-01  4.15884E-04
 9.30714E-01  5.17716E-04
 9.30826E-01  4.73968E-04
 9.30937E-01  5.30237E-04
 9.31049E-01  5.67134E-04
 9.31160E-01  6.78373E-04
 9.31272E-01  6.58616E-04
 9.31383E-01  9.01136E-04
 9.31495E-01  9.55776E-04
 9.31607E-01  1.14145E-03
 9.31718E-01  1.00735E-03
 9.31830E-01  1.35887E-03
 9.31942E-01  1.24851E-03
 9.32054E-01  1.60598E-03
 9.32165E-01  1.73759E-03
 9.32277E-01  1.87295E-03
 9.32389E-01  2.21453E-03
 9.32501E-01  2.47264E-03
 9.32613E-01  2.71067E-03
 9.32725E-01  2.47482E-03
 9.32837E-01  2.93695E-03
 9.32949E-01  3.11432E-03
 9.33061E-01  3.08882E-03
 9.33173E-01  3.90925E-03
 9.33285E-01  3.81109E-03
 9.33397E-01  4.77713E-03
 9.33509E-01  4.65676E-03
 9.33621E-01  4.11183E-03
 9.33733E-01  4.55806E-03
 9.33845E-01  4.63823E-03
 9.33958E-01  5.05860E-03
 9.34070E-01  5.21562E-03
 9.34182E-01  5.10484E-03
 9.34295E-01  4.50556E-03
 9.34407E-01  4.82839E-03
 9.34519E-01  4.92367E-03
 9.34632E-01  4.93966E-03
 9.34744E-01  4.81480E-03
 9.34856E-01  5.02077E-03
 9.34969E-01  4.66293E-03
 9.35081E-01  4.16196E-03
 9.35194E-01  3.96046E-03
 9.35306E-01  3.69241E-03
 9.35419E-01  3.31517E-03
 9.35532E-01  3.72301E-03
 9.35644E-01  3.40533E-03
 9.35757E-01  3.08310E-03
 9.35870E-01  3.74466E-03
 9.35982E-01  3.45139E-03
 9.36095E-01  3.21610E-03
 9.36208E-01  3.22535E-03
 9.36321E-01  3.18435E-03
 9.36433E-01  3.36286E-03
 9.36546E-01  2.92496E-03
 9.36659E-01  3.17962E-03
 9.36772E-01  2.80184E-03
 9.36885E-01  2.54263E-03
 9.36998E-01  2.10628E-03
 9.37111E-01  2.00276E-03
 9.37224E-01  1.97146E-03
 9.37337E-01  1.81972E-03
 9.37450E-01  1.75440E-03
 9.37563E-01  1.68034E-03
 9.37676E-01  1.48010E-03
 9.37789E-01  1.46493E-03
 9.37902E-01  1.12071E-03
 9.38016E-01  1.34990E-03
 9.38129E-01  1.06671E-03
 9.38242E-01  9.76792E-04
 9.38355E-01  1.11310E-03
 9.38469E-01  1.09779E-03
 9.38582E-01  1.06919E-03
 9.38695E-01  9.22754E-04
 9.38809E-01  1.03683E-03
 9.38922E-01  8.53873E-04
 9.39036E-01  1.01609E-03
 9.39149E-01  8.37390E-04
 9.39263E-01  9.36153E-04
 9.39376E-01  8.46865E-04
 9.39490E-01  8.60072E-04
 9.39603E-01  8.11652E-04
 9.39717E-01  8.74363E-04
 9.39830E-01  7.09352E-04
 9.39944E-01  8.43818E-04
 9.40058E-01  9.36417E-04
 9.40172E-01  7.85165E-04
 9.40285E-01  8.22503E-04
 9.40399E-01  7.51391E-04
 9.40513E-01  6.76058E-04
 9.40627E-01  7.58637E-04
 9.40741E-01  6.52960E-04
 9.40854E-01  8.38304E-04
 9.40968E-01  6.92582E-04
 9.41082E-01  7.68372E-04
 9.41196E-01  7.48599E-04
 9.41310E-01  7.44248E-04
 9.41424E-01  5.78434E-04
 9.41538E-01  5.77934E-04
 9.41652E-01  6.51311E-04
 9.41766E-01  6.59363E-04
 9.41881E-01  7.86226E-04
 9.41995E-01  8.60662E-04
 9.42109E-01  7.42274E-04
 9.42223E-01  8.48009E-04
 9.42337E-01  7.92086E-04
 9.42452E-01  6.47523E-04
 9.42566E-01  8.05014E-04
 9.42680E-01  6.46447E-04
 9.42795E-01  7.91493E-04
 9.42909E-01  6.13232E-04
 9.43023E-01  7.51808E-04
 9.43138E-01  8.33236E-04
 9.43252E-01  6.98919E-04
 9.43367E-01  7.93699E-04
 9.43481E-01  7.98732E-04
 9.43596E-01  7.32550E-04
 9.43710E-01  8.25081E-04
 9.43825E-01  9.43104E-04
 9.43940E-01  6.34265E-04
 9.44054E-01  7.97888E-04
 9.44169E-01  6.99751E-04
 9.44284E-01  7.23904E-04
 9.44398E-01  6.69922E-04
 9.44513E-01  8.11525E-04
 9.44628E-01  7.03204E-04
 9.44743E-01  6.32295E-04
 9.44858E-01  7.74996E-04
 9.44973E-01  8.31005E-04
 9.45088E-01  6.80020E-04
 9.45202E-01  7.89146E-04
 9.45317E-01  8.30282E-04
 9.45432E-01  7.57764E-04
 9.45547E-01  9.04937E-04
 9.45662E-01  7.05609E-04
 9.45778E-01  8.43350E-04
 9.45893E-01  7.32245E-04
 9.46008E-01  8.31625E-04
 9.46123E-01  7.76999E-04
 9.46238E-01  7.95586E-04
 9.46353E-01  8.38179E-04
 9.46469E-01  7.94772E-04
 9.46584E-01  7.79160E-04
 9.46699E-01  5.50065E-04
 9.46814E-01  6.93104E-04
 9.46930E-01  6.85750E-04
 9.47045E-01  7.68775E-04
 9.47161E-01  6.50926E-04
 9.47276E-01  7.73667E-04
 9.47392E-01  6.49524E-04
 9.47507E-01  8.35916E-04
 9.47623E-01  7.34315E-04
 9.47738E-01  6.33666E-04
 9.47854E-01  9.18380E-04
 9.47969E-01  6.18183E-04
 9.48085E-01  7.87170E-04
 9.48201E-01  8.18232E-04
 9.48316E-01  6.98922E-04
 9.48432E-01  7.12174E-04
 9.48548E-01  7.22184E-04
 9.48664E-01  8.66796E-04
 9.48779E-01  6.71122E-04
 9.48895E-01  7.95601E-04
 9.49011E-01  7.98132E-04
 9.49127E-01  6.63619E-04
 9.49243E-01  6.24640E-04
 9.49359E-01  7.89476E-04
 9.49475E-01  6.54522E-04
 9.49591E-01  6.91349E-04
 9.49707E-01  7.50098E-04
 9.49823E-01  6.94524E-04
 9.49939E-01  7.15414E-04
 9.50055E-01  6.44197E-04
 9.50171E-01  7.64507E-04
 9.50287E-01  6.45558E-04
 9.50404E-01  6.49517E-04
 9.50520E-01  7.57554E-04
 9.50636E-01  6.02940E-04
 9.50752E-01  5.87539E-04
 9.50869E-01  5.66853E-04
 9.50985E-01  5.79736E-04
 9.51102E-01  6.30985E-04
 9.51218E-01  5.24770E-04
 9.51334E-01  6.59210E-04
 9.51451E-01  5.62530E-04
 9.51567E-01  5.65005E-04
 9.51684E-01  5.62148E-04
 9.51800E-01  5.54817E-04
 9.51917E-01  5.30374E-04
 9.52034E-01  5.35647E-04
 9.52150E-01  5.99932E-04
 9.52267E-01  6.34962E-04
 9.52384E-01  6.08194E-04
 9.52500E-01  5.64497E-04
 9.52617E-01  5.32818E-04
 9.52734E-01  4.84258E-04
 9.52851E-01  5.62124E-04
 9.52967E-01  5.42533E-04
 9.53084E-01  5.30295E-04
 9.53201E-01  4.65238E-04
 9.53318E-01  4.22685E-04
 9.53435E-01  5.24142E-04
 9.53552E-01  4.74471E-04
 9.53669E-01  5.04748E-04
 9.53786E-01  5.05872E-04
 9.53903E-01  4.57476E-04
 9.54020E-01  4.89851E-04
 9.54137E-01  4.24096E-04
 9.54254E-01  5.01171E-04
 9.54372E-01  3.98526E-04
 9.54489E-01  4.06272E-04
 9.54606E-01  3.47613E-04
 9.54723E-01  3.67867E-04
 9.54841E-01  4.25394E-04
 9.54958E-01  4.56589E-04
 9.55075E-01  4.60451E-04
 9.55193E-01  3.91835E-04
 9.55310E-01  3.99132E-04
 9.55428E-01  3.49190E-04
 9.55545E-01  3.40294E-04
 9.55663E-01  3.34577E-04
 9.55780E-01  3.44197E-04
 9.55898E-01  3.58104E-04
 9.56015E-01  3.64239E-04
 9.56133E-01  3.80577E-04
 9.56250E-01  2.81180E-04
 9.56368E-01  2.71105E-04
 9.56486E-01  2.61518E-04
 9.56604E-01  3.29014E-04
 9.56721E-01  3.42858E-04
 9.56839E-01  3.00578E-04
 9.56957E-01  3.14178E-04
 9.57075E-01  2.66469E-04
 9.57193E-01  2.96083E-04
 9.57310E-01  2.76596E-04
 9.57428E-01  2.48863E-04
 9.57546E-01  2.44628E-04
 9.57664E-01  2.24726E-04
 9.57782E-01  2.16453E-04
 9.57900E-01  2.28088E-04
 9.58018E-01  2.20613E-04
 9.58137E-01  2.37896E-04
 9.58255E-01  2.86110E-04
 9.58373E-01  2.36973E-04
 9.58491E-01  2.18383E-04
 9.58609E-01  2.48996E-04
 9.58728E-01  2.36113E-04
 9.58846E-01  2.11212E-04
 9.58964E-01  1.98860E-04
 9.59082E-01  1.89814E-04
 9.59201E-01  2.12058E-04
 9.59319E-01  1.81294E-04
 9.59438E-01  2.02354E-04
 9.59556E-01  1.79266E-04
 9.59675E-01  1.76316E-04
 9.59793E-01  1.87380E-04
 9.59912E-01  1.74935E-04
 9.60030E-01  1.58183E-04
 9.60149E-01  1.75135E-04
 9.60267E-01  1.68206E-04
 9.60386E-01  1.59704E-04
 9.60505E-01  1.73966E-04
 9.60624E-01  1.41006E-04
 9.60742E-01  1.63954E-04
 9.60861E-01  1.53366E-04
 9.60980E-01  1.57106E-04
 9.61099E-01  1.60484E-04
 9.61218E-01  1.69740E-04
 9.61336E-01  1.35810E-04
 9.61455E-01  1.47429E-04
 9.61574E-01  1.36049E-04
 9.61693E-01  1.38332E-04
 9.61812E-01  1.31268E-04
 9.61931E-01  1.40256E-04
 9.62050E-01  1.24911E-04
 9.62170E-01  1.43070E-04
 9.62289E-01  1.28410E-04
 9.62408E-01  1.25465E-04
 9.62527E-01  1.31033E-04
 9.62646E-01  1.14020E-04
 9.62765E-01  1.30955E-04
 9.62885E-01  1.10609E-04
 9.63004E-01  1.27229E-04
 9.63123E-01  1.17072E-04
 9.63243E-01  1.21939E-04
 9.63362E-01  4.68777E-04
 9.64483E-01  9.21324E-05
 1.01003E+00  1.01076E-04
 1.05773E+00  1.03977E-04
 1.10768E+00  1.05277E-04
 1.15999E+00  1.06084E-04
 1.21477E+00  1.08089E-04
 1.27214E+00  1.09661E-04
 1.33222E+00  1.05522E-04
 1.39513E+00  1.00950E-04
 1.46102E+00  9.50413E-05
 1.53001E+00  9.25830E-05
 1.60227E+00  8.69701E-05
 1.67794E+00  8.26849E-05
 1.75718E+00  7.80700E-05
 1.84016E+00  7.94429E-05
 1.92706E+00  7.78571E-05
 2.01807E+00  8.32245E-05
 2.11337E+00  8.14656E-05
 2.21318E+00  8.46331E-05
 2.31769E+00  8.59243E-05
 2.42715E+00  8.57809E-05
 2.54177E+00  8.78312E-05
 2.66180E+00  8.83995E-05
 2.78751E+00  8.87295E-05
 2.91915E+00  1.25883E-04
 3.05701E+00  1.53021E-04
 3.20137E+00  1.65056E-04
 3.35256E+00  1.62567E-04
 3.51089E+00  1.74565E-04
 3.67669E+00  1.70922E-04
 3.85032E+00  1.74453E-04
 4.03215E+00  1.70755E-04
 4.22257E+00  1.72192E-04
 4.42198E+00  1.78504E-04
 4.63081E+00  1.78664E-04
 4.84950E+00  1.77068E-04
 5.07852E+00  1.78033E-04
 5.31836E+00  1.77426E-04
 5.56952E+00  1.82588E-04
 5.83254E+00  1.83449E-04
 6.10798E+00  1.85253E-04
 6.39643E+00  1.84122E-04
 6.69850E+00  1.89673E-04
 7.01484E+00  2.00245E-04
 7.34612E+00  2.00626E-04
 7.69304E+00  2.06515E-04
 8.05634E+00  2.04587E-04
 8.43681E+00  2.02298E-04
 8.83524E+00  2.04396E-04
 9.25248E+00  2.08384E-04
 9.68943E+00  2.06546E-04
 1.01470E+01  2.15502E-04
 1.06262E+01  2.11643E-04
 1.11280E+01  2.26645E-04
 1.16536E+01  2.14854E-04
 1.22039E+01  2.25781E-04
 1.27802E+01  2.23129E-04
 1.33838E+01  2.18765E-04
 1.40158E+01  2.02449E-04
 1.46777E+01  2.04512E-04
 1.53709E+01  1.97145E-04
 1.60968E+01  1.82877E-04
 1.68570E+01  1.73966E-04
 1.76530E+01  1.66933E-04
 1.84867E+01  1.54605E-04
 1.93597E+01  1.48937E-04
 2.02740E+01  1.42896E-04
 2.12315E+01  1.39975E-04
 2.22341E+01  1.25567E-04
 2.32841E+01  1.23033E-04
 2.43837E+01  1.16638E-04
 2.55352E+01  1.09761E-04
 2.67412E+01  9.93746E-05
 2.80040E+01  9.88944E-05
 2.93265E+01  9.59560E-05
 3.07115E+01  8.69060E-05
 3.21618E+01  7.70896E-05
 3.36807E+01  7.75666E-05
 3.52712E+01  6.05903E-05
 3.69369E+01  5.88818E-05
 3.86813E+01  5.03433E-05
 4.05080E+01  5.53559E-05
 4.24210E+01  5.18807E-05
 4.44243E+01  4.93022E-05
 4.65223E+01  4.29712E-05
 4.87193E+01  4.72592E-05
 5.10201E+01  4.60048E-05
 5.34295E+01  3.84689E-05
 5.59527E+01  3.63162E-05
 5.85951E+01  3.49468E-05
 6.13623E+01  4.15348E-05
 6.42601E+01  4.72909E-05
 6.72948E+01  5.39308E-05
 7.04728E+01  8.21716E-05
 7.38009E+01  1.20251E-04
 7.72862E+01  2.05456E-04
 8.09361E+01  3.36650E-04
 8.47583E+01  5.81603E-04
 8.87610E+01  9.15861E-04
 9.29528E+01  1.42388E-03
 9.73425E+01  2.30850E-03
 1.01939E+02  3.60213E-03
 1.06754E+02  5.39028E-03
 1.11795E+02  8.06598E-03
 1.17075E+02  1.15893E-02
 1.22603E+02  1.69164E-02
 1.28393E+02  2.39239E-02
 1.34457E+02  3.33112E-02
 1.40807E+02  4.57793E-02
 1.47456E+02  6.08218E-02
 1.54420E+02  8.02932E-02
 1.61712E+02  1.03573E-01
 1.69349E+02  1.32773E-01
 1.77347E+02  1.67434E-01
 1.85722E+02  2.07008E-01
 1.94493E+02  2.55067E-01
 2.03678E+02  3.08432E-01
 2.13297E+02  3.68072E-01
 2.23369E+02  4.35271E-01
 2.33918E+02  5.02145E-01
 2.44965E+02  5.76020E-01
 2.56533E+02  6.47978E-01
 2.68648E+02  7.22422E-01
 2.81335E+02  7.92621E-01
 2.94621E+02  8.56279E-01
 3.08535E+02  9.13847E-01
 3.23106E+02  9.64224E-01
 3.38364E+02  1.00277E+00
 3.54344E+02  1.03130E+00
 3.71078E+02  1.05192E+00
 3.88602E+02  1.05680E+00
 4.06954E+02  1.05372E+00
 4.26172E+02  1.04195E+00
 4.46298E+02  1.01964E+00
 4.67375E+02  9.89810E-01
 4.89446E+02  9.56419E-01
 5.12561E+02  9.14270E-01
 5.36766E+02  8.67468E-01
 5.62115E+02  8.17034E-01
 5.88661E+02  7.64255E-01
 6.16461E+02  7.12441E-01
 6.45573E+02  6.62617E-01
 6.76061E+02  6.07649E-01
 7.07988E+02  5.56636E-01
 7.41423E+02  5.09274E-01
 7.76437E+02  4.60519E-01
 8.13104E+02  4.19679E-01
 8.51503E+02  3.73886E-01
 8.91715E+02  3.37514E-01
 9.33827E+02  2.99842E-01
 9.77927E+02  2.68420E-01
 1.02411E+03  2.35718E-01
 1.07247E+03  2.12512E-01
 1.12312E+03  1.86874E-01
 1.17616E+03  1.64292E-01
 1.23171E+03  1.43217E-01
 1.28987E+03  1.25908E-01
 1.35079E+03  1.07610E-01
 1.41458E+03  9.56439E-02
 1.48138E+03  8.11136E-02
 1.55134E+03  7.10498E-02
 1.62460E+03  6.04344E-02
 1.70133E+03  5.16959E-02
 1.78167E+03  4.48551E-02
 1.86581E+03  3.79799E-02
 1.95392E+03  3.28553E-02
 2.04620E+03  2.79784E-02
 2.14283E+03  2.30861E-02
 2.24403E+03  2.04187E-02
 2.35000E+03  1.65939E-02
 2.46098E+03  1.42743E-02
 2.57720E+03  1.18109E-02
 2.69891E+03  1.04496E-02
 2.82636E+03  9.31284E-03
 2.95984E+03  6.76258E-03
 3.09962E+03  5.70359E-03
 3.24600E+03  4.88064E-03
 3.39929E+03  4.27621E-03
 3.55982E+03  4.03256E-03
 3.72794E+03  3.28634E-03
 3.90399E+03  2.90496E-03
 4.08836E+03  2.42697E-03
 4.28143E+03  1.37546E-03
 4.48362E+03  1.16548E-03
 4.69536E+03  1.33301E-03
 4.91710E+03  8.50467E-04
 5.14931E+03  6.47532E-04
 5.39249E+03  5.27101E-04
 5.64715E+03  5.56297E-04
 5.91384E+03  6.79594E-04
 6.19312E+03  3.65321E-04
 6.48559E+03  3.40527E-04
 6.79188E+03  2.23771E-04
 7.11262E+03  2.78059E-04
 7.44852E+03  1.95150E-04
