 7.87260E-05  0.00000E+00
 8.24438E-05  0.00000E+00
 8.63372E-05  0.00000E+00
 9.04145E-05  0.00000E+00
 9.46844E-05  0.00000E+00
 9.91559E-05  0.00000E+00
 1.03839E-04  0.00000E+00
 1.08742E-04  0.00000E+00
 1.13878E-04  0.00000E+00
 1.19256E-04  0.00000E+00
 1.24887E-04  0.00000E+00
 1.30785E-04  0.00000E+00
 1.36962E-04  0.00000E+00
 1.43430E-04  0.00000E+00
 1.50203E-04  0.00000E+00
 1.57297E-04  0.00000E+00
 1.64725E-04  0.00000E+00
 1.72504E-04  0.00000E+00
 1.80651E-04  0.00000E+00
 1.89182E-04  0.00000E+00
 1.98116E-04  0.00000E+00
 2.07472E-04  0.00000E+00
 2.17270E-04  0.00000E+00
 2.27531E-04  0.00000E+00
 2.38276E-04  0.00000E+00
 2.49528E-04  0.00000E+00
 2.61312E-04  0.00000E+00
 2.73653E-04  0.00000E+00
 2.86576E-04  0.00000E+00
 3.00110E-04  0.00000E+00
 3.14283E-04  0.00000E+00
 3.29125E-04  0.00000E+00
 3.44668E-04  0.00000E+00
 3.60945E-04  0.00000E+00
 3.77990E-04  0.00000E+00
 3.95841E-04  0.00000E+00
 4.14535E-04  0.00000E+00
 4.34111E-04  0.00000E+00
 4.54612E-04  0.00000E+00
 4.76081E-04  0.00000E+00
 4.98564E-04  0.00000E+00
 5.22109E-04  0.00000E+00
 5.46766E-04  0.00000E+00
 5.72587E-04  0.00000E+00
 5.99627E-04  0.00000E+00
 6.27945E-04  0.00000E+00
 6.57600E-04  0.00000E+00
 6.88655E-04  0.00000E+00
 7.21177E-04  0.00000E+00
 7.55235E-04  0.00000E+00
 7.90901E-04  0.00000E+00
 8.28251E-04  0.00000E+00
 8.67366E-04  0.00000E+00
 9.08327E-04  0.00000E+00
 9.51223E-04  0.00000E+00
 9.96145E-04  0.00000E+00
 1.04319E-03  0.00000E+00
 1.09245E-03  0.00000E+00
 1.14404E-03  0.00000E+00
 1.19807E-03  0.00000E+00
 1.25465E-03  0.00000E+00
 1.31390E-03  0.00000E+00
 1.37595E-03  0.00000E+00
 1.44093E-03  0.00000E+00
 1.50898E-03  0.00000E+00
 1.58024E-03  0.00000E+00
 1.65487E-03  0.00000E+00
 1.73302E-03  0.00000E+00
 1.81486E-03  0.00000E+00
 1.90057E-03  0.00000E+00
 1.99032E-03  0.00000E+00
 2.08432E-03  0.00000E+00
 2.18275E-03  0.00000E+00
 2.28583E-03  0.00000E+00
 2.39378E-03  0.00000E+00
 2.50683E-03  0.00000E+00
 2.62521E-03  0.00000E+00
 2.74919E-03  0.00000E+00
 2.87902E-03  0.00000E+00
 3.01498E-03  0.00000E+00
 3.15736E-03  0.00000E+00
 3.30647E-03  0.00000E+00
 3.46262E-03  0.00000E+00
 3.62614E-03  0.00000E+00
 3.79739E-03  0.00000E+00
 3.97672E-03  0.00000E+00
 4.16452E-03  0.00000E+00
 4.36119E-03  0.00000E+00
 4.56715E-03  0.00000E+00
 4.78283E-03  0.00000E+00
 5.00870E-03  0.00000E+00
 5.24524E-03  0.00000E+00
 5.49295E-03  0.00000E+00
 5.75235E-03  0.00000E+00
 6.02401E-03  0.00000E+00
 6.30849E-03  0.00000E+00
 6.60641E-03  0.00000E+00
 6.91840E-03  0.00000E+00
 7.24512E-03  0.00000E+00
 7.58728E-03  0.00000E+00
 7.94559E-03  0.00000E+00
 8.32082E-03  0.00000E+00
 8.71377E-03  0.00000E+00
 9.12528E-03  0.00000E+00
 9.55622E-03  0.00000E+00
 1.00075E-02  0.00000E+00
 1.04801E-02  0.00000E+00
 1.09751E-02  0.00000E+00
 1.14934E-02  0.00000E+00
 1.20361E-02  0.00000E+00
 1.26045E-02  0.00000E+00
 1.31998E-02  0.00000E+00
 1.38231E-02  0.00000E+00
 1.44759E-02  0.00000E+00
 1.51596E-02  0.00000E+00
 1.58755E-02  0.00000E+00
 1.66252E-02  0.00000E+00
 1.74103E-02  0.00000E+00
 1.82326E-02  0.00000E+00
 1.90936E-02  0.00000E+00
 1.99953E-02  0.00000E+00
 2.09396E-02  0.00000E+00
 2.19284E-02  0.00000E+00
 2.29640E-02  0.00000E+00
 2.40485E-02  0.00000E+00
 2.51842E-02  0.00000E+00
 2.63735E-02  0.00000E+00
 2.76190E-02  0.00000E+00
 2.89233E-02  0.00000E+00
 3.02892E-02  0.00000E+00
 3.17197E-02  0.00000E+00
 3.32176E-02  0.00000E+00
 3.47863E-02  0.00000E+00
 3.64291E-02  0.00000E+00
 3.81495E-02  0.00000E+00
 3.99511E-02  0.00000E+00
 4.18378E-02  0.00000E+00
 4.38136E-02  0.00000E+00
 4.58827E-02  0.00000E+00
 4.80495E-02  0.00000E+00
 5.03187E-02  0.00000E+00
 5.26950E-02  0.00000E+00
 5.51835E-02  0.00000E+00
 5.77896E-02  0.00000E+00
 6.05187E-02  0.00000E+00
 6.33767E-02  0.00000E+00
 6.63697E-02  0.00000E+00
 6.95040E-02  0.00000E+00
 7.27863E-02  0.00000E+00
 7.62237E-02  0.00000E+00
 7.98234E-02  0.00000E+00
 8.35930E-02  0.00000E+00
 8.75407E-02  0.00000E+00
 9.16749E-02  0.00000E+00
 9.60042E-02  0.00000E+00
 1.00538E-01  0.00000E+00
 1.05286E-01  0.00000E+00
 1.10258E-01  0.00000E+00
 1.15465E-01  0.00000E+00
 1.20918E-01  0.00000E+00
 1.26628E-01  0.00000E+00
 1.32608E-01  0.00000E+00
 1.38871E-01  0.00000E+00
 1.45429E-01  0.00000E+00
 1.52297E-01  0.00000E+00
 1.59489E-01  0.00000E+00
 1.67021E-01  0.00000E+00
 1.74909E-01  4.25124E-15
 1.83169E-01  2.14509E-14
 1.91819E-01  5.85560E-14
 2.00878E-01  2.79269E-14
 2.10364E-01  1.72887E-14
 2.20299E-01  4.98921E-15
 2.30702E-01  2.96425E-15
 2.41597E-01  1.64296E-15
 2.53007E-01  6.75989E-16
 2.64955E-01  2.01501E-16
 2.77468E-01  1.04342E-16
 2.90571E-01  4.31026E-17
 3.04293E-01  1.93717E-17
 3.18664E-01  9.91599E-18
 3.33713E-01  4.29777E-18
 3.49472E-01  2.02840E-18
 3.65976E-01  1.07567E-18
 3.83259E-01  7.23413E-19
 4.01359E-01  7.37794E-19
 4.20313E-01  4.35937E-19
 4.40162E-01  4.33347E-19
 4.60949E-01  4.70473E-19
 4.82718E-01  8.72276E-19
 5.05514E-01  1.78045E-18
 5.29387E-01  6.33923E-18
 5.54387E-01  4.20674E-17
 5.80569E-01  4.93115E-16
 6.07986E-01  1.25072E-14
 6.36698E-01  9.76111E-13
 6.66766E-01  2.18137E-10
 6.98255E-01  6.22970E-06
 7.31230E-01  5.65770E-05
 7.65762E-01  6.97076E-05
 8.01926E-01  7.43974E-05
 8.39797E-01  8.65197E-05
 8.79456E-01  9.17859E-05
 9.07247E-01  8.67795E-05
 9.07353E-01  8.41166E-05
 9.07459E-01  8.40869E-05
 9.07565E-01  8.40571E-05
 9.07671E-01  8.40273E-05
 9.07777E-01  8.39976E-05
 9.07883E-01  8.39678E-05
 9.07989E-01  8.39380E-05
 9.08095E-01  8.39082E-05
 9.08201E-01  8.38783E-05
 9.08308E-01  8.38485E-05
 9.08414E-01  8.38187E-05
 9.08520E-01  8.37888E-05
 9.08626E-01  8.37589E-05
 9.08732E-01  8.37291E-05
 9.08839E-01  8.36992E-05
 9.08945E-01  8.36693E-05
 9.09051E-01  8.36393E-05
 9.09158E-01  8.36094E-05
 9.09264E-01  8.35795E-05
 9.09370E-01  8.35495E-05
 9.09477E-01  8.35196E-05
 9.09583E-01  8.34896E-05
 9.09690E-01  8.34596E-05
 9.09796E-01  8.34296E-05
 9.09903E-01  8.33996E-05
 9.10009E-01  8.33696E-05
 9.10116E-01  8.33395E-05
 9.10222E-01  8.33095E-05
 9.10329E-01  8.32794E-05
 9.10436E-01  8.32494E-05
 9.10542E-01  8.32193E-05
 9.10649E-01  8.31892E-05
 9.10756E-01  8.31591E-05
 9.10862E-01  8.31290E-05
 9.10969E-01  8.30989E-05
 9.11076E-01  8.30687E-05
 9.11183E-01  8.30386E-05
 9.11290E-01  8.30084E-05
 9.11396E-01  8.29782E-05
 9.11503E-01  8.29481E-05
 9.11610E-01  8.29179E-05
 9.11717E-01  8.28876E-05
 9.11824E-01  8.28574E-05
 9.11931E-01  8.28272E-05
 9.12038E-01  8.27969E-05
 9.12145E-01  8.27667E-05
 9.12252E-01  8.27364E-05
 9.12359E-01  8.27061E-05
 9.12466E-01  8.26759E-05
 9.12574E-01  8.26456E-05
 9.12681E-01  8.26152E-05
 9.12788E-01  8.25849E-05
 9.12895E-01  8.25546E-05
 9.13002E-01  8.25242E-05
 9.13110E-01  8.24939E-05
 9.13217E-01  8.24635E-05
 9.13324E-01  8.24331E-05
 9.13432E-01  8.24027E-05
 9.13539E-01  8.23723E-05
 9.13646E-01  8.23419E-05
 9.13754E-01  8.23114E-05
 9.13861E-01  8.22810E-05
 9.13969E-01  8.22505E-05
 9.14076E-01  8.22201E-05
 9.14184E-01  8.21896E-05
 9.14291E-01  8.21591E-05
 9.14399E-01  8.21286E-05
 9.14506E-01  8.20981E-05
 9.14614E-01  8.20675E-05
 9.14722E-01  8.20370E-05
 9.14829E-01  8.20065E-05
 9.14937E-01  8.19759E-05
 9.15045E-01  8.19453E-05
 9.15152E-01  8.19147E-05
 9.15260E-01  8.18841E-05
 9.15368E-01  8.18535E-05
 9.15476E-01  8.18229E-05
 9.15584E-01  8.17923E-05
 9.15692E-01  8.17616E-05
 9.15799E-01  8.17309E-05
 9.15907E-01  8.17003E-05
 9.16015E-01  8.16696E-05
 9.16123E-01  8.16389E-05
 9.16231E-01  8.16082E-05
 9.16339E-01  8.15775E-05
 9.16447E-01  8.15467E-05
 9.16555E-01  8.15160E-05
 9.16664E-01  8.14852E-05
 9.16772E-01  8.14545E-05
 9.16880E-01  8.14237E-05
 9.16988E-01  8.13929E-05
 9.17096E-01  8.13621E-05
 9.17204E-01  8.13313E-05
 9.17313E-01  8.13005E-05
 9.17421E-01  8.12696E-05
 9.17529E-01  8.12388E-05
 9.17638E-01  8.12079E-05
 9.17746E-01  8.11770E-05
 9.17854E-01  8.11461E-05
 9.17963E-01  8.11152E-05
 9.18071E-01  8.10843E-05
 9.18180E-01  8.10534E-05
 9.18288E-01  8.10225E-05
 9.18397E-01  8.09915E-05
 9.18505E-01  8.09606E-05
 9.18614E-01  8.09296E-05
 9.18722E-01  8.08986E-05
 9.18831E-01  8.08676E-05
 9.18940E-01  8.08366E-05
 9.19048E-01  8.08056E-05
 9.19157E-01  8.07915E-05
 9.19266E-01  8.07435E-05
 9.19374E-01  8.07124E-05
 9.19483E-01  8.06814E-05
 9.19592E-01  8.06503E-05
 9.19701E-01  8.06192E-05
 9.19810E-01  8.05881E-05
 9.19918E-01  1.07862E-04
 9.20027E-01  8.05258E-05
 9.20136E-01  8.04947E-05
 9.20245E-01  8.04635E-05
 9.20354E-01  8.04324E-05
 9.20463E-01  8.04040E-05
 9.20572E-01  8.06520E-05
 9.20681E-01  8.03388E-05
 9.20790E-01  8.03084E-05
 9.20899E-01  8.02763E-05
 9.20989E-01  8.02508E-05
 9.21009E-01  8.02578E-05
 9.21118E-01  8.02959E-05
 9.21227E-01  8.03338E-05
 9.21336E-01  8.03719E-05
 9.21445E-01  8.04100E-05
 9.21555E-01  8.04481E-05
 9.21664E-01  8.04862E-05
 9.21773E-01  1.02952E-04
 9.21883E-01  8.05625E-05
 9.21992E-01  8.06005E-05
 9.22101E-01  8.06387E-05
 9.22211E-01  8.06768E-05
 9.22320E-01  8.07150E-05
 9.22430E-01  8.07556E-05
 9.22539E-01  8.07914E-05
 9.22649E-01  8.08296E-05
 9.22758E-01  8.08678E-05
 9.22868E-01  8.09060E-05
 9.22977E-01  8.09448E-05
 9.23087E-01  8.09825E-05
 9.23197E-01  8.10351E-05
 9.23306E-01  8.10605E-05
 9.23416E-01  8.11060E-05
 9.23526E-01  8.11357E-05
 9.23635E-01  8.11740E-05
 9.23745E-01  8.12130E-05
 9.23855E-01  8.13641E-05
 9.23965E-01  8.13072E-05
 9.24075E-01  8.13274E-05
 9.24185E-01  8.17786E-05
 9.24295E-01  8.14042E-05
 9.24404E-01  8.14426E-05
 9.24514E-01  8.18044E-05
 9.24624E-01  8.21870E-05
 9.24734E-01  8.15579E-05
 9.24844E-01  8.15964E-05
 9.24955E-01  8.16499E-05
 9.25065E-01  8.16733E-05
 9.25175E-01  8.18058E-05
 9.25285E-01  8.17536E-05
 9.25395E-01  8.17888E-05
 9.25505E-01  8.19363E-05
 9.25615E-01  8.18659E-05
 9.25726E-01  8.19045E-05
 9.25836E-01  8.19435E-05
 9.25946E-01  8.19953E-05
 9.26057E-01  8.20202E-05
 9.26167E-01  8.20588E-05
 9.26277E-01  8.22791E-05
 9.26388E-01  8.21361E-05
 9.26498E-01  8.33660E-05
 9.26609E-01  8.22136E-05
 9.26719E-01  8.23188E-05
 9.26830E-01  8.22908E-05
 9.26940E-01  8.24263E-05
 9.27051E-01  8.24928E-05
 9.27161E-01  8.24072E-05
 9.27272E-01  8.26268E-05
 9.27383E-01  1.16995E-04
 9.27493E-01  8.25231E-05
 9.27604E-01  8.25619E-05
 9.27715E-01  8.26007E-05
 9.27825E-01  8.26418E-05
 9.27936E-01  8.26783E-05
 9.28047E-01  8.27171E-05
 9.28158E-01  8.27615E-05
 9.28269E-01  8.38116E-05
 9.28380E-01  8.28337E-05
 9.28491E-01  1.17947E-04
 9.28601E-01  8.29571E-05
 9.28712E-01  8.31042E-05
 9.28823E-01  8.29893E-05
 9.28934E-01  8.30671E-05
 9.29045E-01  8.30713E-05
 9.29157E-01  8.31061E-05
 9.29268E-01  8.31451E-05
 9.29379E-01  9.10834E-05
 9.29490E-01  1.20072E-04
 9.29601E-01  1.27297E-04
 9.29712E-01  1.18897E-04
 9.29823E-01  1.53129E-04
 9.29935E-01  1.75906E-04
 9.30046E-01  1.69425E-04
 9.30157E-01  8.35056E-05
 9.30269E-01  1.41633E-04
 9.30380E-01  1.34557E-04
 9.30491E-01  1.12631E-04
 9.30603E-01  1.20993E-04
 9.30714E-01  1.26295E-04
 9.30826E-01  1.64912E-04
 9.30937E-01  3.01777E-04
 9.31049E-01  1.13188E-04
 9.31160E-01  2.94145E-04
 9.31272E-01  3.53268E-04
 9.31383E-01  2.40136E-04
 9.31495E-01  4.62394E-04
 9.31607E-01  2.95909E-04
 9.31718E-01  4.10260E-04
 9.31830E-01  3.76155E-04
 9.31942E-01  4.65819E-04
 9.32054E-01  5.38887E-04
 9.32165E-01  4.53396E-04
 9.32277E-01  3.81534E-04
 9.32389E-01  9.97484E-04
 9.32501E-01  9.36213E-04
 9.32613E-01  9.45573E-04
 9.32725E-01  1.05568E-03
 9.32837E-01  1.27429E-03
 9.32949E-01  1.51150E-03
 9.33061E-01  1.65217E-03
 9.33173E-01  1.99177E-03
 9.33285E-01  2.03187E-03
 9.33397E-01  1.88908E-03
 9.33509E-01  2.90245E-03
 9.33621E-01  2.49601E-03
 9.33733E-01  2.77358E-03
 9.33845E-01  3.14236E-03
 9.33958E-01  3.42888E-03
 9.34070E-01  3.98931E-03
 9.34182E-01  3.66425E-03
 9.34295E-01  4.02612E-03
 9.34407E-01  4.04742E-03
 9.34519E-01  4.08262E-03
 9.34632E-01  3.60710E-03
 9.34744E-01  4.17989E-03
 9.34856E-01  4.26473E-03
 9.34969E-01  3.71011E-03
 9.35081E-01  3.64201E-03
 9.35194E-01  3.00379E-03
 9.35306E-01  3.13153E-03
 9.35419E-01  3.31959E-03
 9.35532E-01  3.31741E-03
 9.35644E-01  3.40888E-03
 9.35757E-01  3.46559E-03
 9.35870E-01  3.43304E-03
 9.35982E-01  4.12736E-03
 9.36095E-01  3.70337E-03
 9.36208E-01  3.42212E-03
 9.36321E-01  3.63280E-03
 9.36433E-01  3.01573E-03
 9.36546E-01  2.27147E-03
 9.36659E-01  2.34938E-03
 9.36772E-01  2.32188E-03
 9.36885E-01  2.08793E-03
 9.36998E-01  1.86852E-03
 9.37111E-01  1.87160E-03
 9.37224E-01  1.84175E-03
 9.37337E-01  1.91122E-03
 9.37450E-01  1.66302E-03
 9.37563E-01  2.35775E-03
 9.37676E-01  1.67929E-03
 9.37789E-01  1.43804E-03
 9.37902E-01  1.95876E-03
 9.38016E-01  1.90240E-03
 9.38129E-01  1.65506E-03
 9.38242E-01  1.77095E-03
 9.38355E-01  1.58970E-03
 9.38469E-01  1.71250E-03
 9.38582E-01  1.69055E-03
 9.38695E-01  1.44040E-03
 9.38809E-01  1.59124E-03
 9.38922E-01  1.58446E-03
 9.39036E-01  1.43057E-03
 9.39149E-01  1.54280E-03
 9.39263E-01  1.27435E-03
 9.39376E-01  1.68539E-03
 9.39490E-01  1.35764E-03
 9.39603E-01  1.46024E-03
 9.39717E-01  1.18823E-03
 9.39830E-01  1.52931E-03
 9.39944E-01  1.37371E-03
 9.40058E-01  1.27370E-03
 9.40172E-01  1.94062E-03
 9.40285E-01  1.66367E-03
 9.40399E-01  1.20083E-03
 9.40513E-01  1.39643E-03
 9.40627E-01  1.49176E-03
 9.40741E-01  1.42163E-03
 9.40854E-01  1.08017E-03
 9.40968E-01  1.36831E-03
 9.41082E-01  1.27795E-03
 9.41196E-01  1.26083E-03
 9.41310E-01  1.65212E-03
 9.41424E-01  1.18642E-03
 9.41538E-01  1.37921E-03
 9.41652E-01  1.18606E-03
 9.41766E-01  1.43302E-03
 9.41881E-01  1.01360E-03
 9.41995E-01  1.16671E-03
 9.42109E-01  1.34121E-03
 9.42223E-01  1.34948E-03
 9.42337E-01  1.48168E-03
 9.42452E-01  1.30248E-03
 9.42566E-01  1.11828E-03
 9.42680E-01  1.19883E-03
 9.42795E-01  1.09031E-03
 9.42909E-01  1.26297E-03
 9.43023E-01  1.07436E-03
 9.43138E-01  1.16317E-03
 9.43252E-01  1.33793E-03
 9.43367E-01  9.12361E-04
 9.43481E-01  1.22092E-03
 9.43596E-01  1.18684E-03
 9.43710E-01  1.09507E-03
 9.43825E-01  9.19903E-04
 9.43940E-01  9.94483E-04
 9.44054E-01  7.92265E-04
 9.44169E-01  1.22579E-03
 9.44284E-01  1.32033E-03
 9.44398E-01  1.18819E-03
 9.44513E-01  1.29639E-03
 9.44628E-01  1.20006E-03
 9.44743E-01  1.24988E-03
 9.44858E-01  1.43136E-03
 9.44973E-01  1.16683E-03
 9.45088E-01  1.00599E-03
 9.45202E-01  1.27279E-03
 9.45317E-01  9.53785E-04
 9.45432E-01  1.18789E-03
 9.45547E-01  8.66762E-04
 9.45662E-01  1.09889E-03
 9.45778E-01  1.06386E-03
 9.45893E-01  9.72981E-04
 9.46008E-01  1.17358E-03
 9.46123E-01  9.11899E-04
 9.46238E-01  1.17854E-03
 9.46353E-01  1.25087E-03
 9.46469E-01  9.90669E-04
 9.46584E-01  9.57141E-04
 9.46699E-01  9.22404E-04
 9.46814E-01  1.28337E-03
 9.46930E-01  9.02369E-04
 9.47045E-01  1.01286E-03
 9.47161E-01  1.20614E-03
 9.47276E-01  9.18081E-04
 9.47392E-01  8.84355E-04
 9.47507E-01  6.96699E-04
 9.47623E-01  1.08491E-03
 9.47738E-01  8.73064E-04
 9.47854E-01  1.00189E-03
 9.47969E-01  6.99366E-04
 9.48085E-01  9.27476E-04
 9.48201E-01  9.53780E-04
 9.48316E-01  7.55952E-04
 9.48432E-01  7.71155E-04
 9.48548E-01  9.10458E-04
 9.48664E-01  8.36943E-04
 9.48779E-01  8.48225E-04
 9.48895E-01  7.31051E-04
 9.49011E-01  8.64190E-04
 9.49127E-01  9.84198E-04
 9.49243E-01  6.83756E-04
 9.49359E-01  6.78303E-04
 9.49475E-01  8.10602E-04
 9.49591E-01  6.81878E-04
 9.49707E-01  8.15810E-04
 9.49823E-01  6.59517E-04
 9.49939E-01  6.70708E-04
 9.50055E-01  5.78218E-04
 9.50171E-01  4.43795E-04
 9.50287E-01  6.61901E-04
 9.50404E-01  6.25059E-04
 9.50520E-01  6.11847E-04
 9.50636E-01  4.71599E-04
 9.50752E-01  6.12253E-04
 9.50869E-01  7.48591E-04
 9.50985E-01  6.70850E-04
 9.51102E-01  5.02264E-04
 9.51218E-01  5.11830E-04
 9.51334E-01  5.38493E-04
 9.51451E-01  5.23420E-04
 9.51567E-01  4.84485E-04
 9.51684E-01  6.32746E-04
 9.51800E-01  4.97011E-04
 9.51917E-01  4.95661E-04
 9.52034E-01  4.90339E-04
 9.52150E-01  4.77569E-04
 9.52267E-01  3.96075E-04
 9.52384E-01  4.16349E-04
 9.52500E-01  4.90595E-04
 9.52617E-01  4.09399E-04
 9.52734E-01  4.15449E-04
 9.52851E-01  4.78828E-04
 9.52967E-01  4.97840E-04
 9.53084E-01  5.65854E-04
 9.53201E-01  4.35993E-04
 9.53318E-01  4.71825E-04
 9.53435E-01  3.15784E-04
 9.53552E-01  2.77807E-04
 9.53669E-01  4.22181E-04
 9.53786E-01  3.25982E-04
 9.53903E-01  3.44923E-04
 9.54020E-01  3.82507E-04
 9.54137E-01  3.11842E-04
 9.54254E-01  3.20244E-04
 9.54372E-01  3.13831E-04
 9.54489E-01  2.10540E-04
 9.54606E-01  2.33982E-04
 9.54723E-01  3.73192E-04
 9.54841E-01  2.54304E-04
 9.54958E-01  3.75831E-04
 9.55075E-01  3.10189E-04
 9.55193E-01  2.54692E-04
 9.55310E-01  2.50716E-04
 9.55428E-01  2.03604E-04
 9.55545E-01  4.02172E-04
 9.55663E-01  2.31448E-04
 9.55780E-01  3.49922E-04
 9.55898E-01  2.18893E-04
 9.56015E-01  2.43603E-04
 9.56133E-01  2.47863E-04
 9.56250E-01  2.23233E-04
 9.56368E-01  2.46092E-04
 9.56486E-01  2.16815E-04
 9.56604E-01  2.73120E-04
 9.56721E-01  1.59942E-04
 9.56839E-01  3.03525E-04
 9.56957E-01  2.47626E-04
 9.57075E-01  1.57608E-04
 9.57193E-01  2.03365E-04
 9.57310E-01  2.01001E-04
 9.57428E-01  1.31773E-04
 9.57546E-01  2.07662E-04
 9.57664E-01  2.35450E-04
 9.57782E-01  1.64029E-04
 9.57900E-01  1.94279E-04
 9.58018E-01  1.57567E-04
 9.58137E-01  2.03009E-04
 9.58255E-01  2.15113E-04
 9.58373E-01  1.74474E-04
 9.58491E-01  1.64867E-04
 9.58609E-01  1.60975E-04
 9.58728E-01  1.88941E-04
 9.58846E-01  1.68949E-04
 9.58964E-01  1.50525E-04
 9.59082E-01  1.39308E-04
 9.59201E-01  1.28404E-04
 9.59319E-01  1.66489E-04
 9.59438E-01  1.29500E-04
 9.59556E-01  1.76488E-04
 9.59675E-01  1.32336E-04
 9.59793E-01  1.89856E-04
 9.59912E-01  1.83749E-04
 9.60030E-01  1.04507E-04
 9.60149E-01  1.19275E-04
 9.60267E-01  1.20953E-04
 9.60386E-01  1.38417E-04
 9.60505E-01  1.52667E-04
 9.60624E-01  1.22246E-04
 9.60742E-01  1.04240E-04
 9.60861E-01  1.09680E-04
 9.60980E-01  1.48085E-04
 9.61099E-01  1.03225E-04
 9.61218E-01  1.00043E-04
 9.61336E-01  1.02558E-04
 9.61455E-01  1.01330E-04
 9.61574E-01  1.31078E-04
 9.61693E-01  1.28722E-04
 9.61812E-01  1.19794E-04
 9.61931E-01  1.08329E-04
 9.62050E-01  1.02681E-04
 9.62170E-01  1.51733E-04
 9.62289E-01  1.17564E-04
 9.62408E-01  9.72305E-05
 9.62527E-01  9.78558E-05
 9.62646E-01  1.05859E-04
 9.62765E-01  1.02111E-04
 9.62885E-01  9.63930E-05
 9.63004E-01  1.06219E-04
 9.63123E-01  1.07078E-04
 9.63243E-01  1.16218E-04
 9.63362E-01  2.11336E-04
 9.64483E-01  9.56691E-05
 1.01003E+00  1.04507E-04
 1.05773E+00  1.07897E-04
 1.10768E+00  1.12079E-04
 1.15999E+00  1.19203E-04
 1.21477E+00  1.32918E-04
 1.27214E+00  1.32173E-04
 1.33222E+00  1.24924E-04
 1.39513E+00  1.16805E-04
 1.46102E+00  1.03988E-04
 1.53001E+00  9.53146E-05
 1.60227E+00  8.57306E-05
 1.67794E+00  7.94987E-05
 1.75718E+00  7.61435E-05
 1.84016E+00  7.56551E-05
 1.92706E+00  7.70988E-05
 2.01807E+00  8.07337E-05
 2.11337E+00  8.24368E-05
 2.21318E+00  8.48012E-05
 2.31769E+00  8.56737E-05
 2.42715E+00  8.74268E-05
 2.54177E+00  8.89946E-05
 2.66180E+00  9.14794E-05
 2.78751E+00  9.41464E-05
 2.91915E+00  1.31436E-04
 3.05701E+00  1.52881E-04
 3.20137E+00  1.59077E-04
 3.35256E+00  1.59695E-04
 3.51089E+00  1.66396E-04
 3.67669E+00  1.62183E-04
 3.85032E+00  1.64078E-04
 4.03215E+00  1.63780E-04
 4.22257E+00  1.62581E-04
 4.42198E+00  1.61489E-04
 4.63081E+00  1.60207E-04
 4.84950E+00  1.60582E-04
 5.07852E+00  1.56214E-04
 5.31836E+00  1.58320E-04
 5.56952E+00  1.55415E-04
 5.83254E+00  1.53846E-04
 6.10798E+00  1.50029E-04
 6.39643E+00  1.50366E-04
 6.69850E+00  1.52410E-04
 7.01484E+00  1.57385E-04
 7.34612E+00  1.54702E-04
 7.69304E+00  1.53173E-04
 8.05634E+00  1.51629E-04
 8.43681E+00  1.49755E-04
 8.83524E+00  1.47450E-04
 9.25248E+00  1.43052E-04
 9.68943E+00  1.43356E-04
 1.01470E+01  1.38230E-04
 1.06262E+01  1.36232E-04
 1.11280E+01  1.35943E-04
 1.16536E+01  1.38312E-04
 1.22039E+01  1.36531E-04
 1.27802E+01  1.31799E-04
 1.33838E+01  1.26554E-04
 1.40158E+01  1.18014E-04
 1.46777E+01  1.12319E-04
 1.53709E+01  1.05611E-04
 1.60968E+01  1.02944E-04
 1.68570E+01  9.54132E-05
 1.76530E+01  8.81395E-05
 1.84867E+01  7.95668E-05
 1.93597E+01  7.62249E-05
 2.02740E+01  7.10837E-05
 2.12315E+01  6.94493E-05
 2.22341E+01  6.71165E-05
 2.32841E+01  6.29956E-05
 2.43837E+01  5.49946E-05
 2.55352E+01  5.18759E-05
 2.67412E+01  5.15195E-05
 2.80040E+01  4.77493E-05
 2.93265E+01  4.27256E-05
 3.07115E+01  4.03945E-05
 3.21618E+01  3.73699E-05
 3.36807E+01  3.41925E-05
 3.52712E+01  2.78701E-05
 3.69369E+01  2.52921E-05
 3.86813E+01  2.44858E-05
 4.05080E+01  2.33409E-05
 4.24210E+01  2.28541E-05
 4.44243E+01  2.35266E-05
 4.65223E+01  2.09514E-05
 4.87193E+01  1.93501E-05
 5.10201E+01  1.90965E-05
 5.34295E+01  1.48207E-05
 5.59527E+01  1.68131E-05
 5.85951E+01  1.34509E-05
 6.13623E+01  1.22934E-05
 6.42601E+01  1.12233E-05
 6.72948E+01  1.24795E-05
 7.04728E+01  1.00487E-05
 7.38009E+01  1.06162E-05
 7.72862E+01  1.24219E-05
 8.09361E+01  1.26596E-05
 8.47583E+01  1.69872E-05
 8.87610E+01  2.41606E-05
 9.29528E+01  3.39764E-05
 9.73425E+01  4.82990E-05
 1.01939E+02  7.84005E-05
 1.06754E+02  1.37034E-04
 1.11795E+02  2.12815E-04
 1.17075E+02  3.54221E-04
 1.22603E+02  5.74922E-04
 1.28393E+02  9.06084E-04
 1.34457E+02  1.45939E-03
 1.40807E+02  2.10937E-03
 1.47456E+02  3.23652E-03
 1.54420E+02  4.66991E-03
 1.61712E+02  6.67833E-03
 1.69349E+02  9.37577E-03
 1.77347E+02  1.30269E-02
 1.85722E+02  1.77898E-02
 1.94493E+02  2.39200E-02
 2.03678E+02  3.13288E-02
 2.13297E+02  4.02920E-02
 2.23369E+02  5.07422E-02
 2.33918E+02  6.30758E-02
 2.44965E+02  7.65283E-02
 2.56533E+02  9.06314E-02
 2.68648E+02  1.05349E-01
 2.81335E+02  1.20335E-01
 2.94621E+02  1.34286E-01
 3.08535E+02  1.47410E-01
 3.23106E+02  1.59005E-01
 3.38364E+02  1.69105E-01
 3.54344E+02  1.77075E-01
 3.71078E+02  1.82444E-01
 3.88602E+02  1.85647E-01
 4.06954E+02  1.86330E-01
 4.26172E+02  1.86330E-01
 4.46298E+02  1.82626E-01
 4.67375E+02  1.78754E-01
 4.89446E+02  1.72628E-01
 5.12561E+02  1.65140E-01
 5.36766E+02  1.56823E-01
 5.62115E+02  1.48794E-01
 5.88661E+02  1.39315E-01
 6.16461E+02  1.30587E-01
 6.45573E+02  1.21228E-01
 6.76061E+02  1.11653E-01
 7.07988E+02  1.02500E-01
 7.41423E+02  9.44335E-02
 7.76437E+02  8.54109E-02
 8.13104E+02  7.77376E-02
 8.51503E+02  7.04495E-02
 8.91715E+02  6.34832E-02
 9.33827E+02  5.72389E-02
 9.77927E+02  5.18321E-02
 1.02411E+03  4.61301E-02
 1.07247E+03  4.09396E-02
 1.12312E+03  3.70226E-02
 1.17616E+03  3.31737E-02
 1.23171E+03  2.91636E-02
 1.28987E+03  2.59856E-02
 1.35079E+03  2.26512E-02
 1.41458E+03  1.98543E-02
 1.48138E+03  1.73984E-02
 1.55134E+03  1.52065E-02
 1.62460E+03  1.30791E-02
 1.70133E+03  1.15838E-02
 1.78167E+03  9.97194E-03
 1.86581E+03  8.68377E-03
 1.95392E+03  7.16335E-03
 2.04620E+03  6.56112E-03
 2.14283E+03  5.57532E-03
 2.24403E+03  4.73611E-03
 2.35000E+03  3.91851E-03
 2.46098E+03  3.43376E-03
 2.57720E+03  2.91494E-03
 2.69891E+03  2.53267E-03
 2.82636E+03  1.96059E-03
 2.95984E+03  1.78985E-03
 3.09962E+03  1.46512E-03
 3.24600E+03  1.23710E-03
 3.39929E+03  1.16236E-03
 3.55982E+03  1.00245E-03
 3.72794E+03  7.39251E-04
 3.90399E+03  6.01039E-04
 4.08836E+03  5.76315E-04
 4.28143E+03  4.73641E-04
 4.48362E+03  3.65252E-04
 4.69536E+03  2.97788E-04
 4.91710E+03  3.05404E-04
 5.14931E+03  2.34179E-04
 5.39249E+03  2.16562E-04
 5.64715E+03  9.16398E-05
 5.91384E+03  1.94631E-04
 6.19312E+03  9.37615E-05
 6.48559E+03  1.35893E-04
 6.79188E+03  7.18544E-05
 7.11262E+03  5.31435E-05
 7.44852E+03  7.78775E-05
