 0  2.249E+00   1.778E+01   1.851E-02   1.829E-03   6.452E+01   1.551E+02   3.702E+10   1.319E+12   4.963E+10   3.082E+08   1.599E+08   1.482E+10   3.554E+10   1.497E-01   1.060E-04   6.897E+01   3.712E+01  -1.731E+00
 1  9.266E-01   1.553E+01   4.181E-03   1.335E-03   3.874E+01   6.049E+01   6.476E+10   3.262E+11   1.784E+10   4.791E+08   1.663E+08   1.938E+10   6.538E+10   5.379E-02   1.854E-04   6.006E+01   4.989E+00  -1.857E+00
 2  1.421E+00   1.270E+01   8.895E-03   2.178E-03   4.494E+01   9.644E+01   3.964E+10   6.814E+11   3.497E+10   6.864E+08   2.743E+08   6.723E+09   4.023E+10   1.055E-01   1.135E-04   6.006E+01   1.694E+01  -1.662E+00
 3  1.124E+00   6.380E+00   8.886E-03   1.502E-03   4.987E+01   6.963E+01   7.495E+09   5.386E+11   3.016E+10   2.846E+08   1.957E+08   7.625E+08   7.503E+09   9.095E-02   2.146E-05   6.006E+01   7.178E+01  -1.009E+00
 4  4.510E-01   7.598E+00   1.919E-03   1.101E-03   3.604E+01   4.011E+01   4.132E+10   2.037E+11   1.008E+10   4.925E+08   1.198E+08   1.399E+10   4.347E+10   3.039E-02   1.183E-04   6.586E+01   4.687E+00  -1.819E+00
 5  6.193E-01   5.439E+00   3.967E-03   9.507E-04   4.532E+01   4.847E+01   9.205E+09   3.106E+11   1.644E+10   2.403E+08   1.649E+08   2.425E+09   9.371E+09   4.956E-02   2.635E-05   6.006E+01   3.314E+01  -1.552E+00
 6  3.719E-01   6.162E+00   1.810E-03   1.032E-03   3.089E+01   2.332E+01   2.746E+10   1.543E+11   7.725E+09   2.063E+08   6.401E+07   6.496E+09   2.673E+10   2.330E-02   7.863E-05   6.006E+01   5.772E+00  -1.978E+00
 7  6.707E-01   4.686E+00   4.767E-03   1.612E-03   3.830E+01   4.346E+01   8.025E+09   2.956E+11   1.768E+10   3.348E+08   2.110E+08   1.198E+09   7.625E+09   5.332E-02   2.298E-05   6.006E+01   3.877E+01  -1.195E+00
 8  6.434E-01   4.446E+00   5.009E-03   1.769E-03   3.791E+01   3.262E+01   9.908E+09   2.843E+11   1.820E+10   2.495E+08   6.491E+07   2.047E+09   1.073E+10   5.489E-02   2.837E-05   6.006E+01   2.649E+01  -1.781E+00
 9  3.228E-01   4.997E+00   1.175E-03   4.919E-04   3.804E+01   2.355E+01   2.299E+10   1.393E+11   6.156E+09   2.642E+08   7.576E+07   6.422E+09   2.293E+10   1.857E-02   6.582E-05   6.289E+01   6.073E+00  -1.834E+00
10  4.684E-01   4.567E+00   2.710E-03   8.995E-04   4.062E+01   2.985E+01   8.703E+09   2.221E+11   1.223E+10   2.530E+08   1.498E+08   2.781E+09   8.268E+09   3.688E-02   2.492E-05   6.006E+01   2.686E+01  -1.969E+00
11  3.310E-01   4.586E+00   1.553E-03   8.135E-04   3.469E+01   2.310E+01   1.595E+10   1.427E+11   8.176E+09   2.634E+08   6.198E+07   3.656E+09   1.593E+10   2.466E-02   4.567E-05   6.006E+01   8.959E+00  -1.692E+00
12  3.830E-01   4.401E+00   2.432E-03   8.129E-04   4.074E+01   3.290E+01   6.024E+09   2.080E+11   1.005E+10   2.313E+08   1.130E+08   2.114E+09   5.895E+09   3.032E-02   1.725E-05   6.289E+01   3.528E+01  -1.749E+00
13  4.140E-01   4.192E+00   2.520E-03   1.060E-03   3.580E+01   3.069E+01   7.183E+09   2.036E+11   1.065E+10   2.313E+08   1.130E+08   1.373E+09   7.318E+09   3.213E-02   2.056E-05   6.006E+01   2.782E+01  -1.640E+00
14  3.545E-01   4.299E+00   2.013E-03   8.197E-04   3.608E+01   2.855E+01   1.069E+10   1.690E+11   7.980E+09   1.772E+08   7.649E+07   3.266E+09   1.045E+10   2.407E-02   3.061E-05   6.289E+01   1.618E+01  -1.815E+00
15  1.978E-01   4.721E+00   3.194E-04   2.618E-04   3.766E+01   1.604E+01   3.039E+10   7.074E+10   2.844E+09   2.365E+08   2.327E+07   9.003E+09   3.066E+10   8.578E-03   8.701E-05   6.289E+01   2.307E+00  -1.941E+00
16  3.584E-01   4.095E+00   1.968E-03   1.050E-03   3.187E+01   1.832E+01   1.024E+10   1.310E+11   8.410E+09   1.411E+08   4.266E+07   2.758E+09   1.016E+10   2.536E-02   2.933E-05   5.735E+01   1.289E+01  -1.651E+00
17  2.218E-01   4.245E+00   4.086E-04   3.679E-04   3.274E+01   1.372E+01   2.694E+10   7.239E+10   3.133E+09   1.635E+08   2.208E+07   6.508E+09   2.653E+10   9.450E-03   7.714E-05   6.289E+01   2.728E+00  -1.906E+00
18  2.537E-01   3.900E+00   1.143E-03   8.299E-04   2.793E+01   1.331E+01   1.705E+10   9.024E+10   5.210E+09   2.156E+08   4.465E+07   4.598E+09   1.732E+10   1.571E-02   4.880E-05   6.289E+01   5.211E+00  -1.898E+00
19  2.986E-01   3.492E+00   1.770E-03   1.128E-03   3.038E+01   2.003E+01   8.168E+09   1.142E+11   7.473E+09   1.847E+08   5.741E+07   1.302E+09   8.126E+09   2.254E-02   2.339E-05   6.006E+01   1.405E+01  -1.704E+00
20  2.167E-01   3.664E+00   7.923E-04   6.092E-04   2.837E+01   1.522E+01   1.068E+10   8.105E+10   3.512E+09   9.295E+07   2.092E+07   2.661E+09   1.043E+10   1.059E-02   3.059E-05   6.289E+01   7.773E+00  -1.683E+00
21  2.291E-01   3.601E+00   1.389E-03   1.098E-03   2.449E+01   1.204E+01   5.816E+09   7.224E+10   4.364E+09   7.425E+07   2.983E+07   1.296E+09   6.197E+09   1.316E-02   1.665E-05   6.006E+01   1.166E+01  -1.412E+00
22  2.534E-01   3.486E+00   1.101E-03   7.733E-04   2.816E+01   1.594E+01   9.506E+09   9.690E+10   4.637E+09   9.391E+07   1.335E+07   2.998E+09   9.163E+09   1.398E-02   2.722E-05   6.006E+01   1.058E+01  -1.733E+00
23  2.876E-01   3.178E+00   1.799E-03   1.383E-03   2.743E+01   1.684E+01   7.975E+09   1.304E+11   6.847E+09   8.212E+07   5.132E+07   1.459E+09   7.342E+09   2.065E-02   2.283E-05   6.289E+01   1.776E+01  -1.852E+00
24  2.362E-01   3.185E+00   9.091E-04   7.182E-04   2.905E+01   1.563E+01   1.406E+10   9.834E+10   4.222E+09   1.184E+08   3.355E+07   2.761E+09   1.361E+10   1.273E-02   4.025E-05   6.586E+01   7.225E+00  -1.700E+00
25  1.316E-01   3.502E+00   7.987E-05   8.080E-05   4.466E+01   1.272E+01   2.849E+10   5.029E+10   1.258E+09   8.650E+07   1.649E+07   7.648E+09   2.870E+10   3.794E-03   8.158E-05   6.897E+01   1.752E+00  -1.867E+00
26  1.267E-01   3.632E+00   1.094E-04   1.160E-04   3.561E+01   8.257E+00   3.095E+10   2.462E+10   1.100E+09   1.288E+08   1.230E+07   7.604E+09   3.163E+10   3.318E-03   8.860E-05   6.289E+01   7.784E-01  -2.033E+00
27  1.632E-01   3.313E+00   4.509E-04   2.099E-04   4.052E+01   1.484E+01   2.482E+10   6.157E+10   2.877E+09   1.108E+08   1.560E+07   7.395E+09   2.529E+10   8.677E-03   7.107E-05   6.289E+01   2.435E+00  -1.886E+00
28  9.644E-02   3.582E+00   8.388E-05   7.710E-05   4.270E+01   8.791E+00   1.672E+10   3.754E+10   1.125E+09   5.482E+07   6.507E+06   5.859E+09   1.635E+10   3.391E-03   4.787E-05   6.586E+01   2.295E+00  -2.005E+00
29  1.161E-01   3.417E+00   1.364E-04   1.174E-04   3.909E+01   9.393E+00   1.943E+10   4.229E+10   1.375E+09   7.279E+07   9.704E+06   5.351E+09   1.852E+10   4.146E-03   5.564E-05   6.586E+01   2.283E+00  -2.007E+00
30  2.957E-01   2.826E+00   1.489E-03   5.026E-04   3.874E+01   1.573E+01   7.541E+09   1.009E+11   6.487E+09   1.301E+08   6.472E+07   2.104E+09   7.623E+09   1.956E-02   2.159E-05   5.735E+01   1.323E+01  -1.506E+00
31  2.407E-01   2.838E+00   1.099E-03   3.312E-04   3.786E+01   1.897E+01   1.558E+10   1.059E+11   3.982E+09   1.379E+08   4.334E+07   4.209E+09   1.597E+10   1.201E-02   4.461E-05   6.897E+01   6.630E+00  -1.698E+00
32  2.858E-01   2.636E+00   2.012E-03   1.409E-03   2.533E+01   1.577E+01   1.700E+09   1.162E+11   5.427E+09   8.577E+07   5.327E+07   6.316E+08   1.672E+09   1.637E-02   4.869E-06   6.289E+01   6.948E+01  -1.272E+00
33  1.810E-01   2.918E+00   3.382E-04   2.568E-04   3.598E+01   1.521E+01   1.286E+10   7.422E+10   2.713E+09   1.483E+08   2.000E+07   4.483E+09   1.236E+10   8.181E-03   3.683E-05   6.586E+01   6.006E+00  -1.879E+00
34  1.840E-01   2.792E+00   7.664E-04   6.479E-04   2.794E+01   1.343E+01   1.257E+10   8.135E+10   3.499E+09   1.245E+08   2.234E+07   2.876E+09   1.223E+10   1.055E-02   3.599E-05   6.897E+01   6.650E+00  -1.766E+00
35  2.993E-01   2.450E+00   2.102E-03   1.610E-03   2.285E+01   1.253E+01   3.107E+09   8.488E+10   5.169E+09   7.423E+07   2.986E+07   7.524E+08   3.058E+09   1.559E-02   8.895E-06   6.006E+01   2.775E+01  -1.463E+00
36  1.966E-01   2.792E+00   8.933E-04   5.757E-04   3.151E+01   1.550E+01   9.139E+09   1.070E+11   4.130E+09   9.294E+07   3.996E+07   2.464E+09   8.832E+09   1.246E-02   2.617E-05   6.586E+01   1.212E+01  -1.739E+00
37  2.561E-01   2.604E+00   1.667E-03   1.208E-03   2.594E+01   1.522E+01   4.114E+09   1.053E+11   5.234E+09   8.292E+07   4.212E+07   1.168E+09   3.984E+09   1.579E-02   1.178E-05   6.586E+01   2.644E+01  -1.575E+00
38  2.409E-01   2.637E+00   1.394E-03   1.002E-03   2.722E+01   1.375E+01   9.116E+09   8.966E+10   5.134E+09   7.529E+07   3.105E+07   1.478E+09   8.974E+09   1.548E-02   2.610E-05   6.006E+01   9.990E+00  -1.583E+00
39  2.135E-01   2.793E+00   7.920E-04   3.430E-04   3.709E+01   1.354E+01   2.118E+10   6.523E+10   3.677E+09   2.699E+08   4.837E+07   5.582E+09   2.114E+10   1.109E-02   6.063E-05   5.735E+01   3.085E+00  -1.874E+00
40  2.485E-01   2.764E+00   1.030E-03   7.314E-04   2.957E+01   1.306E+01   1.496E+10   8.470E+10   5.089E+09   2.201E+08   2.986E+07   3.196E+09   1.471E+10   1.535E-02   4.283E-05   6.006E+01   5.758E+00  -1.794E+00
41  1.973E-01   2.673E+00   7.337E-04   4.334E-04   3.109E+01   9.931E+00   1.811E+10   5.368E+10   3.301E+09   6.734E+07   1.411E+07   4.252E+09   1.814E+10   9.956E-03   5.184E-05   5.735E+01   2.960E+00  -1.861E+00
42  2.110E-01   2.569E+00   8.241E-04   4.430E-04   3.337E+01   1.485E+01   1.776E+10   8.765E+10   3.589E+09   1.320E+08   4.923E+07   6.524E+09   1.707E+10   1.082E-02   5.083E-05   6.897E+01   5.135E+00  -1.942E+00
43  2.314E-01   2.469E+00   1.304E-03   9.768E-04   2.894E+01   1.064E+01   1.127E+10   6.837E+10   5.114E+09   3.270E+08   3.364E+07   3.510E+09   1.138E+10   1.542E-02   3.225E-05   6.289E+01   6.007E+00  -1.482E+00
44  2.240E-01   2.544E+00   1.276E-03   9.705E-04   2.670E+01   1.518E+01   4.995E+09   1.160E+11   4.487E+09   9.291E+07   6.175E+07   1.578E+09   4.745E+09   1.353E-02   1.430E-05   6.897E+01   2.444E+01  -1.756E+00
45  6.679E-02   3.092E+00   1.621E-05   2.087E-05   4.202E+01   5.660E+00   1.803E+10   1.009E+10   2.998E+08   1.037E+08   1.413E+06   3.304E+09   1.953E+10   9.041E-04   5.163E-05   6.586E+01   5.168E-01  -1.834E+00
46  1.749E-01   2.590E+00   6.008E-04   4.698E-04   2.839E+01   1.317E+01   1.155E+10   6.702E+10   2.685E+09   1.129E+08   3.150E+07   3.832E+09   1.103E+10   8.098E-03   3.306E-05   6.586E+01   6.076E+00  -1.662E+00
47  1.224E-01   2.755E+00   3.538E-04   2.350E-04   3.146E+01   7.084E+00   9.821E+09   3.187E+10   1.880E+09   5.174E+07   7.215E+06   3.256E+09   9.510E+09   5.671E-03   2.812E-05   5.735E+01   3.352E+00  -1.906E+00
48  1.047E-01   2.723E+00   2.169E-04   1.880E-04   3.193E+01   8.192E+00   1.404E+10   4.453E+10   1.570E+09   7.039E+07   1.050E+07   5.459E+09   1.329E+10   4.734E-03   4.019E-05   6.586E+01   3.351E+00  -2.013E+00
49  1.282E-01   2.698E+00   3.235E-04   1.626E-04   3.716E+01   1.020E+01   2.043E+10   3.789E+10   1.901E+09   1.093E+08   9.114E+06   7.284E+09   2.058E+10   5.732E-03   5.848E-05   6.006E+01   1.841E+00  -1.980E+00
50  2.127E-01   2.410E+00   1.266E-03   6.672E-04   3.058E+01   1.231E+01   7.969E+09   9.444E+10   4.638E+09   6.759E+07   3.218E+07   2.247E+09   7.528E+09   1.399E-02   2.282E-05   6.289E+01   1.254E+01  -1.916E+00
51  8.817E-02   2.670E+00   8.807E-05   9.305E-05   3.645E+01   5.979E+00   1.380E+10   1.859E+10   9.950E+08   7.447E+07   4.586E+06   3.682E+09   1.350E+10   3.001E-03   3.952E-05   6.006E+01   1.377E+00  -1.965E+00
52  1.183E-01   2.691E+00   2.520E-04   1.964E-04   3.398E+01   7.490E+00   1.346E+10   3.150E+10   1.740E+09   1.250E+08   1.216E+07   2.714E+09   1.331E+10   5.248E-03   3.853E-05   6.006E+01   2.367E+00  -1.833E+00
53  1.158E-01   2.557E+00   3.760E-04   3.189E-04   2.682E+01   5.732E+00   1.215E+10   2.964E+10   1.804E+09   7.017E+07   4.026E+06   2.348E+09   1.189E+10   5.440E-03   3.479E-05   6.006E+01   2.493E+00  -1.955E+00
54  1.894E-01   2.449E+00   7.168E-04   4.162E-04   3.095E+01   9.704E+00   1.224E+10   5.787E+10   3.202E+09   1.579E+08   2.592E+07   4.025E+09   1.210E+10   9.656E-03   3.505E-05   6.289E+01   4.783E+00  -1.827E+00
55  1.325E-01   2.488E+00   4.540E-04   3.312E-04   2.855E+01   6.607E+00   8.117E+09   3.959E+10   2.105E+09   3.896E+07   8.918E+06   2.748E+09   7.629E+09   6.349E-03   2.324E-05   6.006E+01   5.189E+00  -1.797E+00
56  1.096E-01   2.594E+00   1.977E-04   1.534E-04   3.379E+01   6.329E+00   1.745E+10   3.222E+10   1.407E+09   8.662E+07   1.163E+07   5.580E+09   1.755E+10   4.242E-03   4.996E-05   6.289E+01   1.836E+00  -2.045E+00
57  1.496E-01   2.358E+00   6.128E-04   3.950E-04   3.089E+01   1.119E+01   6.796E+09   6.269E+10   3.007E+09   7.281E+07   1.709E+07   2.537E+09   6.626E+09   9.068E-03   1.946E-05   6.006E+01   9.461E+00  -1.678E+00
58  2.014E-01   2.159E+00   1.021E-03   7.097E-04   2.669E+01   1.134E+01   6.587E+09   7.409E+10   3.443E+09   5.719E+07   2.642E+07   1.434E+09   6.226E+09   1.038E-02   1.886E-05   6.289E+01   1.190E+01  -1.741E+00
59  3.136E-01   2.789E+00   9.919E-04   4.907E-04   4.060E+01   2.862E+01   2.105E+10   1.683E+11   6.554E+09   1.944E+08   1.085E+08   3.113E+09   2.095E+10   1.977E-02   6.026E-05   6.586E+01   8.034E+00  -1.637E+00
60  1.652E-01   2.187E+00   6.893E-04   3.350E-04   3.181E+01   6.698E+00   1.199E+10   3.998E+10   2.803E+09   6.027E+07   1.437E+07   3.388E+09   1.133E+10   8.454E-03   3.433E-05   5.735E+01   3.529E+00  -1.986E+00
61  1.223E-01   2.499E+00   1.512E-04   1.308E-04   3.603E+01   6.244E+00   1.053E+10   2.834E+10   1.369E+09   9.122E+07   1.077E+07   3.284E+09   1.131E+10   4.127E-03   3.014E-05   6.006E+01   2.505E+00  -1.662E+00
62  1.994E-01   2.097E+00   1.029E-03   7.334E-04   2.698E+01   1.146E+01   9.056E+09   7.687E+10   3.890E+09   8.808E+07   2.741E+07   2.340E+09   8.847E+09   1.173E-02   2.593E-05   6.289E+01   8.688E+00  -1.936E+00
63  1.635E-01   2.183E+00   8.730E-04   7.201E-04   2.328E+01   8.613E+00   8.605E+09   4.034E+10   2.522E+09   5.579E+07   1.169E+07   3.021E+09   8.265E+09   7.606E-03   2.464E-05   6.289E+01   4.881E+00  -1.835E+00
64  8.945E-02   2.353E+00   2.568E-04   2.247E-04   2.839E+01   4.670E+00   1.215E+10   1.963E+10   1.290E+09   1.412E+08   2.592E+06   3.086E+09   1.185E+10   3.890E-03   3.478E-05   5.735E+01   1.657E+00  -2.010E+00
65  1.743E-01   2.052E+00   9.439E-04   7.061E-04   2.511E+01   7.926E+00   8.058E+09   6.148E+10   3.138E+09   4.762E+07   1.161E+07   1.836E+09   7.820E+09   9.462E-03   2.307E-05   6.006E+01   7.863E+00  -1.841E+00
66  1.550E-01   2.129E+00   7.332E-04   4.494E-04   3.010E+01   1.182E+01   6.893E+09   6.827E+10   3.107E+09   8.052E+07   2.149E+07   2.739E+09   6.713E+09   9.369E-03   1.973E-05   6.289E+01   1.017E+01  -1.906E+00
67  1.061E-01   2.250E+00   2.487E-04   1.006E-04   4.181E+01   9.146E+00   1.234E+10   4.381E+10   1.458E+09   6.599E+07   1.835E+07   5.483E+09   1.223E+10   4.397E-03   3.533E-05   6.586E+01   3.583E+00  -2.024E+00
68  9.616E-02   2.178E+00   9.245E-05   7.926E-05   4.183E+01   8.290E+00   1.280E+10   2.998E+10   1.117E+09   7.516E+07   6.810E+06   3.655E+09   1.275E+10   3.368E-03   3.663E-05   6.289E+01   2.352E+00  -1.775E+00
69  1.149E-01   2.120E+00   4.642E-04   3.668E-04   2.641E+01   7.778E+00   9.441E+09   3.453E+10   1.965E+09   7.614E+07   8.470E+06   2.792E+09   9.073E+09   5.925E-03   2.703E-05   6.006E+01   3.806E+00  -1.931E+00
70  9.519E-02   2.161E+00   1.612E-04   1.374E-04   3.493E+01   6.793E+00   1.078E+10   3.545E+10   1.350E+09   7.822E+07   6.632E+06   3.531E+09   1.053E+10   4.071E-03   3.086E-05   6.289E+01   3.366E+00  -1.914E+00
71  1.268E-01   1.963E+00   6.292E-04   3.716E-04   2.773E+01   6.294E+00   5.592E+09   3.367E+10   2.216E+09   2.796E+07   5.916E+06   2.024E+09   5.480E+09   6.682E-03   1.601E-05   5.476E+01   6.144E+00  -1.820E+00
72  8.088E-02   2.067E+00   7.057E-05   6.866E-05   3.799E+01   4.663E+00   1.233E+10   1.812E+10   8.146E+08   9.486E+07   6.433E+06   3.938E+09   1.227E+10   2.457E-03   3.529E-05   6.006E+01   1.476E+00  -2.010E+00
73  1.484E-01   1.950E+00   7.996E-04   4.156E-04   3.129E+01   7.020E+00   8.716E+09   4.388E+10   3.237E+09   5.654E+07   2.051E+07   2.698E+09   8.277E+09   9.763E-03   2.495E-05   5.476E+01   5.301E+00  -1.993E+00
74  1.246E-01   1.928E+00   4.690E-04   3.316E-04   2.954E+01   8.102E+00   6.219E+09   5.626E+10   2.176E+09   6.253E+07   1.349E+07   2.069E+09   6.282E+09   6.563E-03   1.781E-05   6.289E+01   8.956E+00  -1.571E+00
75  1.484E-01   1.853E+00   6.838E-04   3.886E-04   3.069E+01   8.540E+00   6.966E+09   6.183E+10   2.919E+09   6.707E+07   1.987E+07   2.384E+09   6.851E+09   8.803E-03   1.995E-05   6.006E+01   9.026E+00  -1.738E+00
76  1.828E-01   1.775E+00   1.219E-03   7.616E-04   2.567E+01   5.397E+00   4.250E+09   3.115E+10   3.481E+09   9.730E+07   3.393E+06   8.128E+08   4.441E+09   1.050E-02   1.217E-05   5.229E+01   7.014E+00  -1.426E+00
77  1.076E-01   1.975E+00   2.259E-04   2.020E-04   2.949E+01   7.677E+00   8.442E+09   3.574E+10   1.332E+09   5.968E+07   7.924E+06   2.580E+09   8.315E+09   4.017E-03   2.417E-05   6.586E+01   4.298E+00  -1.782E+00
78  2.116E-01   1.734E+00   1.389E-03   8.529E-04   2.519E+01   5.528E+00   4.950E+09   4.516E+10   4.170E+09   8.819E+07   2.724E+07   1.081E+09   5.034E+09   1.258E-02   1.417E-05   5.229E+01   8.972E+00  -1.682E+00
79  9.906E-02   2.022E+00   1.088E-04   9.941E-05   3.399E+01   8.312E+00   1.690E+10   2.626E+10   8.903E+08   1.131E+08   4.116E+06   3.975E+09   1.819E+10   2.685E-03   4.839E-05   6.897E+01   1.444E+00  -1.835E+00
