-2.81939E+02  0.00000E+00
-2.76300E+02  1.92693E-01
-2.70661E+02  2.53051E-01
-2.65023E+02  3.24183E-01
-2.59384E+02  4.02849E-01
-2.53745E+02  4.83654E-01
-2.48106E+02  5.58937E-01
-2.42467E+02  6.20603E-01
-2.36829E+02  6.64332E-01
-2.31190E+02  6.93045E-01
-2.25551E+02  7.12132E-01
-2.19912E+02  7.23446E-01
-2.14274E+02  7.27213E-01
-2.08635E+02  7.24913E-01
-2.02996E+02  7.20826E-01
-1.97357E+02  7.22970E-01
-1.91718E+02  7.36276E-01
-1.86080E+02  7.64182E-01
-1.80441E+02  8.55141E-01
-1.74802E+02  1.10983E+00
-1.69163E+02  1.48457E+00
-1.63525E+02  1.80869E+00
-1.57886E+02  1.96811E+00
-1.52247E+02  1.79922E+00
-1.46608E+02  1.30322E+00
-1.40969E+02  8.85015E-01
-1.35331E+02  6.70291E-01
-1.29692E+02  5.38812E-01
-1.24053E+02  4.55991E-01
-1.18414E+02  4.15688E-01
-1.12776E+02  4.03504E-01
-1.07137E+02  4.04989E-01
-1.01498E+02  4.11413E-01
-9.58592E+01  4.22785E-01
-9.02204E+01  4.43718E-01
-8.45817E+01  4.73517E-01
-7.89429E+01  5.05073E-01
-7.33041E+01  5.35524E-01
-6.76653E+01  5.67074E-01
-6.20266E+01  6.05746E-01
-5.63878E+01  6.52861E-01
-5.07490E+01  7.04825E-01
-4.51102E+01  7.58732E-01
-3.94714E+01  8.11342E-01
-3.38327E+01  8.60588E-01
-2.81939E+01  9.10306E-01
-2.25551E+01  9.70552E-01
-1.69163E+01  1.05064E+00
-1.12776E+01  1.14751E+00
-5.63878E+00  1.25984E+00
 0.00000E+00  1.48837E+00
 5.63878E+00  2.13623E+00
 1.12776E+01  3.31861E+00
 1.69163E+01  4.35282E+00
 2.25551E+01  4.40913E+00
 2.81939E+01  3.43885E+00
 3.38327E+01  2.21672E+00
 3.94714E+01  1.48249E+00
 4.51102E+01  1.18604E+00
 5.07490E+01  1.02289E+00
 5.63878E+01  8.76710E-01
 6.20266E+01  7.44074E-01
 6.76653E+01  6.32284E-01
 7.33041E+01  5.38889E-01
 7.89429E+01  4.58792E-01
 8.45817E+01  3.87356E-01
 9.02204E+01  3.21457E-01
 9.58592E+01  2.61209E-01
 1.01498E+02  2.10026E-01
 1.07137E+02  1.72686E-01
 1.12776E+02  1.51983E-01
 1.18414E+02  1.45998E-01
 1.24053E+02  1.49461E-01
 1.29692E+02  1.58013E-01
 1.35331E+02  1.70423E-01
 1.40969E+02  1.87110E-01
 1.46608E+02  2.07376E-01
 1.52247E+02  2.28307E-01
 1.57886E+02  2.46378E-01
 1.63525E+02  2.59867E-01
 1.69163E+02  2.69480E-01
 1.74802E+02  2.76890E-01
 1.80441E+02  2.83234E-01
 1.86080E+02  2.89335E-01
 1.91718E+02  2.97265E-01
 1.97357E+02  3.11610E-01
 2.02996E+02  3.38658E-01
 2.08635E+02  3.82470E-01
 2.14274E+02  4.49852E-01
 2.19912E+02  5.99768E-01
 2.25551E+02  9.10460E-01
 2.31190E+02  1.15956E+00
 2.36829E+02  1.17020E+00
 2.42467E+02  1.04110E+00
 2.48106E+02  8.21947E-01
 2.53745E+02  5.50953E-01
 2.59384E+02  3.69892E-01
 2.65023E+02  2.81279E-01
 2.70661E+02  2.15061E-01
 2.76300E+02  1.55807E-01
 2.81939E+02  1.09861E-01
