-2.41985E+02  0.00000E+00
-2.37146E+02  3.54863E-02
-2.32306E+02  4.25818E-02
-2.27466E+02  5.00035E-02
-2.22627E+02  5.83615E-02
-2.17787E+02  6.80781E-02
-2.12947E+02  7.97565E-02
-2.08107E+02  9.44673E-02
-2.03268E+02  1.13143E-01
-1.98428E+02  1.35822E-01
-1.93588E+02  1.61511E-01
-1.88749E+02  1.89944E-01
-1.83909E+02  2.22708E-01
-1.79069E+02  2.59605E-01
-1.74229E+02  2.95655E-01
-1.69390E+02  3.26482E-01
-1.64550E+02  3.54363E-01
-1.59710E+02  3.85578E-01
-1.54871E+02  4.27280E-01
-1.50031E+02  4.80005E-01
-1.45191E+02  5.34341E-01
-1.40352E+02  5.79686E-01
-1.35512E+02  6.14186E-01
-1.30672E+02  6.39059E-01
-1.25832E+02  6.52094E-01
-1.20993E+02  6.55619E-01
-1.16153E+02  6.57071E-01
-1.11313E+02  6.60582E-01
-1.06474E+02  6.62205E-01
-1.01634E+02  6.58412E-01
-9.67941E+01  6.55216E-01
-9.19544E+01  6.61106E-01
-8.71147E+01  6.75313E-01
-8.22750E+01  6.90798E-01
-7.74353E+01  7.00123E-01
-7.25956E+01  7.03309E-01
-6.77559E+01  6.99843E-01
-6.29162E+01  6.90924E-01
-5.80765E+01  6.79446E-01
-5.32368E+01  6.70911E-01
-4.83971E+01  6.72466E-01
-4.35574E+01  6.84348E-01
-3.87177E+01  7.02735E-01
-3.38779E+01  7.20475E-01
-2.90382E+01  7.30856E-01
-2.41985E+01  7.30912E-01
-1.93588E+01  7.23426E-01
-1.45191E+01  7.13816E-01
-9.67941E+00  7.04850E-01
-4.83971E+00  6.99368E-01
-1.31549E-13  6.98311E-01
 4.83971E+00  7.00232E-01
 9.67941E+00  7.01791E-01
 1.45191E+01  6.95753E-01
 1.93588E+01  6.83794E-01
 2.41985E+01  6.73031E-01
 2.90382E+01  6.69468E-01
 3.38779E+01  6.76537E-01
 3.87177E+01  6.93436E-01
 4.35574E+01  7.18439E-01
 4.83971E+01  7.46735E-01
 5.32368E+01  7.70933E-01
 5.80765E+01  7.85737E-01
 6.29162E+01  7.91668E-01
 6.77559E+01  7.91523E-01
 7.25956E+01  7.85528E-01
 7.74353E+01  7.72604E-01
 8.22750E+01  7.53284E-01
 8.71147E+01  7.28962E-01
 9.19544E+01  7.00533E-01
 9.67941E+01  6.69294E-01
 1.01634E+02  6.37043E-01
 1.06474E+02  6.05499E-01
 1.11313E+02  5.75765E-01
 1.16153E+02  5.46619E-01
 1.20993E+02  5.13626E-01
 1.25832E+02  4.71660E-01
 1.30672E+02  4.18601E-01
 1.35512E+02  3.57412E-01
 1.40352E+02  2.95660E-01
 1.45191E+02  2.41015E-01
 1.50031E+02  1.95510E-01
 1.54871E+02  1.56328E-01
 1.59710E+02  1.22032E-01
 1.64550E+02  9.47145E-02
 1.69390E+02  7.60749E-02
 1.74229E+02  6.46023E-02
 1.79069E+02  5.67605E-02
 1.83909E+02  4.87583E-02
 1.88749E+02  3.86256E-02
 1.93588E+02  2.82341E-02
 1.98428E+02  2.17014E-02
 2.03268E+02  2.00585E-02
 2.08107E+02  1.98721E-02
 2.12947E+02  1.84687E-02
 2.17787E+02  1.74049E-02
 2.22627E+02  1.88671E-02
 2.27466E+02  2.12000E-02
 2.32306E+02  2.12775E-02
 2.37146E+02  1.92519E-02
 2.41985E+02  1.75569E-02
