-3.38160E+02  0.00000E+00
-3.31397E+02  8.63007E-03
-3.24634E+02  1.02902E-02
-3.17871E+02  9.65062E-03
-3.11107E+02  7.33037E-03
-3.04344E+02  4.85933E-03
-2.97581E+02  2.93074E-03
-2.90818E+02  1.69581E-03
-2.84055E+02  1.08314E-03
-2.77291E+02  9.53928E-04
-2.70528E+02  1.30560E-03
-2.63765E+02  2.27195E-03
-2.57002E+02  4.13784E-03
-2.50239E+02  7.65434E-03
-2.43475E+02  1.38973E-02
-2.36712E+02  2.39809E-02
-2.29949E+02  3.94981E-02
-2.23186E+02  6.29928E-02
-2.16423E+02  9.73181E-02
-2.09659E+02  1.44837E-01
-2.02896E+02  2.10381E-01
-1.96133E+02  3.01990E-01
-1.89370E+02  4.02654E-01
-1.82607E+02  4.70863E-01
-1.75843E+02  4.98362E-01
-1.69080E+02  5.10888E-01
-1.62317E+02  5.27312E-01
-1.55554E+02  5.44994E-01
-1.48790E+02  5.59460E-01
-1.42027E+02  5.76115E-01
-1.35264E+02  5.95442E-01
-1.28501E+02  6.20207E-01
-1.21738E+02  6.49709E-01
-1.14974E+02  6.93335E-01
-1.08211E+02  8.39678E-01
-1.01448E+02  1.02577E+00
-9.46849E+01  1.04143E+00
-8.79217E+01  9.33645E-01
-8.11584E+01  7.31857E-01
-7.43952E+01  5.65372E-01
-6.76320E+01  5.06910E-01
-6.08688E+01  4.80027E-01
-5.41056E+01  4.61178E-01
-4.73424E+01  4.51785E-01
-4.05792E+01  4.47666E-01
-3.38160E+01  4.67624E-01
-2.70528E+01  5.32820E-01
-2.02896E+01  5.68909E-01
-1.35264E+01  5.13953E-01
-6.76320E+00  4.01942E-01
 7.21775E-14  3.51903E-01
 6.76320E+00  3.67793E-01
 1.35264E+01  4.01235E-01
 2.02896E+01  4.37241E-01
 2.70528E+01  4.62944E-01
 3.38160E+01  4.72563E-01
 4.05792E+01  4.86819E-01
 4.73424E+01  5.24403E-01
 5.41056E+01  5.84161E-01
 6.08688E+01  6.53261E-01
 6.76320E+01  7.22431E-01
 7.43952E+01  7.79472E-01
 8.11584E+01  8.01507E-01
 8.79217E+01  7.89019E-01
 9.46849E+01  7.64470E-01
 1.01448E+02  7.31629E-01
 1.08211E+02  6.83132E-01
 1.14974E+02  6.28221E-01
 1.21738E+02  5.81079E-01
 1.28501E+02  5.50114E-01
 1.35264E+02  5.40524E-01
 1.42027E+02  5.47608E-01
 1.48790E+02  5.60015E-01
 1.55554E+02  5.75005E-01
 1.62317E+02  5.83665E-01
 1.69080E+02  5.86320E-01
 1.75843E+02  5.86014E-01
 1.82607E+02  5.80911E-01
 1.89370E+02  5.69968E-01
 1.96133E+02  5.52003E-01
 2.02896E+02  5.24178E-01
 2.09659E+02  4.83145E-01
 2.16423E+02  4.28047E-01
 2.23186E+02  3.62522E-01
 2.29949E+02  2.93627E-01
 2.36712E+02  2.29395E-01
 2.43475E+02  1.76425E-01
 2.50239E+02  1.37413E-01
 2.57002E+02  1.10237E-01
 2.63765E+02  9.00271E-02
 2.70528E+02  7.24751E-02
 2.77291E+02  5.56594E-02
 2.84055E+02  3.97706E-02
 2.90818E+02  2.59370E-02
 2.97581E+02  1.51872E-02
 3.04344E+02  7.86877E-03
 3.11107E+02  3.56289E-03
 3.17871E+02  1.39560E-03
 3.24634E+02  4.69130E-04
 3.31397E+02  1.34467E-04
 3.38160E+02  3.26947E-05
