-4.05808E+02  0.00000E+00
-3.97692E+02  1.95030E-02
-3.89576E+02  2.79799E-02
-3.81460E+02  3.01671E-02
-3.73344E+02  2.67788E-02
-3.65227E+02  2.11529E-02
-3.57111E+02  1.41212E-02
-3.48995E+02  7.64021E-03
-3.40879E+02  3.51133E-03
-3.32763E+02  1.57916E-03
-3.24647E+02  8.64295E-04
-3.16530E+02  8.77283E-04
-3.08414E+02  1.39732E-03
-3.00298E+02  2.46633E-03
-2.92182E+02  4.39180E-03
-2.84066E+02  5.42855E-03
-2.75950E+02  5.17923E-03
-2.67833E+02  6.22475E-03
-2.59717E+02  6.47531E-03
-2.51601E+02  6.44495E-03
-2.43485E+02  9.28819E-03
-2.35369E+02  1.89427E-02
-2.27253E+02  4.46101E-02
-2.19136E+02  6.62430E-02
-2.11020E+02  6.23512E-02
-2.02904E+02  6.44951E-02
-1.94788E+02  9.25682E-02
-1.86672E+02  1.44023E-01
-1.78556E+02  1.94758E-01
-1.70439E+02  2.20177E-01
-1.62323E+02  2.47540E-01
-1.54207E+02  2.88967E-01
-1.46091E+02  3.07496E-01
-1.37975E+02  2.93950E-01
-1.29859E+02  2.90716E-01
-1.21742E+02  3.02660E-01
-1.13626E+02  2.92493E-01
-1.05510E+02  2.89809E-01
-9.73940E+01  3.31123E-01
-8.92778E+01  3.83195E-01
-8.11617E+01  3.96959E-01
-7.30455E+01  3.74592E-01
-6.49293E+01  3.37859E-01
-5.68132E+01  3.40552E-01
-4.86970E+01  3.55133E-01
-4.05808E+01  3.59826E-01
-3.24647E+01  3.76317E-01
-2.43485E+01  3.87170E-01
-1.62323E+01  4.08193E-01
-8.11617E+00  4.37859E-01
 7.21775E-14  4.40148E-01
 8.11617E+00  4.31482E-01
 1.62323E+01  4.12268E-01
 2.43485E+01  3.78802E-01
 3.24647E+01  3.79832E-01
 4.05808E+01  4.63982E-01
 4.86970E+01  5.80721E-01
 5.68132E+01  6.17561E-01
 6.49293E+01  5.07386E-01
 7.30455E+01  3.86604E-01
 8.11617E+01  3.17720E-01
 8.92778E+01  2.78222E-01
 9.73940E+01  2.55687E-01
 1.05510E+02  2.34578E-01
 1.13626E+02  2.34254E-01
 1.21742E+02  2.45888E-01
 1.29859E+02  2.47550E-01
 1.37975E+02  2.58712E-01
 1.46091E+02  2.52711E-01
 1.54207E+02  2.55293E-01
 1.62323E+02  2.44084E-01
 1.70439E+02  1.97290E-01
 1.78556E+02  1.59206E-01
 1.86672E+02  1.52983E-01
 1.94788E+02  1.77782E-01
 2.02904E+02  1.83389E-01
 2.11020E+02  1.55721E-01
 2.19136E+02  1.24666E-01
 2.27253E+02  1.05635E-01
 2.35369E+02  8.96190E-02
 2.43485E+02  7.14798E-02
 2.51601E+02  5.40481E-02
 2.59717E+02  4.03913E-02
 2.67833E+02  3.02123E-02
 2.75950E+02  2.88871E-02
 2.84066E+02  3.90847E-02
 2.92182E+02  4.04215E-02
 3.00298E+02  2.38935E-02
 3.08414E+02  1.12797E-02
 3.16530E+02  8.08328E-03
 3.24647E+02  7.17542E-03
 3.32763E+02  7.97048E-03
 3.40879E+02  1.11155E-02
 3.48995E+02  1.62817E-02
 3.57111E+02  1.98363E-02
 3.65227E+02  1.69230E-02
 3.73344E+02  1.13178E-02
 3.81460E+02  8.38737E-03
 3.89576E+02  6.46815E-03
 3.97692E+02  4.76967E-03
 4.05808E+02  4.16857E-03
