-2.81697E+02  0.00000E+00
-2.76063E+02  1.40671E-02
-2.70429E+02  1.99024E-02
-2.64795E+02  3.00169E-02
-2.59161E+02  4.29208E-02
-2.53527E+02  5.38544E-02
-2.47893E+02  6.10337E-02
-2.42259E+02  6.69226E-02
-2.36625E+02  7.11516E-02
-2.30992E+02  7.21132E-02
-2.25358E+02  7.24212E-02
-2.19724E+02  7.38915E-02
-2.14090E+02  7.47508E-02
-2.08456E+02  7.75108E-02
-2.02822E+02  8.54480E-02
-1.97188E+02  9.51846E-02
-1.91554E+02  9.90989E-02
-1.85920E+02  9.72325E-02
-1.80286E+02  9.52888E-02
-1.74652E+02  9.59051E-02
-1.69018E+02  9.50505E-02
-1.63384E+02  9.20139E-02
-1.57750E+02  9.33562E-02
-1.52116E+02  9.81026E-02
-1.46482E+02  1.02529E-01
-1.40848E+02  1.07066E-01
-1.35215E+02  1.13380E-01
-1.29581E+02  1.20300E-01
-1.23947E+02  1.25123E-01
-1.18313E+02  1.27267E-01
-1.12679E+02  1.29294E-01
-1.07045E+02  1.29196E-01
-1.01411E+02  1.25679E-01
-9.57770E+01  1.22920E-01
-9.01430E+01  1.24009E-01
-8.45091E+01  1.28241E-01
-7.88752E+01  1.35076E-01
-7.32412E+01  1.45673E-01
-6.76073E+01  1.55438E-01
-6.19733E+01  1.61013E-01
-5.63394E+01  1.64777E-01
-5.07055E+01  1.71660E-01
-4.50715E+01  1.84495E-01
-3.94376E+01  1.98781E-01
-3.38036E+01  2.07693E-01
-2.81697E+01  2.12138E-01
-2.25358E+01  2.18474E-01
-1.69018E+01  2.33521E-01
-1.12679E+01  2.56858E-01
-5.63394E+00  2.80212E-01
 2.70084E-13  2.95346E-01
 5.63394E+00  2.99522E-01
 1.12679E+01  2.96200E-01
 1.69018E+01  2.91180E-01
 2.25358E+01  2.95531E-01
 2.81697E+01  2.98604E-01
 3.38036E+01  2.96818E-01
 3.94376E+01  2.78465E-01
 4.50715E+01  2.39328E-01
 5.07055E+01  1.88838E-01
 5.63394E+01  1.46443E-01
 6.19733E+01  1.23127E-01
 6.76073E+01  1.14650E-01
 7.32412E+01  1.11640E-01
 7.88752E+01  1.08983E-01
 8.45091E+01  1.01750E-01
 9.01430E+01  8.72821E-02
 9.57770E+01  6.97417E-02
 1.01411E+02  5.55125E-02
 1.07045E+02  4.84451E-02
 1.12679E+02  4.83492E-02
 1.18313E+02  4.96692E-02
 1.23947E+02  4.65478E-02
 1.29581E+02  4.01125E-02
 1.35215E+02  3.50899E-02
 1.40848E+02  3.30647E-02
 1.46482E+02  3.28642E-02
 1.52116E+02  3.33189E-02
 1.57750E+02  3.44221E-02
 1.63384E+02  3.69956E-02
 1.69018E+02  4.04038E-02
 1.74652E+02  4.26086E-02
 1.80286E+02  4.39601E-02
 1.85920E+02  4.71645E-02
 1.91554E+02  5.12781E-02
 1.97188E+02  5.15727E-02
 2.02822E+02  4.64414E-02
 2.08456E+02  4.03471E-02
 2.14090E+02  3.79109E-02
 2.19724E+02  4.00666E-02
 2.25358E+02  4.59021E-02
 2.30992E+02  5.13961E-02
 2.36625E+02  5.23785E-02
 2.42259E+02  4.88965E-02
 2.47893E+02  4.21266E-02
 2.53527E+02  3.25812E-02
 2.59161E+02  2.34690E-02
 2.64795E+02  1.79330E-02
 2.70429E+02  1.48071E-02
 2.76063E+02  1.23136E-02
 2.81697E+02  1.03030E-02
