-5.56483E+02  0.00000E+00
-5.45353E+02  5.50026E-13
-5.34224E+02  7.67410E-12
-5.23094E+02  8.83100E-11
-5.11964E+02  8.43735E-10
-5.00835E+02  6.76152E-09
-4.89705E+02  4.61419E-08
-4.78575E+02  2.73789E-07
-4.67446E+02  1.44703E-06
-4.56316E+02  6.93414E-06
-4.45186E+02  3.04317E-05
-4.34057E+02  1.26017E-04
-4.22927E+02  4.53186E-04
-4.11797E+02  1.39165E-03
-4.00668E+02  3.60453E-03
-3.89538E+02  7.82502E-03
-3.78408E+02  1.39996E-02
-3.67279E+02  2.29935E-02
-3.56149E+02  3.43245E-02
-3.45019E+02  5.34772E-02
-3.33890E+02  7.23664E-02
-3.22760E+02  6.21156E-02
-3.11630E+02  5.12038E-02
-3.00501E+02  4.50273E-02
-2.89371E+02  5.11745E-02
-2.78241E+02  6.23144E-02
-2.67112E+02  8.49373E-02
-2.55982E+02  1.13583E-01
-2.44852E+02  1.07026E-01
-2.33723E+02  1.07487E-01
-2.22593E+02  1.22971E-01
-2.11464E+02  1.41300E-01
-2.00334E+02  1.51976E-01
-1.89204E+02  1.56518E-01
-1.78075E+02  1.50126E-01
-1.66945E+02  1.47296E-01
-1.55815E+02  1.52175E-01
-1.44686E+02  1.76327E-01
-1.33556E+02  2.32470E-01
-1.22426E+02  2.66591E-01
-1.11297E+02  2.64338E-01
-1.00167E+02  2.19611E-01
-8.90373E+01  1.93149E-01
-7.79076E+01  2.28223E-01
-6.67779E+01  2.11617E-01
-5.56483E+01  1.97213E-01
-4.45186E+01  2.37135E-01
-3.33890E+01  2.12920E-01
-2.22593E+01  1.55756E-01
-1.11297E+01  1.51984E-01
-3.72529E-13  1.61507E-01
 1.11297E+01  1.54448E-01
 2.22593E+01  1.43123E-01
 3.33890E+01  1.46370E-01
 4.45186E+01  1.30211E-01
 5.56483E+01  8.94073E-02
 6.67779E+01  8.11761E-02
 7.79076E+01  8.48885E-02
 8.90373E+01  7.10487E-02
 1.00167E+02  9.62373E-02
 1.11297E+02  1.16755E-01
 1.22426E+02  8.28335E-02
 1.33556E+02  7.80791E-02
 1.44686E+02  7.86868E-02
 1.55815E+02  6.24715E-02
 1.66945E+02  4.27344E-02
 1.78075E+02  2.41016E-02
 1.89204E+02  1.59923E-02
 2.00334E+02  1.29475E-02
 2.11464E+02  1.02531E-02
 2.22593E+02  6.33749E-03
 2.33723E+02  2.93861E-03
 2.44852E+02  1.90603E-03
 2.55982E+02  2.15713E-03
 2.67112E+02  3.46075E-03
 2.78241E+02  6.52786E-03
 2.89371E+02  1.18589E-02
 3.00501E+02  1.89469E-02
 3.11630E+02  2.95172E-02
 3.22760E+02  4.58556E-02
 3.33890E+02  6.34001E-02
 3.45019E+02  7.47577E-02
 3.56149E+02  9.07971E-02
 3.67279E+02  1.02998E-01
 3.78408E+02  1.19577E-01
 3.89538E+02  1.19499E-01
 4.00668E+02  8.35063E-02
 4.11797E+02  6.30901E-02
 4.22927E+02  5.03971E-02
 4.34057E+02  4.71000E-02
 4.45186E+02  5.86881E-02
 4.56316E+02  6.09777E-02
 4.67446E+02  5.27429E-02
 4.78575E+02  4.17554E-02
 4.89705E+02  2.96545E-02
 5.00835E+02  1.94302E-02
 5.11964E+02  1.18108E-02
 5.23094E+02  6.20671E-03
 5.34224E+02  2.66950E-03
 5.45353E+02  1.13669E-03
 5.56483E+02  4.58764E-04
