-3.67988E+02  0.00000E+00
-3.60629E+02  4.14458E-02
-3.53269E+02  3.63513E-02
-3.45909E+02  3.37183E-02
-3.38549E+02  3.42511E-02
-3.31190E+02  3.09111E-02
-3.23830E+02  2.68387E-02
-3.16470E+02  3.43603E-02
-3.09110E+02  5.70075E-02
-3.01750E+02  8.03064E-02
-2.94391E+02  8.71236E-02
-2.87031E+02  7.97008E-02
-2.79671E+02  7.02403E-02
-2.72311E+02  6.95790E-02
-2.64952E+02  9.20398E-02
-2.57592E+02  1.11643E-01
-2.50232E+02  1.13425E-01
-2.42872E+02  9.79773E-02
-2.35513E+02  8.09246E-02
-2.28153E+02  6.77082E-02
-2.20793E+02  5.32846E-02
-2.13433E+02  4.30200E-02
-2.06073E+02  3.88273E-02
-1.98714E+02  4.52828E-02
-1.91354E+02  7.75131E-02
-1.83994E+02  1.18411E-01
-1.76634E+02  1.30350E-01
-1.69275E+02  1.17039E-01
-1.61915E+02  1.04113E-01
-1.54555E+02  1.12927E-01
-1.47195E+02  1.24440E-01
-1.39836E+02  1.21486E-01
-1.32476E+02  1.23184E-01
-1.25116E+02  1.38210E-01
-1.17756E+02  1.56461E-01
-1.10397E+02  1.72804E-01
-1.03037E+02  1.69347E-01
-9.56770E+01  1.38039E-01
-8.83172E+01  1.22539E-01
-8.09574E+01  1.23704E-01
-7.35977E+01  1.21992E-01
-6.62379E+01  1.24585E-01
-5.88781E+01  1.39533E-01
-5.15184E+01  1.47570E-01
-4.41586E+01  1.46454E-01
-3.67988E+01  1.50885E-01
-2.94391E+01  1.60332E-01
-2.20793E+01  1.65132E-01
-1.47195E+01  1.67992E-01
-7.35977E+00  1.66392E-01
 2.63099E-13  1.56391E-01
 7.35977E+00  1.50531E-01
 1.47195E+01  1.49829E-01
 2.20793E+01  1.51641E-01
 2.94391E+01  1.58472E-01
 3.67988E+01  1.60595E-01
 4.41586E+01  1.48422E-01
 5.15184E+01  1.43222E-01
 5.88781E+01  1.47183E-01
 6.62379E+01  1.58664E-01
 7.35977E+01  1.64288E-01
 8.09574E+01  1.65697E-01
 8.83172E+01  1.79587E-01
 9.56770E+01  1.76789E-01
 1.03037E+02  1.67051E-01
 1.10397E+02  1.67605E-01
 1.17756E+02  1.84327E-01
 1.25116E+02  2.08144E-01
 1.32476E+02  2.03764E-01
 1.39836E+02  1.75316E-01
 1.47195E+02  1.69099E-01
 1.54555E+02  1.67644E-01
 1.61915E+02  1.46883E-01
 1.69275E+02  1.31243E-01
 1.76634E+02  1.44113E-01
 1.83994E+02  1.72676E-01
 1.91354E+02  1.71704E-01
 1.98714E+02  1.37468E-01
 2.06073E+02  1.03055E-01
 2.13433E+02  8.12372E-02
 2.20793E+02  6.81006E-02
 2.28153E+02  7.10584E-02
 2.35513E+02  9.41958E-02
 2.42872E+02  1.10446E-01
 2.50232E+02  9.66412E-02
 2.57592E+02  7.59868E-02
 2.64952E+02  7.04378E-02
 2.72311E+02  7.31625E-02
 2.79671E+02  7.20858E-02
 2.87031E+02  6.55817E-02
 2.94391E+02  5.56517E-02
 3.01750E+02  4.56861E-02
 3.09110E+02  4.36472E-02
 3.16470E+02  5.43803E-02
 3.23830E+02  6.30488E-02
 3.31190E+02  5.29808E-02
 3.38549E+02  3.99233E-02
 3.45909E+02  3.68989E-02
 3.53269E+02  4.00551E-02
 3.60629E+02  4.24535E-02
 3.67988E+02  3.95602E-02
