 7.87260E-05  0.00000E+00
 8.24438E-05  0.00000E+00
 8.63372E-05  0.00000E+00
 9.04145E-05  0.00000E+00
 9.46844E-05  0.00000E+00
 9.91559E-05  0.00000E+00
 1.03839E-04  0.00000E+00
 1.08742E-04  0.00000E+00
 1.13878E-04  0.00000E+00
 1.19256E-04  0.00000E+00
 1.24887E-04  0.00000E+00
 1.30785E-04  0.00000E+00
 1.36962E-04  0.00000E+00
 1.43430E-04  0.00000E+00
 1.50203E-04  0.00000E+00
 1.57297E-04  0.00000E+00
 1.64725E-04  0.00000E+00
 1.72504E-04  0.00000E+00
 1.80651E-04  0.00000E+00
 1.89182E-04  0.00000E+00
 1.98116E-04  0.00000E+00
 2.07472E-04  0.00000E+00
 2.17270E-04  0.00000E+00
 2.27531E-04  0.00000E+00
 2.38276E-04  0.00000E+00
 2.49528E-04  0.00000E+00
 2.61312E-04  0.00000E+00
 2.73653E-04  0.00000E+00
 2.86576E-04  0.00000E+00
 3.00110E-04  0.00000E+00
 3.14283E-04  0.00000E+00
 3.29125E-04  0.00000E+00
 3.44668E-04  0.00000E+00
 3.60945E-04  0.00000E+00
 3.77990E-04  0.00000E+00
 3.95841E-04  0.00000E+00
 4.14535E-04  0.00000E+00
 4.34111E-04  0.00000E+00
 4.54612E-04  0.00000E+00
 4.76081E-04  0.00000E+00
 4.98564E-04  0.00000E+00
 5.22109E-04  0.00000E+00
 5.46766E-04  0.00000E+00
 5.72587E-04  0.00000E+00
 5.99627E-04  0.00000E+00
 6.27945E-04  0.00000E+00
 6.57600E-04  0.00000E+00
 6.88655E-04  0.00000E+00
 7.21177E-04  0.00000E+00
 7.55235E-04  0.00000E+00
 7.90901E-04  0.00000E+00
 8.28251E-04  0.00000E+00
 8.67366E-04  0.00000E+00
 9.08327E-04  0.00000E+00
 9.51223E-04  0.00000E+00
 9.96145E-04  0.00000E+00
 1.04319E-03  0.00000E+00
 1.09245E-03  0.00000E+00
 1.14404E-03  0.00000E+00
 1.19807E-03  0.00000E+00
 1.25465E-03  0.00000E+00
 1.31390E-03  0.00000E+00
 1.37595E-03  0.00000E+00
 1.44093E-03  0.00000E+00
 1.50898E-03  0.00000E+00
 1.58024E-03  0.00000E+00
 1.65487E-03  0.00000E+00
 1.73302E-03  0.00000E+00
 1.81486E-03  0.00000E+00
 1.90057E-03  0.00000E+00
 1.99032E-03  0.00000E+00
 2.08432E-03  0.00000E+00
 2.18275E-03  0.00000E+00
 2.28583E-03  0.00000E+00
 2.39378E-03  0.00000E+00
 2.50683E-03  0.00000E+00
 2.62521E-03  0.00000E+00
 2.74919E-03  0.00000E+00
 2.87902E-03  0.00000E+00
 3.01498E-03  0.00000E+00
 3.15736E-03  0.00000E+00
 3.30647E-03  0.00000E+00
 3.46262E-03  0.00000E+00
 3.62614E-03  0.00000E+00
 3.79739E-03  0.00000E+00
 3.97672E-03  0.00000E+00
 4.16452E-03  0.00000E+00
 4.36119E-03  0.00000E+00
 4.56715E-03  0.00000E+00
 4.78283E-03  0.00000E+00
 5.00870E-03  0.00000E+00
 5.24524E-03  0.00000E+00
 5.49295E-03  0.00000E+00
 5.75235E-03  0.00000E+00
 6.02401E-03  0.00000E+00
 6.30849E-03  0.00000E+00
 6.60641E-03  0.00000E+00
 6.91840E-03  0.00000E+00
 7.24512E-03  0.00000E+00
 7.58728E-03  0.00000E+00
 7.94559E-03  0.00000E+00
 8.32082E-03  0.00000E+00
 8.71377E-03  0.00000E+00
 9.12528E-03  0.00000E+00
 9.55622E-03  0.00000E+00
 1.00075E-02  0.00000E+00
 1.04801E-02  0.00000E+00
 1.09751E-02  0.00000E+00
 1.14934E-02  0.00000E+00
 1.20361E-02  0.00000E+00
 1.26045E-02  0.00000E+00
 1.31998E-02  0.00000E+00
 1.38231E-02  0.00000E+00
 1.44759E-02  0.00000E+00
 1.51596E-02  0.00000E+00
 1.58755E-02  0.00000E+00
 1.66252E-02  0.00000E+00
 1.74103E-02  0.00000E+00
 1.82326E-02  0.00000E+00
 1.90936E-02  0.00000E+00
 1.99953E-02  0.00000E+00
 2.09396E-02  0.00000E+00
 2.19284E-02  0.00000E+00
 2.29640E-02  0.00000E+00
 2.40485E-02  0.00000E+00
 2.51842E-02  0.00000E+00
 2.63735E-02  0.00000E+00
 2.76190E-02  0.00000E+00
 2.89233E-02  0.00000E+00
 3.02892E-02  0.00000E+00
 3.17197E-02  0.00000E+00
 3.32176E-02  0.00000E+00
 3.47863E-02  0.00000E+00
 3.64291E-02  0.00000E+00
 3.81495E-02  0.00000E+00
 3.99511E-02  0.00000E+00
 4.18378E-02  0.00000E+00
 4.38136E-02  0.00000E+00
 4.58827E-02  0.00000E+00
 4.80495E-02  0.00000E+00
 5.03187E-02  0.00000E+00
 5.26950E-02  0.00000E+00
 5.51835E-02  0.00000E+00
 5.77896E-02  0.00000E+00
 6.05187E-02  0.00000E+00
 6.33767E-02  0.00000E+00
 6.63697E-02  0.00000E+00
 6.95040E-02  0.00000E+00
 7.27863E-02  0.00000E+00
 7.62237E-02  0.00000E+00
 7.98234E-02  0.00000E+00
 8.35930E-02  0.00000E+00
 8.75407E-02  0.00000E+00
 9.16749E-02  0.00000E+00
 9.60042E-02  0.00000E+00
 1.00538E-01  0.00000E+00
 1.05286E-01  0.00000E+00
 1.10258E-01  0.00000E+00
 1.15465E-01  0.00000E+00
 1.20918E-01  0.00000E+00
 1.26628E-01  0.00000E+00
 1.32608E-01  0.00000E+00
 1.38871E-01  0.00000E+00
 1.45429E-01  0.00000E+00
 1.52297E-01  0.00000E+00
 1.59489E-01  0.00000E+00
 1.67021E-01  0.00000E+00
 1.74909E-01  6.13178E-16
 1.83169E-01  1.64337E-15
 1.91819E-01  5.24529E-15
 2.00878E-01  2.84918E-15
 2.10364E-01  1.58503E-15
 2.20299E-01  4.84999E-16
 2.30702E-01  2.69340E-16
 2.41597E-01  1.59360E-16
 2.53007E-01  5.64304E-17
 2.64955E-01  1.67773E-17
 2.77468E-01  7.60899E-18
 2.90571E-01  4.44288E-18
 3.04293E-01  1.44329E-18
 3.18664E-01  9.21364E-19
 3.33713E-01  4.00162E-19
 3.49472E-01  1.66318E-19
 3.65976E-01  1.05578E-19
 3.83259E-01  7.44134E-20
 4.01359E-01  8.88549E-20
 4.20313E-01  5.67888E-20
 4.40162E-01  6.36809E-20
 4.60949E-01  6.68723E-20
 4.82718E-01  1.20142E-19
 5.05514E-01  2.34137E-19
 5.29387E-01  8.85815E-19
 5.54387E-01  6.65790E-18
 5.80569E-01  8.50720E-17
 6.07986E-01  2.41707E-15
 6.36698E-01  2.05938E-13
 6.66766E-01  4.38198E-11
 6.98255E-01  1.73187E-07
 7.31230E-01  2.89510E-06
 7.65762E-01  6.52648E-06
 8.01926E-01  7.81557E-06
 8.39797E-01  1.19219E-05
 8.79456E-01  1.27140E-05
 9.07247E-01  1.02608E-05
 9.07353E-01  1.02509E-05
 9.07459E-01  1.02413E-05
 9.07565E-01  1.02318E-05
 9.07671E-01  1.02223E-05
 9.07777E-01  1.02128E-05
 9.07883E-01  1.02032E-05
 9.07989E-01  1.01937E-05
 9.08095E-01  1.01841E-05
 9.08201E-01  1.01746E-05
 9.08308E-01  1.01650E-05
 9.08414E-01  1.01555E-05
 9.08520E-01  1.01459E-05
 9.08626E-01  1.01364E-05
 9.08732E-01  1.01268E-05
 9.08839E-01  1.01173E-05
 9.08945E-01  1.01077E-05
 9.09051E-01  1.00981E-05
 9.09158E-01  1.00885E-05
 9.09264E-01  1.00790E-05
 9.09370E-01  1.00694E-05
 9.09477E-01  1.00598E-05
 9.09583E-01  1.00502E-05
 9.09690E-01  1.00406E-05
 9.09796E-01  1.00310E-05
 9.09903E-01  1.00214E-05
 9.10009E-01  1.00118E-05
 9.10116E-01  1.00022E-05
 9.10222E-01  9.99257E-06
 9.10329E-01  9.98295E-06
 9.10436E-01  9.97333E-06
 9.10542E-01  9.96371E-06
 9.10649E-01  9.95409E-06
 9.10756E-01  9.94446E-06
 9.10862E-01  9.93482E-06
 9.10969E-01  9.92519E-06
 9.11076E-01  9.91555E-06
 9.11183E-01  9.90590E-06
 9.11290E-01  9.89626E-06
 9.11396E-01  9.89350E-06
 9.11503E-01  9.87695E-06
 9.11610E-01  9.86729E-06
 9.11717E-01  9.85763E-06
 9.11824E-01  9.84797E-06
 9.11931E-01  9.83830E-06
 9.12038E-01  9.82863E-06
 9.12145E-01  9.81895E-06
 9.12252E-01  9.80927E-06
 9.12359E-01  9.79959E-06
 9.12466E-01  9.78990E-06
 9.12574E-01  9.78022E-06
 9.12681E-01  9.77052E-06
 9.12788E-01  9.76083E-06
 9.12895E-01  9.75113E-06
 9.13002E-01  9.74142E-06
 9.13110E-01  9.73171E-06
 9.13217E-01  9.72200E-06
 9.13324E-01  9.71229E-06
 9.13432E-01  9.70257E-06
 9.13539E-01  9.69285E-06
 9.13646E-01  9.68312E-06
 9.13754E-01  9.67340E-06
 9.13861E-01  9.66366E-06
 9.13969E-01  9.65393E-06
 9.14076E-01  9.64419E-06
 9.14184E-01  9.63444E-06
 9.14291E-01  9.62470E-06
 9.14399E-01  9.61495E-06
 9.14506E-01  9.60519E-06
 9.14614E-01  9.59544E-06
 9.14722E-01  9.58568E-06
 9.14829E-01  9.57591E-06
 9.14937E-01  9.56614E-06
 9.15045E-01  9.55637E-06
 9.15152E-01  9.54660E-06
 9.15260E-01  9.53682E-06
 9.15368E-01  9.52704E-06
 9.15476E-01  9.51725E-06
 9.15584E-01  9.50746E-06
 9.15692E-01  9.49767E-06
 9.15799E-01  9.48787E-06
 9.15907E-01  9.47807E-06
 9.16015E-01  9.46827E-06
 9.16123E-01  9.45846E-06
 9.16231E-01  9.44865E-06
 9.16339E-01  9.43883E-06
 9.16447E-01  9.42901E-06
 9.16555E-01  9.45773E-06
 9.16664E-01  9.40937E-06
 9.16772E-01  9.39954E-06
 9.16880E-01  9.38971E-06
 9.16988E-01  9.37987E-06
 9.17096E-01  9.37003E-06
 9.17204E-01  9.36019E-06
 9.17313E-01  9.35034E-06
 9.17421E-01  9.34049E-06
 9.17529E-01  9.33063E-06
 9.17638E-01  9.32077E-06
 9.17746E-01  9.31091E-06
 9.17854E-01  9.30105E-06
 9.17963E-01  9.29118E-06
 9.18071E-01  9.34417E-06
 9.18180E-01  9.27143E-06
 9.18288E-01  9.26155E-06
 9.18397E-01  9.25167E-06
 9.18505E-01  9.24178E-06
 9.18614E-01  9.23189E-06
 9.18722E-01  9.22199E-06
 9.18831E-01  9.21210E-06
 9.18940E-01  9.20219E-06
 9.19048E-01  9.19229E-06
 9.19157E-01  9.18238E-06
 9.19266E-01  9.17247E-06
 9.19374E-01  9.16255E-06
 9.19483E-01  9.15263E-06
 9.19592E-01  9.14271E-06
 9.19701E-01  9.13278E-06
 9.19810E-01  9.12285E-06
 9.19918E-01  9.11292E-06
 9.20027E-01  9.64539E-06
 9.20136E-01  9.09304E-06
 9.20245E-01  9.08309E-06
 9.20354E-01  9.07314E-06
 9.20463E-01  9.06319E-06
 9.20572E-01  9.05323E-06
 9.20681E-01  9.04327E-06
 9.20790E-01  9.03331E-06
 9.20899E-01  9.02334E-06
 9.20989E-01  9.01519E-06
 9.21009E-01  9.01722E-06
 9.21118E-01  9.02829E-06
 9.21227E-01  9.03937E-06
 9.21336E-01  9.05070E-06
 9.21445E-01  9.06154E-06
 9.21555E-01  9.07263E-06
 9.21664E-01  9.08525E-06
 9.21773E-01  9.09482E-06
 9.21883E-01  9.10592E-06
 9.21992E-01  9.11703E-06
 9.22101E-01  9.12814E-06
 9.22211E-01  9.13925E-06
 9.22320E-01  9.15037E-06
 9.22430E-01  9.16371E-06
 9.22539E-01  9.17262E-06
 9.22649E-01  9.18374E-06
 9.22758E-01  9.19490E-06
 9.22868E-01  9.20601E-06
 9.22977E-01  9.21724E-06
 9.23087E-01  9.22830E-06
 9.23197E-01  9.23944E-06
 9.23306E-01  9.25060E-06
 9.23416E-01  9.26175E-06
 9.23526E-01  9.27291E-06
 9.23635E-01  9.28436E-06
 9.23745E-01  9.29524E-06
 9.23855E-01  9.30641E-06
 9.23965E-01  9.31873E-06
 9.24075E-01  9.32877E-06
 9.24185E-01  9.33995E-06
 9.24295E-01  9.35113E-06
 9.24404E-01  9.36232E-06
 9.24514E-01  9.37352E-06
 9.24624E-01  9.38472E-06
 9.24734E-01  9.39592E-06
 9.24844E-01  9.40712E-06
 9.24955E-01  9.41834E-06
 9.25065E-01  9.42955E-06
 9.25175E-01  9.44076E-06
 9.25285E-01  9.45240E-06
 9.25395E-01  9.46321E-06
 9.25505E-01  9.47444E-06
 9.25615E-01  9.48567E-06
 9.25726E-01  9.49691E-06
 9.25836E-01  9.50815E-06
 9.25946E-01  9.51940E-06
 9.26057E-01  9.53064E-06
 9.26167E-01  9.54284E-06
 9.26277E-01  9.55331E-06
 9.26388E-01  9.56441E-06
 9.26498E-01  9.59557E-06
 9.26609E-01  9.58694E-06
 9.26719E-01  9.59821E-06
 9.26830E-01  9.60952E-06
 9.26940E-01  9.79047E-06
 9.27051E-01  9.63205E-06
 9.27161E-01  9.64334E-06
 9.27272E-01  9.65463E-06
 9.27383E-01  9.66600E-06
 9.27493E-01  9.67722E-06
 9.27604E-01  9.70253E-06
 9.27715E-01  9.69997E-06
 9.27825E-01  9.78910E-06
 9.27936E-01  9.72366E-06
 9.28047E-01  9.73378E-06
 9.28158E-01  9.74510E-06
 9.28269E-01  9.75643E-06
 9.28380E-01  9.76833E-06
 9.28491E-01  9.77909E-06
 9.28601E-01  9.79111E-06
 9.28712E-01  9.80177E-06
 9.28823E-01  9.82283E-06
 9.28934E-01  9.82569E-06
 9.29045E-01  9.83582E-06
 9.29157E-01  9.95551E-06
 9.29268E-01  9.90428E-06
 9.29379E-01  9.86990E-06
 9.29490E-01  9.88242E-06
 9.29601E-01  9.89581E-06
 9.29712E-01  9.90402E-06
 9.29823E-01  9.91544E-06
 9.29935E-01  9.92679E-06
 9.30046E-01  9.93887E-06
 9.30157E-01  9.94957E-06
 9.30269E-01  9.96097E-06
 9.30380E-01  1.00399E-05
 9.30491E-01  1.01162E-05
 9.30603E-01  1.67870E-05
 9.30714E-01  1.00355E-05
 9.30826E-01  1.04486E-05
 9.30937E-01  1.08722E-05
 9.31049E-01  1.00412E-05
 9.31160E-01  1.05895E-05
 9.31272E-01  1.38029E-05
 9.31383E-01  1.01412E-05
 9.31495E-01  1.33588E-05
 9.31607E-01  1.88870E-05
 9.31718E-01  1.83862E-05
 9.31830E-01  2.04718E-05
 9.31942E-01  3.26324E-05
 9.32054E-01  1.57542E-05
 9.32165E-01  1.52961E-05
 9.32277E-01  4.02668E-05
 9.32389E-01  2.42107E-05
 9.32501E-01  4.00286E-05
 9.32613E-01  3.76223E-05
 9.32725E-01  5.57267E-05
 9.32837E-01  4.02759E-05
 9.32949E-01  6.37552E-05
 9.33061E-01  7.26667E-05
 9.33173E-01  1.12752E-04
 9.33285E-01  1.21656E-04
 9.33397E-01  1.48191E-04
 9.33509E-01  2.12264E-04
 9.33621E-01  1.97343E-04
 9.33733E-01  3.11852E-04
 9.33845E-01  3.87643E-04
 9.33958E-01  4.37568E-04
 9.34070E-01  4.59720E-04
 9.34182E-01  5.81367E-04
 9.34295E-01  5.40966E-04
 9.34407E-01  5.69462E-04
 9.34519E-01  6.13877E-04
 9.34632E-01  5.86767E-04
 9.34744E-01  6.17325E-04
 9.34856E-01  6.15311E-04
 9.34969E-01  4.98411E-04
 9.35081E-01  4.33193E-04
 9.35194E-01  4.19297E-04
 9.35306E-01  3.67572E-04
 9.35419E-01  3.26331E-04
 9.35532E-01  3.47980E-04
 9.35644E-01  2.97282E-04
 9.35757E-01  2.78057E-04
 9.35870E-01  2.56209E-04
 9.35982E-01  2.26539E-04
 9.36095E-01  2.44223E-04
 9.36208E-01  2.41230E-04
 9.36321E-01  2.29528E-04
 9.36433E-01  1.94144E-04
 9.36546E-01  1.59610E-04
 9.36659E-01  1.37829E-04
 9.36772E-01  1.46216E-04
 9.36885E-01  1.50930E-04
 9.36998E-01  1.22391E-04
 9.37111E-01  1.45606E-04
 9.37224E-01  1.21273E-04
 9.37337E-01  1.38746E-04
 9.37450E-01  1.29391E-04
 9.37563E-01  1.20470E-04
 9.37676E-01  1.04269E-04
 9.37789E-01  1.47104E-04
 9.37902E-01  9.37396E-05
 9.38016E-01  1.03097E-04
 9.38129E-01  1.10945E-04
 9.38242E-01  1.03080E-04
 9.38355E-01  1.09373E-04
 9.38469E-01  1.11807E-04
 9.38582E-01  9.53720E-05
 9.38695E-01  8.54588E-05
 9.38809E-01  8.70307E-05
 9.38922E-01  1.02719E-04
 9.39036E-01  8.01768E-05
 9.39149E-01  6.33803E-05
 9.39263E-01  7.15192E-05
 9.39376E-01  6.22073E-05
 9.39490E-01  6.47417E-05
 9.39603E-01  6.72754E-05
 9.39717E-01  6.76427E-05
 9.39830E-01  4.62244E-05
 9.39944E-01  7.32899E-05
 9.40058E-01  5.55053E-05
 9.40172E-01  6.39066E-05
 9.40285E-01  5.56496E-05
 9.40399E-01  6.22660E-05
 9.40513E-01  5.12147E-05
 9.40627E-01  4.82759E-05
 9.40741E-01  5.38123E-05
 9.40854E-01  3.69160E-05
 9.40968E-01  4.08613E-05
 9.41082E-01  3.99767E-05
 9.41196E-01  4.01917E-05
 9.41310E-01  3.79566E-05
 9.41424E-01  4.69153E-05
 9.41538E-01  3.63508E-05
 9.41652E-01  3.88471E-05
 9.41766E-01  2.95826E-05
 9.41881E-01  3.40406E-05
 9.41995E-01  2.69713E-05
 9.42109E-01  2.67119E-05
 9.42223E-01  2.85074E-05
 9.42337E-01  2.69914E-05
 9.42452E-01  2.95819E-05
 9.42566E-01  2.07345E-05
 9.42680E-01  2.33253E-05
 9.42795E-01  2.16957E-05
 9.42909E-01  2.19144E-05
 9.43023E-01  2.05844E-05
 9.43138E-01  2.12319E-05
 9.43252E-01  2.30847E-05
 9.43367E-01  1.97886E-05
 9.43481E-01  1.90516E-05
 9.43596E-01  2.17322E-05
 9.43710E-01  1.64424E-05
 9.43825E-01  1.61147E-05
 9.43940E-01  1.59595E-05
 9.44054E-01  1.80067E-05
 9.44169E-01  1.89300E-05
 9.44284E-01  1.47581E-05
 9.44398E-01  1.50827E-05
 9.44513E-01  1.66627E-05
 9.44628E-01  1.65690E-05
 9.44743E-01  1.36697E-05
 9.44858E-01  1.57918E-05
 9.44973E-01  1.73271E-05
 9.45088E-01  1.94036E-05
 9.45202E-01  1.43761E-05
 9.45317E-01  1.40931E-05
 9.45432E-01  1.47932E-05
 9.45547E-01  1.28078E-05
 9.45662E-01  1.43171E-05
 9.45778E-01  1.25059E-05
 9.45893E-01  1.35332E-05
 9.46008E-01  1.45042E-05
 9.46123E-01  1.29034E-05
 9.46238E-01  1.25290E-05
 9.46353E-01  1.25525E-05
 9.46469E-01  1.24439E-05
 9.46584E-01  1.25507E-05
 9.46699E-01  1.25392E-05
 9.46814E-01  1.28398E-05
 9.46930E-01  1.56548E-05
 9.47045E-01  1.25317E-05
 9.47161E-01  1.22075E-05
 9.47276E-01  1.19384E-05
 9.47392E-01  1.28784E-05
 9.47507E-01  1.20224E-05
 9.47623E-01  1.43342E-05
 9.47738E-01  1.20964E-05
 9.47854E-01  1.26301E-05
 9.47969E-01  1.22006E-05
 9.48085E-01  1.23987E-05
 9.48201E-01  1.18445E-05
 9.48316E-01  1.19958E-05
 9.48432E-01  1.20375E-05
 9.48548E-01  1.20082E-05
 9.48664E-01  1.19159E-05
 9.48779E-01  1.33347E-05
 9.48895E-01  1.19406E-05
 9.49011E-01  1.19242E-05
 9.49127E-01  1.19595E-05
 9.49243E-01  1.20441E-05
 9.49359E-01  1.20075E-05
 9.49475E-01  1.21498E-05
 9.49591E-01  1.20010E-05
 9.49707E-01  1.19899E-05
 9.49823E-01  1.19891E-05
 9.49939E-01  1.20064E-05
 9.50055E-01  1.20182E-05
 9.50171E-01  1.20199E-05
 9.50287E-01  1.22380E-05
 9.50404E-01  1.21681E-05
 9.50520E-01  1.20618E-05
 9.50636E-01  1.20739E-05
 9.50752E-01  1.20869E-05
 9.50869E-01  1.20944E-05
 9.50985E-01  1.21144E-05
 9.51102E-01  1.30700E-05
 9.51218E-01  1.21434E-05
 9.51334E-01  1.21411E-05
 9.51451E-01  1.21547E-05
 9.51567E-01  1.21732E-05
 9.51684E-01  1.21775E-05
 9.51800E-01  1.22091E-05
 9.51917E-01  1.52553E-05
 9.52034E-01  1.28736E-05
 9.52150E-01  1.22434E-05
 9.52267E-01  1.22391E-05
 9.52384E-01  1.22492E-05
 9.52500E-01  1.22814E-05
 9.52617E-01  1.22733E-05
 9.52734E-01  1.22857E-05
 9.52851E-01  1.22977E-05
 9.52967E-01  1.23111E-05
 9.53084E-01  1.23224E-05
 9.53201E-01  1.23345E-05
 9.53318E-01  1.23467E-05
 9.53435E-01  1.23592E-05
 9.53552E-01  1.23728E-05
 9.53669E-01  1.48328E-05
 9.53786E-01  1.23971E-05
 9.53903E-01  1.24079E-05
 9.54020E-01  1.24203E-05
 9.54137E-01  1.24324E-05
 9.54254E-01  1.24446E-05
 9.54372E-01  1.24569E-05
 9.54489E-01  1.34215E-05
 9.54606E-01  1.24821E-05
 9.54723E-01  1.24938E-05
 9.54841E-01  1.25060E-05
 9.54958E-01  1.25183E-05
 9.55075E-01  1.25380E-05
 9.55193E-01  1.25429E-05
 9.55310E-01  1.25553E-05
 9.55428E-01  1.40884E-05
 9.55545E-01  1.25799E-05
 9.55663E-01  1.25921E-05
 9.55780E-01  1.26045E-05
 9.55898E-01  1.26168E-05
 9.56015E-01  1.26292E-05
 9.56133E-01  1.26415E-05
 9.56250E-01  1.26538E-05
 9.56368E-01  1.26661E-05
 9.56486E-01  1.27374E-05
 9.56604E-01  1.26908E-05
 9.56721E-01  1.27032E-05
 9.56839E-01  1.27156E-05
 9.56957E-01  1.27279E-05
 9.57075E-01  1.34422E-05
 9.57193E-01  1.27527E-05
 9.57310E-01  1.27650E-05
 9.57428E-01  1.27774E-05
 9.57546E-01  1.27898E-05
 9.57664E-01  1.28022E-05
 9.57782E-01  1.28146E-05
 9.57900E-01  1.28270E-05
 9.58018E-01  1.28394E-05
 9.58137E-01  1.28518E-05
 9.58255E-01  1.28642E-05
 9.58373E-01  1.28767E-05
 9.58491E-01  1.35161E-05
 9.58609E-01  1.29015E-05
 9.58728E-01  1.29139E-05
 9.58846E-01  1.29264E-05
 9.58964E-01  1.29388E-05
 9.59082E-01  1.29513E-05
 9.59201E-01  1.29637E-05
 9.59319E-01  1.29762E-05
 9.59438E-01  1.29886E-05
 9.59556E-01  1.38052E-05
 9.59675E-01  1.30135E-05
 9.59793E-01  1.30260E-05
 9.59912E-01  1.30385E-05
 9.60030E-01  1.33046E-05
 9.60149E-01  1.32234E-05
 9.60267E-01  1.31092E-05
 9.60386E-01  1.30884E-05
 9.60505E-01  1.41186E-05
 9.60624E-01  1.31134E-05
 9.60742E-01  1.31259E-05
 9.60861E-01  1.31385E-05
 9.60980E-01  1.31510E-05
 9.61099E-01  1.31635E-05
 9.61218E-01  1.31760E-05
 9.61336E-01  1.31885E-05
 9.61455E-01  1.32011E-05
 9.61574E-01  1.32136E-05
 9.61693E-01  1.32262E-05
 9.61812E-01  1.32387E-05
 9.61931E-01  1.32513E-05
 9.62050E-01  1.32638E-05
 9.62170E-01  1.32766E-05
 9.62289E-01  1.32889E-05
 9.62408E-01  1.33015E-05
 9.62527E-01  1.33141E-05
 9.62646E-01  1.33267E-05
 9.62765E-01  1.33392E-05
 9.62885E-01  1.33518E-05
 9.63004E-01  1.33644E-05
 9.63123E-01  1.33770E-05
 9.63243E-01  1.33896E-05
 9.63362E-01  1.42559E-05
 9.64483E-01  1.35206E-05
 1.01003E+00  1.70225E-05
 1.05773E+00  1.85711E-05
 1.10768E+00  2.00602E-05
 1.15999E+00  2.05846E-05
 1.21477E+00  2.20223E-05
 1.27214E+00  2.19040E-05
 1.33222E+00  2.14435E-05
 1.39513E+00  2.03635E-05
 1.46102E+00  1.86291E-05
 1.53001E+00  1.80641E-05
 1.60227E+00  1.71875E-05
 1.67794E+00  1.65475E-05
 1.75718E+00  1.56982E-05
 1.84016E+00  1.54319E-05
 1.92706E+00  1.62336E-05
 2.01807E+00  1.75276E-05
 2.11337E+00  1.80189E-05
 2.21318E+00  1.91241E-05
 2.31769E+00  2.05602E-05
 2.42715E+00  2.05307E-05
 2.54177E+00  2.13104E-05
 2.66180E+00  2.25220E-05
 2.78751E+00  2.36020E-05
 2.91915E+00  3.57753E-05
 3.05701E+00  4.70359E-05
 3.20137E+00  5.02186E-05
 3.35256E+00  5.20606E-05
 3.51089E+00  5.64746E-05
 3.67669E+00  5.53374E-05
 3.85032E+00  5.90409E-05
 4.03215E+00  5.77713E-05
 4.22257E+00  6.12172E-05
 4.42198E+00  6.23010E-05
 4.63081E+00  6.27498E-05
 4.84950E+00  6.59283E-05
 5.07852E+00  6.53327E-05
 5.31836E+00  6.65690E-05
 5.56952E+00  6.61541E-05
 5.83254E+00  6.92845E-05
 6.10798E+00  7.13593E-05
 6.39643E+00  7.18898E-05
 6.69850E+00  7.30675E-05
 7.01484E+00  7.66086E-05
 7.34612E+00  7.90115E-05
 7.69304E+00  8.05273E-05
 8.05634E+00  8.16878E-05
 8.43681E+00  8.06013E-05
 8.83524E+00  8.17188E-05
 9.25248E+00  8.46051E-05
 9.68943E+00  8.39159E-05
 1.01470E+01  8.40594E-05
 1.06262E+01  8.70245E-05
 1.11280E+01  8.97301E-05
 1.16536E+01  8.83346E-05
 1.22039E+01  9.23985E-05
 1.27802E+01  8.99923E-05
 1.33838E+01  8.68070E-05
 1.40158E+01  8.79852E-05
 1.46777E+01  8.16551E-05
 1.53709E+01  8.00284E-05
 1.60968E+01  7.59030E-05
 1.68570E+01  7.52067E-05
 1.76530E+01  6.88356E-05
 1.84867E+01  6.34498E-05
 1.93597E+01  6.03210E-05
 2.02740E+01  6.17560E-05
 2.12315E+01  5.80318E-05
 2.22341E+01  5.90673E-05
 2.32841E+01  5.48047E-05
 2.43837E+01  4.98208E-05
 2.55352E+01  4.87816E-05
 2.67412E+01  4.50087E-05
 2.80040E+01  4.49323E-05
 2.93265E+01  4.09341E-05
 3.07115E+01  3.99962E-05
 3.21618E+01  3.45540E-05
 3.36807E+01  3.25598E-05
 3.52712E+01  2.92490E-05
 3.69369E+01  2.85469E-05
 3.86813E+01  2.47777E-05
 4.05080E+01  2.85316E-05
 4.24210E+01  2.61919E-05
 4.44243E+01  2.49361E-05
 4.65223E+01  1.98617E-05
 4.87193E+01  2.29259E-05
 5.10201E+01  2.05936E-05
 5.34295E+01  1.67484E-05
 5.59527E+01  1.88913E-05
 5.85951E+01  1.59444E-05
 6.13623E+01  1.72461E-05
 6.42601E+01  1.56467E-05
 6.72948E+01  1.47757E-05
 7.04728E+01  1.41753E-05
 7.38009E+01  1.18366E-05
 7.72862E+01  1.36321E-05
 8.09361E+01  1.51818E-05
 8.47583E+01  1.27077E-05
 8.87610E+01  2.25772E-05
 9.29528E+01  3.71707E-05
 9.73425E+01  5.44117E-05
 1.01939E+02  9.05050E-05
 1.06754E+02  1.62685E-04
 1.11795E+02  2.73742E-04
 1.17075E+02  4.61400E-04
 1.22603E+02  7.56876E-04
 1.28393E+02  1.22431E-03
 1.34457E+02  1.97359E-03
 1.40807E+02  2.95056E-03
 1.47456E+02  4.60246E-03
 1.54420E+02  6.70660E-03
 1.61712E+02  9.91068E-03
 1.69349E+02  1.41260E-02
 1.77347E+02  1.97810E-02
 1.85722E+02  2.72414E-02
 1.94493E+02  3.68334E-02
 2.03678E+02  4.91493E-02
 2.13297E+02  6.43422E-02
 2.23369E+02  8.30157E-02
 2.33918E+02  1.05252E-01
 2.44965E+02  1.30820E-01
 2.56533E+02  1.60009E-01
 2.68648E+02  1.92834E-01
 2.81335E+02  2.27501E-01
 2.94621E+02  2.65271E-01
 3.08535E+02  3.03596E-01
 3.23106E+02  3.42294E-01
 3.38364E+02  3.80202E-01
 3.54344E+02  4.16108E-01
 3.71078E+02  4.49183E-01
 3.88602E+02  4.79324E-01
 4.06954E+02  5.03396E-01
 4.26172E+02  5.23037E-01
 4.46298E+02  5.37132E-01
 4.67375E+02  5.48227E-01
 4.89446E+02  5.50237E-01
 5.12561E+02  5.47909E-01
 5.36766E+02  5.41779E-01
 5.62115E+02  5.30658E-01
 5.88661E+02  5.13416E-01
 6.16461E+02  4.94740E-01
 6.45573E+02  4.71838E-01
 6.76061E+02  4.46764E-01
 7.07988E+02  4.22290E-01
 7.41423E+02  3.93282E-01
 7.76437E+02  3.65657E-01
 8.13104E+02  3.39471E-01
 8.51503E+02  3.09985E-01
 8.91715E+02  2.84051E-01
 9.33827E+02  2.59301E-01
 9.77927E+02  2.34028E-01
 1.02411E+03  2.11277E-01
 1.07247E+03  1.89544E-01
 1.12312E+03  1.68570E-01
 1.17616E+03  1.50586E-01
 1.23171E+03  1.33560E-01
 1.28987E+03  1.16891E-01
 1.35079E+03  1.02812E-01
 1.41458E+03  8.99290E-02
 1.48138E+03  7.86436E-02
 1.55134E+03  6.87326E-02
 1.62460E+03  5.88337E-02
 1.70133E+03  5.03269E-02
 1.78167E+03  4.36532E-02
 1.86581E+03  3.79039E-02
 1.95392E+03  3.18631E-02
 2.04620E+03  2.76273E-02
 2.14283E+03  2.34052E-02
 2.24403E+03  1.98344E-02
 2.35000E+03  1.65666E-02
 2.46098E+03  1.42317E-02
 2.57720E+03  1.19028E-02
 2.69891E+03  1.04819E-02
 2.82636E+03  8.70428E-03
 2.95984E+03  7.13551E-03
 3.09962E+03  6.23634E-03
 3.24600E+03  5.28107E-03
 3.39929E+03  4.40098E-03
 3.55982E+03  3.66605E-03
 3.72794E+03  3.27822E-03
 3.90399E+03  2.53045E-03
 4.08836E+03  2.31822E-03
 4.28143E+03  1.65663E-03
 4.48362E+03  1.72766E-03
 4.69536E+03  1.23584E-03
 4.91710E+03  1.00283E-03
 5.14931E+03  6.77847E-04
 5.39249E+03  5.75341E-04
 5.64715E+03  4.74317E-04
 5.91384E+03  5.32206E-04
 6.19312E+03  3.66211E-04
 6.48559E+03  4.74712E-04
 6.79188E+03  3.82275E-04
 7.11262E+03  3.60413E-04
 7.44852E+03  1.46631E-04
