 7.87260E-05  0.00000E+00
 8.24438E-05  0.00000E+00
 8.63372E-05  0.00000E+00
 9.04145E-05  0.00000E+00
 9.46844E-05  0.00000E+00
 9.91559E-05  0.00000E+00
 1.03839E-04  0.00000E+00
 1.08742E-04  0.00000E+00
 1.13878E-04  0.00000E+00
 1.19256E-04  0.00000E+00
 1.24887E-04  0.00000E+00
 1.30785E-04  0.00000E+00
 1.36962E-04  0.00000E+00
 1.43430E-04  0.00000E+00
 1.50203E-04  0.00000E+00
 1.57297E-04  0.00000E+00
 1.64725E-04  0.00000E+00
 1.72504E-04  0.00000E+00
 1.80651E-04  0.00000E+00
 1.89182E-04  0.00000E+00
 1.98116E-04  0.00000E+00
 2.07472E-04  0.00000E+00
 2.17270E-04  0.00000E+00
 2.27531E-04  0.00000E+00
 2.38276E-04  0.00000E+00
 2.49528E-04  0.00000E+00
 2.61312E-04  0.00000E+00
 2.73653E-04  0.00000E+00
 2.86576E-04  0.00000E+00
 3.00110E-04  0.00000E+00
 3.14283E-04  0.00000E+00
 3.29125E-04  0.00000E+00
 3.44668E-04  0.00000E+00
 3.60945E-04  0.00000E+00
 3.77990E-04  0.00000E+00
 3.95841E-04  0.00000E+00
 4.14535E-04  0.00000E+00
 4.34111E-04  0.00000E+00
 4.54612E-04  0.00000E+00
 4.76081E-04  0.00000E+00
 4.98564E-04  0.00000E+00
 5.22109E-04  0.00000E+00
 5.46766E-04  0.00000E+00
 5.72587E-04  0.00000E+00
 5.99627E-04  0.00000E+00
 6.27945E-04  0.00000E+00
 6.57600E-04  0.00000E+00
 6.88655E-04  0.00000E+00
 7.21177E-04  0.00000E+00
 7.55235E-04  0.00000E+00
 7.90901E-04  0.00000E+00
 8.28251E-04  0.00000E+00
 8.67366E-04  0.00000E+00
 9.08327E-04  0.00000E+00
 9.51223E-04  0.00000E+00
 9.96145E-04  0.00000E+00
 1.04319E-03  0.00000E+00
 1.09245E-03  0.00000E+00
 1.14404E-03  0.00000E+00
 1.19807E-03  0.00000E+00
 1.25465E-03  0.00000E+00
 1.31390E-03  0.00000E+00
 1.37595E-03  0.00000E+00
 1.44093E-03  0.00000E+00
 1.50898E-03  0.00000E+00
 1.58024E-03  0.00000E+00
 1.65487E-03  0.00000E+00
 1.73302E-03  0.00000E+00
 1.81486E-03  0.00000E+00
 1.90057E-03  0.00000E+00
 1.99032E-03  0.00000E+00
 2.08432E-03  0.00000E+00
 2.18275E-03  0.00000E+00
 2.28583E-03  0.00000E+00
 2.39378E-03  0.00000E+00
 2.50683E-03  0.00000E+00
 2.62521E-03  0.00000E+00
 2.74919E-03  0.00000E+00
 2.87902E-03  0.00000E+00
 3.01498E-03  0.00000E+00
 3.15736E-03  0.00000E+00
 3.30647E-03  0.00000E+00
 3.46262E-03  0.00000E+00
 3.62614E-03  0.00000E+00
 3.79739E-03  0.00000E+00
 3.97672E-03  0.00000E+00
 4.16452E-03  0.00000E+00
 4.36119E-03  0.00000E+00
 4.56715E-03  0.00000E+00
 4.78283E-03  0.00000E+00
 5.00870E-03  0.00000E+00
 5.24524E-03  0.00000E+00
 5.49295E-03  0.00000E+00
 5.75235E-03  0.00000E+00
 6.02401E-03  0.00000E+00
 6.30849E-03  0.00000E+00
 6.60641E-03  0.00000E+00
 6.91840E-03  0.00000E+00
 7.24512E-03  0.00000E+00
 7.58728E-03  0.00000E+00
 7.94559E-03  0.00000E+00
 8.32082E-03  0.00000E+00
 8.71377E-03  0.00000E+00
 9.12528E-03  0.00000E+00
 9.55622E-03  0.00000E+00
 1.00075E-02  0.00000E+00
 1.04801E-02  0.00000E+00
 1.09751E-02  0.00000E+00
 1.14934E-02  0.00000E+00
 1.20361E-02  0.00000E+00
 1.26045E-02  0.00000E+00
 1.31998E-02  0.00000E+00
 1.38231E-02  0.00000E+00
 1.44759E-02  0.00000E+00
 1.51596E-02  0.00000E+00
 1.58755E-02  0.00000E+00
 1.66252E-02  0.00000E+00
 1.74103E-02  0.00000E+00
 1.82326E-02  0.00000E+00
 1.90936E-02  0.00000E+00
 1.99953E-02  0.00000E+00
 2.09396E-02  0.00000E+00
 2.19284E-02  0.00000E+00
 2.29640E-02  0.00000E+00
 2.40485E-02  0.00000E+00
 2.51842E-02  0.00000E+00
 2.63735E-02  0.00000E+00
 2.76190E-02  0.00000E+00
 2.89233E-02  0.00000E+00
 3.02892E-02  0.00000E+00
 3.17197E-02  0.00000E+00
 3.32176E-02  0.00000E+00
 3.47863E-02  0.00000E+00
 3.64291E-02  0.00000E+00
 3.81495E-02  0.00000E+00
 3.99511E-02  0.00000E+00
 4.18378E-02  0.00000E+00
 4.38136E-02  0.00000E+00
 4.58827E-02  0.00000E+00
 4.80495E-02  0.00000E+00
 5.03187E-02  0.00000E+00
 5.26950E-02  0.00000E+00
 5.51835E-02  0.00000E+00
 5.77896E-02  0.00000E+00
 6.05187E-02  0.00000E+00
 6.33767E-02  0.00000E+00
 6.63697E-02  0.00000E+00
 6.95040E-02  0.00000E+00
 7.27863E-02  0.00000E+00
 7.62237E-02  0.00000E+00
 7.98234E-02  0.00000E+00
 8.35930E-02  0.00000E+00
 8.75407E-02  0.00000E+00
 9.16749E-02  0.00000E+00
 9.60042E-02  0.00000E+00
 1.00538E-01  0.00000E+00
 1.05286E-01  0.00000E+00
 1.10258E-01  0.00000E+00
 1.15465E-01  0.00000E+00
 1.20918E-01  0.00000E+00
 1.26628E-01  0.00000E+00
 1.32608E-01  9.23617E-19
 1.38871E-01  0.00000E+00
 1.45429E-01  0.00000E+00
 1.52297E-01  0.00000E+00
 1.59489E-01  0.00000E+00
 1.67021E-01  0.00000E+00
 1.74909E-01  2.19592E-15
 1.83169E-01  7.05357E-15
 1.91819E-01  2.66566E-14
 2.00878E-01  2.03095E-14
 2.10364E-01  8.96361E-15
 2.20299E-01  2.97403E-15
 2.30702E-01  1.40696E-15
 2.41597E-01  1.11508E-15
 2.53007E-01  4.03252E-16
 2.64955E-01  1.24369E-16
 2.77468E-01  6.27351E-17
 2.90571E-01  3.05642E-17
 3.04293E-01  1.40485E-17
 3.18664E-01  8.23531E-18
 3.33713E-01  2.93836E-18
 3.49472E-01  1.32405E-18
 3.65976E-01  7.77222E-19
 3.83259E-01  4.73198E-19
 4.01359E-01  6.07312E-19
 4.20313E-01  3.44770E-19
 4.40162E-01  3.74571E-19
 4.60949E-01  4.12614E-19
 4.82718E-01  7.42042E-19
 5.05514E-01  1.53967E-18
 5.29387E-01  5.34796E-18
 5.54387E-01  3.93209E-17
 5.80569E-01  4.84388E-16
 6.07986E-01  1.24688E-14
 6.36698E-01  1.00049E-12
 6.66766E-01  2.33038E-10
 6.98255E-01  4.10826E-06
 7.31230E-01  4.25675E-05
 7.65762E-01  5.75849E-05
 8.01926E-01  6.34416E-05
 8.39797E-01  7.73779E-05
 8.79456E-01  8.19794E-05
 9.07247E-01  7.99769E-05
 9.07353E-01  7.35174E-05
 9.07459E-01  7.34846E-05
 9.07565E-01  7.34518E-05
 9.07671E-01  7.34190E-05
 9.07777E-01  7.33862E-05
 9.07883E-01  7.33534E-05
 9.07989E-01  7.33205E-05
 9.08095E-01  7.32877E-05
 9.08201E-01  7.32548E-05
 9.08308E-01  7.32219E-05
 9.08414E-01  7.31890E-05
 9.08520E-01  7.31561E-05
 9.08626E-01  7.31232E-05
 9.08732E-01  7.30905E-05
 9.08839E-01  7.30574E-05
 9.08945E-01  7.30244E-05
 9.09051E-01  7.29914E-05
 9.09158E-01  7.29584E-05
 9.09264E-01  7.29255E-05
 9.09370E-01  7.28924E-05
 9.09477E-01  7.28594E-05
 9.09583E-01  7.28264E-05
 9.09690E-01  7.27934E-05
 9.09796E-01  7.27603E-05
 9.09903E-01  7.27272E-05
 9.10009E-01  7.26941E-05
 9.10116E-01  7.26611E-05
 9.10222E-01  7.26279E-05
 9.10329E-01  7.25948E-05
 9.10436E-01  7.25617E-05
 9.10542E-01  7.25286E-05
 9.10649E-01  7.24954E-05
 9.10756E-01  7.24622E-05
 9.10862E-01  7.24290E-05
 9.10969E-01  7.23958E-05
 9.11076E-01  7.23626E-05
 9.11183E-01  7.23294E-05
 9.11290E-01  7.22962E-05
 9.11396E-01  7.22629E-05
 9.11503E-01  7.22297E-05
 9.11610E-01  7.21964E-05
 9.11717E-01  7.21631E-05
 9.11824E-01  7.21298E-05
 9.11931E-01  7.20965E-05
 9.12038E-01  7.20632E-05
 9.12145E-01  7.20299E-05
 9.12252E-01  7.19965E-05
 9.12359E-01  7.19632E-05
 9.12466E-01  7.19298E-05
 9.12574E-01  7.18964E-05
 9.12681E-01  7.18630E-05
 9.12788E-01  7.18296E-05
 9.12895E-01  7.17962E-05
 9.13002E-01  7.17627E-05
 9.13110E-01  7.17293E-05
 9.13217E-01  7.16958E-05
 9.13324E-01  7.16623E-05
 9.13432E-01  7.16289E-05
 9.13539E-01  7.15954E-05
 9.13646E-01  7.15618E-05
 9.13754E-01  7.15283E-05
 9.13861E-01  7.14948E-05
 9.13969E-01  7.14612E-05
 9.14076E-01  7.14277E-05
 9.14184E-01  7.13941E-05
 9.14291E-01  7.13605E-05
 9.14399E-01  7.13269E-05
 9.14506E-01  7.13006E-05
 9.14614E-01  7.12596E-05
 9.14722E-01  7.12260E-05
 9.14829E-01  7.11923E-05
 9.14937E-01  7.11587E-05
 9.15045E-01  7.11311E-05
 9.15152E-01  7.10913E-05
 9.15260E-01  7.10576E-05
 9.15368E-01  7.10239E-05
 9.15476E-01  7.09901E-05
 9.15584E-01  7.09564E-05
 9.15692E-01  7.09226E-05
 9.15799E-01  7.08889E-05
 9.15907E-01  7.08551E-05
 9.16015E-01  7.08213E-05
 9.16123E-01  7.07875E-05
 9.16231E-01  7.07537E-05
 9.16339E-01  7.07198E-05
 9.16447E-01  7.06860E-05
 9.16555E-01  7.06521E-05
 9.16664E-01  7.06182E-05
 9.16772E-01  7.05843E-05
 9.16880E-01  7.05504E-05
 9.16988E-01  7.05165E-05
 9.17096E-01  7.04826E-05
 9.17204E-01  7.04487E-05
 9.17313E-01  7.04147E-05
 9.17421E-01  7.03808E-05
 9.17529E-01  7.03468E-05
 9.17638E-01  7.03128E-05
 9.17746E-01  7.48577E-05
 9.17854E-01  7.02448E-05
 9.17963E-01  7.02107E-05
 9.18071E-01  7.01767E-05
 9.18180E-01  7.01426E-05
 9.18288E-01  7.01086E-05
 9.18397E-01  7.00745E-05
 9.18505E-01  7.00404E-05
 9.18614E-01  7.00063E-05
 9.18722E-01  6.99722E-05
 9.18831E-01  6.99380E-05
 9.18940E-01  6.99039E-05
 9.19048E-01  6.98697E-05
 9.19157E-01  6.98355E-05
 9.19266E-01  6.98013E-05
 9.19374E-01  6.97671E-05
 9.19483E-01  6.97329E-05
 9.19592E-01  6.96987E-05
 9.19701E-01  6.96645E-05
 9.19810E-01  6.96302E-05
 9.19918E-01  6.95959E-05
 9.20027E-01  6.95617E-05
 9.20136E-01  6.95274E-05
 9.20245E-01  6.94931E-05
 9.20354E-01  6.94587E-05
 9.20463E-01  6.94244E-05
 9.20572E-01  6.93901E-05
 9.20681E-01  6.93557E-05
 9.20790E-01  6.93213E-05
 9.20899E-01  6.92870E-05
 9.20989E-01  6.92588E-05
 9.21009E-01  6.92664E-05
 9.21118E-01  6.93075E-05
 9.21227E-01  6.93487E-05
 9.21336E-01  6.93899E-05
 9.21445E-01  6.94311E-05
 9.21555E-01  6.94723E-05
 9.21664E-01  6.96007E-05
 9.21773E-01  6.95548E-05
 9.21883E-01  6.95960E-05
 9.21992E-01  6.96373E-05
 9.22101E-01  6.96786E-05
 9.22211E-01  6.97198E-05
 9.22320E-01  6.97612E-05
 9.22430E-01  6.98025E-05
 9.22539E-01  6.98438E-05
 9.22649E-01  6.98852E-05
 9.22758E-01  7.01077E-05
 9.22868E-01  6.99679E-05
 9.22977E-01  7.00093E-05
 9.23087E-01  7.00507E-05
 9.23197E-01  7.00921E-05
 9.23306E-01  7.06148E-05
 9.23416E-01  7.01750E-05
 9.23526E-01  7.02164E-05
 9.23635E-01  7.02579E-05
 9.23745E-01  7.02994E-05
 9.23855E-01  7.03409E-05
 9.23965E-01  7.03824E-05
 9.24075E-01  7.04239E-05
 9.24185E-01  7.04658E-05
 9.24295E-01  7.05070E-05
 9.24404E-01  7.05486E-05
 9.24514E-01  7.05902E-05
 9.24624E-01  7.06318E-05
 9.24734E-01  7.47673E-05
 9.24844E-01  7.07150E-05
 9.24955E-01  7.07567E-05
 9.25065E-01  7.07983E-05
 9.25175E-01  7.08400E-05
 9.25285E-01  7.08817E-05
 9.25395E-01  7.09234E-05
 9.25505E-01  7.09651E-05
 9.25615E-01  7.26535E-05
 9.25726E-01  7.10485E-05
 9.25836E-01  7.10903E-05
 9.25946E-01  7.11320E-05
 9.26057E-01  7.11738E-05
 9.26167E-01  7.12156E-05
 9.26277E-01  7.12574E-05
 9.26388E-01  7.13536E-05
 9.26498E-01  7.13411E-05
 9.26609E-01  7.13829E-05
 9.26719E-01  7.14248E-05
 9.26830E-01  7.14666E-05
 9.26940E-01  7.15085E-05
 9.27051E-01  7.15504E-05
 9.27161E-01  7.22804E-05
 9.27272E-01  7.16343E-05
 9.27383E-01  7.80577E-05
 9.27493E-01  7.27310E-05
 9.27604E-01  7.17602E-05
 9.27715E-01  7.18028E-05
 9.27825E-01  7.18447E-05
 9.27936E-01  7.19354E-05
 9.28047E-01  7.79625E-05
 9.28158E-01  7.21280E-05
 9.28269E-01  7.20136E-05
 9.28380E-01  7.20544E-05
 9.28491E-01  7.20966E-05
 9.28601E-01  7.43316E-05
 9.28712E-01  7.21807E-05
 9.28823E-01  7.22228E-05
 9.28934E-01  7.22649E-05
 9.29045E-01  7.23071E-05
 9.29157E-01  7.23493E-05
 9.29268E-01  7.23914E-05
 9.29379E-01  7.24336E-05
 9.29490E-01  7.86926E-05
 9.29601E-01  7.25181E-05
 9.29712E-01  7.25603E-05
 9.29823E-01  7.84309E-05
 9.29935E-01  7.71227E-05
 9.30046E-01  7.31885E-05
 9.30157E-01  7.27783E-05
 9.30269E-01  7.52094E-05
 9.30380E-01  8.58614E-05
 9.30491E-01  8.10036E-05
 9.30603E-01  7.53905E-05
 9.30714E-01  7.29411E-05
 9.30826E-01  8.48941E-05
 9.30937E-01  9.65767E-05
 9.31049E-01  9.07094E-05
 9.31160E-01  8.76792E-05
 9.31272E-01  1.22843E-04
 9.31383E-01  1.11170E-04
 9.31495E-01  1.18383E-04
 9.31607E-01  1.45787E-04
 9.31718E-01  1.36513E-04
 9.31830E-01  1.77773E-04
 9.31942E-01  2.22733E-04
 9.32054E-01  2.57485E-04
 9.32165E-01  2.76697E-04
 9.32277E-01  2.14617E-04
 9.32389E-01  3.00318E-04
 9.32501E-01  4.41145E-04
 9.32613E-01  4.22444E-04
 9.32725E-01  5.10174E-04
 9.32837E-01  5.45114E-04
 9.32949E-01  6.01911E-04
 9.33061E-01  7.96664E-04
 9.33173E-01  7.50038E-04
 9.33285E-01  1.09610E-03
 9.33397E-01  1.07702E-03
 9.33509E-01  1.33241E-03
 9.33621E-01  1.30269E-03
 9.33733E-01  1.74570E-03
 9.33845E-01  1.76277E-03
 9.33958E-01  1.95978E-03
 9.34070E-01  2.13500E-03
 9.34182E-01  2.21783E-03
 9.34295E-01  2.64849E-03
 9.34407E-01  2.73990E-03
 9.34519E-01  2.77619E-03
 9.34632E-01  2.81406E-03
 9.34744E-01  2.81658E-03
 9.34856E-01  2.65896E-03
 9.34969E-01  2.66144E-03
 9.35081E-01  2.56473E-03
 9.35194E-01  2.59886E-03
 9.35306E-01  2.14836E-03
 9.35419E-01  1.95519E-03
 9.35532E-01  2.09464E-03
 9.35644E-01  1.85398E-03
 9.35757E-01  1.79404E-03
 9.35870E-01  1.86065E-03
 9.35982E-01  1.73524E-03
 9.36095E-01  1.47209E-03
 9.36208E-01  1.51589E-03
 9.36321E-01  1.38819E-03
 9.36433E-01  1.40445E-03
 9.36546E-01  1.39797E-03
 9.36659E-01  1.04452E-03
 9.36772E-01  1.19494E-03
 9.36885E-01  1.13994E-03
 9.36998E-01  1.06501E-03
 9.37111E-01  1.00863E-03
 9.37224E-01  1.00654E-03
 9.37337E-01  9.05766E-04
 9.37450E-01  8.89356E-04
 9.37563E-01  9.57198E-04
 9.37676E-01  7.61599E-04
 9.37789E-01  8.76266E-04
 9.37902E-01  9.08044E-04
 9.38016E-01  8.54395E-04
 9.38129E-01  6.96570E-04
 9.38242E-01  8.32633E-04
 9.38355E-01  7.11957E-04
 9.38469E-01  6.78902E-04
 9.38582E-01  8.33056E-04
 9.38695E-01  7.32826E-04
 9.38809E-01  8.04239E-04
 9.38922E-01  7.14879E-04
 9.39036E-01  7.32326E-04
 9.39149E-01  6.61305E-04
 9.39263E-01  6.36811E-04
 9.39376E-01  6.29151E-04
 9.39490E-01  7.60002E-04
 9.39603E-01  7.33561E-04
 9.39717E-01  7.40805E-04
 9.39830E-01  6.77488E-04
 9.39944E-01  6.85877E-04
 9.40058E-01  7.82486E-04
 9.40172E-01  6.40164E-04
 9.40285E-01  6.92134E-04
 9.40399E-01  8.26978E-04
 9.40513E-01  6.55667E-04
 9.40627E-01  6.60103E-04
 9.40741E-01  6.59817E-04
 9.40854E-01  6.80693E-04
 9.40968E-01  6.31311E-04
 9.41082E-01  6.10931E-04
 9.41196E-01  6.28852E-04
 9.41310E-01  6.40226E-04
 9.41424E-01  7.06614E-04
 9.41538E-01  6.43187E-04
 9.41652E-01  7.05883E-04
 9.41766E-01  7.24597E-04
 9.41881E-01  6.63360E-04
 9.41995E-01  6.48967E-04
 9.42109E-01  5.66343E-04
 9.42223E-01  5.27657E-04
 9.42337E-01  6.04960E-04
 9.42452E-01  6.68688E-04
 9.42566E-01  7.68289E-04
 9.42680E-01  6.35536E-04
 9.42795E-01  7.18458E-04
 9.42909E-01  6.62496E-04
 9.43023E-01  6.02068E-04
 9.43138E-01  6.00080E-04
 9.43252E-01  6.39460E-04
 9.43367E-01  6.10463E-04
 9.43481E-01  5.79115E-04
 9.43596E-01  5.47118E-04
 9.43710E-01  5.40875E-04
 9.43825E-01  5.78215E-04
 9.43940E-01  5.66271E-04
 9.44054E-01  5.43262E-04
 9.44169E-01  4.97480E-04
 9.44284E-01  5.20559E-04
 9.44398E-01  5.77695E-04
 9.44513E-01  5.49127E-04
 9.44628E-01  5.47128E-04
 9.44743E-01  5.30022E-04
 9.44858E-01  6.22232E-04
 9.44973E-01  4.76778E-04
 9.45088E-01  5.57469E-04
 9.45202E-01  5.39808E-04
 9.45317E-01  5.17036E-04
 9.45432E-01  4.81679E-04
 9.45547E-01  5.65363E-04
 9.45662E-01  5.25177E-04
 9.45778E-01  4.66287E-04
 9.45893E-01  4.88177E-04
 9.46008E-01  4.16667E-04
 9.46123E-01  4.55859E-04
 9.46238E-01  4.63100E-04
 9.46353E-01  4.25112E-04
 9.46469E-01  4.04719E-04
 9.46584E-01  5.21691E-04
 9.46699E-01  4.08173E-04
 9.46814E-01  4.08061E-04
 9.46930E-01  4.07450E-04
 9.47045E-01  3.65912E-04
 9.47161E-01  4.35240E-04
 9.47276E-01  3.53820E-04
 9.47392E-01  4.06231E-04
 9.47507E-01  4.48624E-04
 9.47623E-01  3.33457E-04
 9.47738E-01  4.12303E-04
 9.47854E-01  4.58153E-04
 9.47969E-01  3.82174E-04
 9.48085E-01  3.32039E-04
 9.48201E-01  3.83060E-04
 9.48316E-01  3.27811E-04
 9.48432E-01  3.37802E-04
 9.48548E-01  3.09897E-04
 9.48664E-01  4.00135E-04
 9.48779E-01  3.83692E-04
 9.48895E-01  3.34061E-04
 9.49011E-01  3.01689E-04
 9.49127E-01  3.77415E-04
 9.49243E-01  3.12806E-04
 9.49359E-01  3.25679E-04
 9.49475E-01  2.91396E-04
 9.49591E-01  2.46544E-04
 9.49707E-01  3.08628E-04
 9.49823E-01  3.20191E-04
 9.49939E-01  3.01436E-04
 9.50055E-01  3.13973E-04
 9.50171E-01  2.67633E-04
 9.50287E-01  2.93782E-04
 9.50404E-01  2.89725E-04
 9.50520E-01  2.38981E-04
 9.50636E-01  2.91748E-04
 9.50752E-01  2.20286E-04
 9.50869E-01  2.82258E-04
 9.50985E-01  2.23009E-04
 9.51102E-01  2.31558E-04
 9.51218E-01  2.23356E-04
 9.51334E-01  2.38522E-04
 9.51451E-01  2.14495E-04
 9.51567E-01  2.20979E-04
 9.51684E-01  2.12070E-04
 9.51800E-01  2.27278E-04
 9.51917E-01  2.08767E-04
 9.52034E-01  2.18113E-04
 9.52150E-01  1.76603E-04
 9.52267E-01  2.14264E-04
 9.52384E-01  2.31843E-04
 9.52500E-01  1.80914E-04
 9.52617E-01  1.76836E-04
 9.52734E-01  2.13161E-04
 9.52851E-01  1.81103E-04
 9.52967E-01  1.79987E-04
 9.53084E-01  1.94322E-04
 9.53201E-01  2.03411E-04
 9.53318E-01  1.65391E-04
 9.53435E-01  1.82071E-04
 9.53552E-01  2.00810E-04
 9.53669E-01  1.69796E-04
 9.53786E-01  1.92909E-04
 9.53903E-01  1.90500E-04
 9.54020E-01  1.79215E-04
 9.54137E-01  2.01279E-04
 9.54254E-01  1.66360E-04
 9.54372E-01  1.51487E-04
 9.54489E-01  1.79783E-04
 9.54606E-01  1.89409E-04
 9.54723E-01  1.52164E-04
 9.54841E-01  1.28814E-04
 9.54958E-01  1.42486E-04
 9.55075E-01  1.49663E-04
 9.55193E-01  1.68661E-04
 9.55310E-01  1.26840E-04
 9.55428E-01  1.65188E-04
 9.55545E-01  1.58074E-04
 9.55663E-01  1.27097E-04
 9.55780E-01  1.37515E-04
 9.55898E-01  1.35095E-04
 9.56015E-01  1.32288E-04
 9.56133E-01  1.04746E-04
 9.56250E-01  1.36730E-04
 9.56368E-01  1.20483E-04
 9.56486E-01  1.22678E-04
 9.56604E-01  1.15005E-04
 9.56721E-01  1.09016E-04
 9.56839E-01  1.16757E-04
 9.56957E-01  1.30677E-04
 9.57075E-01  1.10268E-04
 9.57193E-01  1.10260E-04
 9.57310E-01  1.09311E-04
 9.57428E-01  1.04684E-04
 9.57546E-01  1.11781E-04
 9.57664E-01  9.58238E-05
 9.57782E-01  1.01090E-04
 9.57900E-01  1.11545E-04
 9.58018E-01  1.19706E-04
 9.58137E-01  1.06631E-04
 9.58255E-01  1.13325E-04
 9.58373E-01  1.00340E-04
 9.58491E-01  9.65853E-05
 9.58609E-01  9.56049E-05
 9.58728E-01  1.04482E-04
 9.58846E-01  1.06894E-04
 9.58964E-01  9.64811E-05
 9.59082E-01  1.03895E-04
 9.59201E-01  8.89850E-05
 9.59319E-01  8.99432E-05
 9.59438E-01  9.43363E-05
 9.59556E-01  9.25333E-05
 9.59675E-01  9.14980E-05
 9.59793E-01  9.86744E-05
 9.59912E-01  1.00540E-04
 9.60030E-01  1.03289E-04
 9.60149E-01  9.14389E-05
 9.60267E-01  8.73803E-05
 9.60386E-01  9.04872E-05
 9.60505E-01  9.77871E-05
 9.60624E-01  9.68865E-05
 9.60742E-01  8.69549E-05
 9.60861E-01  8.73999E-05
 9.60980E-01  8.66577E-05
 9.61099E-01  9.26706E-05
 9.61218E-01  9.01951E-05
 9.61336E-01  8.71709E-05
 9.61455E-01  8.64192E-05
 9.61574E-01  9.07670E-05
 9.61693E-01  9.15523E-05
 9.61812E-01  9.21931E-05
 9.61931E-01  8.60905E-05
 9.62050E-01  8.60867E-05
 9.62170E-01  8.62476E-05
 9.62289E-01  8.70234E-05
 9.62408E-01  8.58756E-05
 9.62527E-01  8.61829E-05
 9.62646E-01  8.70021E-05
 9.62765E-01  8.60689E-05
 9.62885E-01  8.62155E-05
 9.63004E-01  8.67618E-05
 9.63123E-01  8.65206E-05
 9.63243E-01  8.59969E-05
 9.63362E-01  1.09031E-04
 9.64483E-01  8.59624E-05
 1.01003E+00  9.68077E-05
 1.05773E+00  1.00986E-04
 1.10768E+00  1.07418E-04
 1.15999E+00  1.11633E-04
 1.21477E+00  1.20508E-04
 1.27214E+00  1.19637E-04
 1.33222E+00  1.13404E-04
 1.39513E+00  1.06414E-04
 1.46102E+00  9.58673E-05
 1.53001E+00  8.79891E-05
 1.60227E+00  7.96880E-05
 1.67794E+00  7.50208E-05
 1.75718E+00  7.18027E-05
 1.84016E+00  7.12427E-05
 1.92706E+00  7.39657E-05
 2.01807E+00  7.69654E-05
 2.11337E+00  7.92497E-05
 2.21318E+00  8.35255E-05
 2.31769E+00  8.56271E-05
 2.42715E+00  8.80247E-05
 2.54177E+00  8.97835E-05
 2.66180E+00  9.24111E-05
 2.78751E+00  9.62382E-05
 2.91915E+00  1.39302E-04
 3.05701E+00  1.71387E-04
 3.20137E+00  1.76688E-04
 3.35256E+00  1.80663E-04
 3.51089E+00  1.89476E-04
 3.67669E+00  1.88121E-04
 3.85032E+00  1.91579E-04
 4.03215E+00  1.92800E-04
 4.22257E+00  1.95975E-04
 4.42198E+00  1.96324E-04
 4.63081E+00  1.95283E-04
 4.84950E+00  1.94860E-04
 5.07852E+00  1.93733E-04
 5.31836E+00  1.95770E-04
 5.56952E+00  1.99447E-04
 5.83254E+00  1.96632E-04
 6.10798E+00  1.94306E-04
 6.39643E+00  1.98849E-04
 6.69850E+00  2.05183E-04
 7.01484E+00  2.10811E-04
 7.34612E+00  2.13609E-04
 7.69304E+00  2.08297E-04
 8.05634E+00  2.11182E-04
 8.43681E+00  2.11426E-04
 8.83524E+00  2.04696E-04
 9.25248E+00  2.05285E-04
 9.68943E+00  2.01089E-04
 1.01470E+01  2.05792E-04
 1.06262E+01  2.06236E-04
 1.11280E+01  2.08142E-04
 1.16536E+01  2.01991E-04
 1.22039E+01  2.10875E-04
 1.27802E+01  2.06635E-04
 1.33838E+01  1.98760E-04
 1.40158E+01  1.93272E-04
 1.46777E+01  1.82889E-04
 1.53709E+01  1.79530E-04
 1.60968E+01  1.71772E-04
 1.68570E+01  1.59862E-04
 1.76530E+01  1.46354E-04
 1.84867E+01  1.34525E-04
 1.93597E+01  1.27958E-04
 2.02740E+01  1.23350E-04
 2.12315E+01  1.20395E-04
 2.22341E+01  1.15123E-04
 2.32841E+01  1.05917E-04
 2.43837E+01  1.00273E-04
 2.55352E+01  9.55838E-05
 2.67412E+01  9.22194E-05
 2.80040E+01  8.03926E-05
 2.93265E+01  7.64170E-05
 3.07115E+01  7.50729E-05
 3.21618E+01  6.82544E-05
 3.36807E+01  6.19531E-05
 3.52712E+01  5.54117E-05
 3.69369E+01  4.98710E-05
 3.86813E+01  4.79665E-05
 4.05080E+01  4.61029E-05
 4.24210E+01  4.10675E-05
 4.44243E+01  4.25240E-05
 4.65223E+01  4.23747E-05
 4.87193E+01  3.35901E-05
 5.10201E+01  3.36880E-05
 5.34295E+01  3.22992E-05
 5.59527E+01  3.39101E-05
 5.85951E+01  2.89165E-05
 6.13623E+01  3.13423E-05
 6.42601E+01  2.91451E-05
 6.72948E+01  2.27409E-05
 7.04728E+01  1.99909E-05
 7.38009E+01  1.93704E-05
 7.72862E+01  1.72343E-05
 8.09361E+01  2.44404E-05
 8.47583E+01  2.27008E-05
 8.87610E+01  2.57672E-05
 9.29528E+01  3.91912E-05
 9.73425E+01  6.42788E-05
 1.01939E+02  1.04003E-04
 1.06754E+02  1.79893E-04
 1.11795E+02  2.98649E-04
 1.17075E+02  4.93884E-04
 1.22603E+02  8.83730E-04
 1.28393E+02  1.36123E-03
 1.34457E+02  2.23391E-03
 1.40807E+02  3.52809E-03
 1.47456E+02  5.36447E-03
 1.54420E+02  7.95780E-03
 1.61712E+02  1.17917E-02
 1.69349E+02  1.68991E-02
 1.77347E+02  2.41303E-02
 1.85722E+02  3.35577E-02
 1.94493E+02  4.54760E-02
 2.03678E+02  6.14636E-02
 2.13297E+02  8.08407E-02
 2.23369E+02  1.05307E-01
 2.33918E+02  1.34349E-01
 2.44965E+02  1.67928E-01
 2.56533E+02  2.06519E-01
 2.68648E+02  2.48686E-01
 2.81335E+02  2.96569E-01
 2.94621E+02  3.44268E-01
 3.08535E+02  3.94291E-01
 3.23106E+02  4.44789E-01
 3.38364E+02  4.93373E-01
 3.54344E+02  5.37253E-01
 3.71078E+02  5.78640E-01
 3.88602E+02  6.15403E-01
 4.06954E+02  6.46161E-01
 4.26172E+02  6.70417E-01
 4.46298E+02  6.86896E-01
 4.67375E+02  6.96247E-01
 4.89446E+02  6.98152E-01
 5.12561E+02  6.92863E-01
 5.36766E+02  6.80476E-01
 5.62115E+02  6.66243E-01
 5.88661E+02  6.43818E-01
 6.16461E+02  6.16933E-01
 6.45573E+02  5.88803E-01
 6.76061E+02  5.54445E-01
 7.07988E+02  5.20386E-01
 7.41423E+02  4.87051E-01
 7.76437E+02  4.50705E-01
 8.13104E+02  4.15603E-01
 8.51503E+02  3.80438E-01
 8.91715E+02  3.46443E-01
 9.33827E+02  3.14752E-01
 9.77927E+02  2.83479E-01
 1.02411E+03  2.56149E-01
 1.07247E+03  2.29167E-01
 1.12312E+03  2.04664E-01
 1.17616E+03  1.79979E-01
 1.23171E+03  1.59834E-01
 1.28987E+03  1.41946E-01
 1.35079E+03  1.23874E-01
 1.41458E+03  1.09214E-01
 1.48138E+03  9.44630E-02
 1.55134E+03  7.99146E-02
 1.62460E+03  6.90328E-02
 1.70133E+03  6.02974E-02
 1.78167E+03  5.22101E-02
 1.86581E+03  4.40697E-02
 1.95392E+03  3.82843E-02
 2.04620E+03  3.25491E-02
 2.14283E+03  2.71497E-02
 2.24403E+03  2.30583E-02
 2.35000E+03  1.97504E-02
 2.46098E+03  1.68255E-02
 2.57720E+03  1.42993E-02
 2.69891E+03  1.15933E-02
 2.82636E+03  9.68122E-03
 2.95984E+03  8.81359E-03
 3.09962E+03  7.18467E-03
 3.24600E+03  6.39532E-03
 3.39929E+03  5.59874E-03
 3.55982E+03  4.02865E-03
 3.72794E+03  3.72155E-03
 3.90399E+03  3.01772E-03
 4.08836E+03  2.38254E-03
 4.28143E+03  2.17797E-03
 4.48362E+03  1.76200E-03
 4.69536E+03  1.65091E-03
 4.91710E+03  1.36349E-03
 5.14931E+03  1.09161E-03
 5.39249E+03  7.97628E-04
 5.64715E+03  8.79071E-04
 5.91384E+03  6.96741E-04
 6.19312E+03  4.70629E-04
 6.48559E+03  3.70153E-04
 6.79188E+03  2.32615E-04
 7.11262E+03  3.52163E-04
 7.44852E+03  3.11986E-04
