 7.87260E-05  0.00000E+00
 8.24438E-05  0.00000E+00
 8.63372E-05  0.00000E+00
 9.04145E-05  0.00000E+00
 9.46844E-05  0.00000E+00
 9.91559E-05  0.00000E+00
 1.03839E-04  0.00000E+00
 1.08742E-04  0.00000E+00
 1.13878E-04  0.00000E+00
 1.19256E-04  0.00000E+00
 1.24887E-04  0.00000E+00
 1.30785E-04  0.00000E+00
 1.36962E-04  0.00000E+00
 1.43430E-04  0.00000E+00
 1.50203E-04  0.00000E+00
 1.57297E-04  0.00000E+00
 1.64725E-04  0.00000E+00
 1.72504E-04  0.00000E+00
 1.80651E-04  0.00000E+00
 1.89182E-04  0.00000E+00
 1.98116E-04  0.00000E+00
 2.07472E-04  0.00000E+00
 2.17270E-04  0.00000E+00
 2.27531E-04  0.00000E+00
 2.38276E-04  0.00000E+00
 2.49528E-04  0.00000E+00
 2.61312E-04  0.00000E+00
 2.73653E-04  0.00000E+00
 2.86576E-04  0.00000E+00
 3.00110E-04  0.00000E+00
 3.14283E-04  0.00000E+00
 3.29125E-04  0.00000E+00
 3.44668E-04  0.00000E+00
 3.60945E-04  0.00000E+00
 3.77990E-04  0.00000E+00
 3.95841E-04  0.00000E+00
 4.14535E-04  0.00000E+00
 4.34111E-04  0.00000E+00
 4.54612E-04  0.00000E+00
 4.76081E-04  0.00000E+00
 4.98564E-04  0.00000E+00
 5.22109E-04  0.00000E+00
 5.46766E-04  0.00000E+00
 5.72587E-04  0.00000E+00
 5.99627E-04  0.00000E+00
 6.27945E-04  0.00000E+00
 6.57600E-04  0.00000E+00
 6.88655E-04  0.00000E+00
 7.21177E-04  0.00000E+00
 7.55235E-04  0.00000E+00
 7.90901E-04  0.00000E+00
 8.28251E-04  0.00000E+00
 8.67366E-04  0.00000E+00
 9.08327E-04  0.00000E+00
 9.51223E-04  0.00000E+00
 9.96145E-04  0.00000E+00
 1.04319E-03  0.00000E+00
 1.09245E-03  0.00000E+00
 1.14404E-03  0.00000E+00
 1.19807E-03  0.00000E+00
 1.25465E-03  0.00000E+00
 1.31390E-03  0.00000E+00
 1.37595E-03  0.00000E+00
 1.44093E-03  0.00000E+00
 1.50898E-03  0.00000E+00
 1.58024E-03  0.00000E+00
 1.65487E-03  0.00000E+00
 1.73302E-03  0.00000E+00
 1.81486E-03  0.00000E+00
 1.90057E-03  0.00000E+00
 1.99032E-03  0.00000E+00
 2.08432E-03  0.00000E+00
 2.18275E-03  0.00000E+00
 2.28583E-03  0.00000E+00
 2.39378E-03  0.00000E+00
 2.50683E-03  0.00000E+00
 2.62521E-03  0.00000E+00
 2.74919E-03  0.00000E+00
 2.87902E-03  0.00000E+00
 3.01498E-03  0.00000E+00
 3.15736E-03  0.00000E+00
 3.30647E-03  0.00000E+00
 3.46262E-03  0.00000E+00
 3.62614E-03  0.00000E+00
 3.79739E-03  0.00000E+00
 3.97672E-03  0.00000E+00
 4.16452E-03  0.00000E+00
 4.36119E-03  0.00000E+00
 4.56715E-03  0.00000E+00
 4.78283E-03  0.00000E+00
 5.00870E-03  0.00000E+00
 5.24524E-03  0.00000E+00
 5.49295E-03  0.00000E+00
 5.75235E-03  0.00000E+00
 6.02401E-03  0.00000E+00
 6.30849E-03  0.00000E+00
 6.60641E-03  0.00000E+00
 6.91840E-03  0.00000E+00
 7.24512E-03  0.00000E+00
 7.58728E-03  0.00000E+00
 7.94559E-03  0.00000E+00
 8.32082E-03  0.00000E+00
 8.71377E-03  0.00000E+00
 9.12528E-03  0.00000E+00
 9.55622E-03  0.00000E+00
 1.00075E-02  0.00000E+00
 1.04801E-02  0.00000E+00
 1.09751E-02  0.00000E+00
 1.14934E-02  0.00000E+00
 1.20361E-02  0.00000E+00
 1.26045E-02  0.00000E+00
 1.31998E-02  0.00000E+00
 1.38231E-02  0.00000E+00
 1.44759E-02  0.00000E+00
 1.51596E-02  0.00000E+00
 1.58755E-02  0.00000E+00
 1.66252E-02  0.00000E+00
 1.74103E-02  0.00000E+00
 1.82326E-02  0.00000E+00
 1.90936E-02  0.00000E+00
 1.99953E-02  0.00000E+00
 2.09396E-02  0.00000E+00
 2.19284E-02  0.00000E+00
 2.29640E-02  0.00000E+00
 2.40485E-02  0.00000E+00
 2.51842E-02  0.00000E+00
 2.63735E-02  0.00000E+00
 2.76190E-02  0.00000E+00
 2.89233E-02  0.00000E+00
 3.02892E-02  0.00000E+00
 3.17197E-02  0.00000E+00
 3.32176E-02  0.00000E+00
 3.47863E-02  0.00000E+00
 3.64291E-02  0.00000E+00
 3.81495E-02  0.00000E+00
 3.99511E-02  0.00000E+00
 4.18378E-02  0.00000E+00
 4.38136E-02  0.00000E+00
 4.58827E-02  0.00000E+00
 4.80495E-02  0.00000E+00
 5.03187E-02  0.00000E+00
 5.26950E-02  0.00000E+00
 5.51835E-02  0.00000E+00
 5.77896E-02  0.00000E+00
 6.05187E-02  0.00000E+00
 6.33767E-02  0.00000E+00
 6.63697E-02  0.00000E+00
 6.95040E-02  0.00000E+00
 7.27863E-02  0.00000E+00
 7.62237E-02  0.00000E+00
 7.98234E-02  0.00000E+00
 8.35930E-02  0.00000E+00
 8.75407E-02  0.00000E+00
 9.16749E-02  0.00000E+00
 9.60042E-02  0.00000E+00
 1.00538E-01  0.00000E+00
 1.05286E-01  0.00000E+00
 1.10258E-01  0.00000E+00
 1.15465E-01  0.00000E+00
 1.20918E-01  0.00000E+00
 1.26628E-01  0.00000E+00
 1.32608E-01  0.00000E+00
 1.38871E-01  0.00000E+00
 1.45429E-01  0.00000E+00
 1.52297E-01  0.00000E+00
 1.59489E-01  0.00000E+00
 1.67021E-01  0.00000E+00
 1.74909E-01  4.19713E-15
 1.83169E-01  2.14014E-14
 1.91819E-01  5.81896E-14
 2.00878E-01  2.77550E-14
 2.10364E-01  1.72580E-14
 2.20299E-01  4.98356E-15
 2.30702E-01  2.96075E-15
 2.41597E-01  1.63398E-15
 2.53007E-01  6.71975E-16
 2.64955E-01  2.02167E-16
 2.77468E-01  1.04124E-16
 2.90571E-01  4.27753E-17
 3.04293E-01  1.91691E-17
 3.18664E-01  9.81101E-18
 3.33713E-01  4.27162E-18
 3.49472E-01  2.02629E-18
 3.65976E-01  1.07023E-18
 3.83259E-01  7.20583E-19
 4.01359E-01  7.34833E-19
 4.20313E-01  4.33743E-19
 4.40162E-01  4.29191E-19
 4.60949E-01  4.69044E-19
 4.82718E-01  8.68596E-19
 5.05514E-01  1.77659E-18
 5.29387E-01  6.32311E-18
 5.54387E-01  4.18162E-17
 5.80569E-01  4.88488E-16
 6.07986E-01  1.23730E-14
 6.36698E-01  9.73274E-13
 6.66766E-01  2.18357E-10
 6.98255E-01  6.18884E-06
 7.31230E-01  5.61919E-05
 7.65762E-01  6.92661E-05
 8.01926E-01  7.39779E-05
 8.39797E-01  8.59588E-05
 8.79456E-01  9.11976E-05
 9.07247E-01  8.62806E-05
 9.07353E-01  8.36181E-05
 9.07459E-01  8.35887E-05
 9.07565E-01  8.35593E-05
 9.07671E-01  8.35298E-05
 9.07777E-01  8.35004E-05
 9.07883E-01  8.34710E-05
 9.07989E-01  8.34415E-05
 9.08095E-01  8.34121E-05
 9.08201E-01  8.33826E-05
 9.08308E-01  8.33531E-05
 9.08414E-01  8.33236E-05
 9.08520E-01  8.32941E-05
 9.08626E-01  8.32646E-05
 9.08732E-01  8.32350E-05
 9.08839E-01  8.32055E-05
 9.08945E-01  8.31759E-05
 9.09051E-01  8.31464E-05
 9.09158E-01  8.31168E-05
 9.09264E-01  8.30872E-05
 9.09370E-01  8.30576E-05
 9.09477E-01  8.30280E-05
 9.09583E-01  8.29984E-05
 9.09690E-01  8.29687E-05
 9.09796E-01  8.29391E-05
 9.09903E-01  8.29094E-05
 9.10009E-01  8.28797E-05
 9.10116E-01  8.28501E-05
 9.10222E-01  8.28204E-05
 9.10329E-01  8.27907E-05
 9.10436E-01  8.27610E-05
 9.10542E-01  8.27312E-05
 9.10649E-01  8.27015E-05
 9.10756E-01  8.26717E-05
 9.10862E-01  8.26420E-05
 9.10969E-01  8.26122E-05
 9.11076E-01  8.25824E-05
 9.11183E-01  8.25526E-05
 9.11290E-01  8.25228E-05
 9.11396E-01  8.24930E-05
 9.11503E-01  8.24631E-05
 9.11610E-01  8.24333E-05
 9.11717E-01  8.24034E-05
 9.11824E-01  8.23736E-05
 9.11931E-01  8.23437E-05
 9.12038E-01  8.23138E-05
 9.12145E-01  8.22839E-05
 9.12252E-01  8.22540E-05
 9.12359E-01  8.22241E-05
 9.12466E-01  8.21941E-05
 9.12574E-01  8.21642E-05
 9.12681E-01  8.21342E-05
 9.12788E-01  8.21042E-05
 9.12895E-01  8.20743E-05
 9.13002E-01  8.20443E-05
 9.13110E-01  8.20143E-05
 9.13217E-01  8.19842E-05
 9.13324E-01  8.19542E-05
 9.13432E-01  8.19242E-05
 9.13539E-01  8.18941E-05
 9.13646E-01  8.18640E-05
 9.13754E-01  8.18340E-05
 9.13861E-01  8.18039E-05
 9.13969E-01  8.17738E-05
 9.14076E-01  8.17437E-05
 9.14184E-01  8.17135E-05
 9.14291E-01  8.16834E-05
 9.14399E-01  8.16532E-05
 9.14506E-01  8.16231E-05
 9.14614E-01  8.15929E-05
 9.14722E-01  8.15627E-05
 9.14829E-01  8.15325E-05
 9.14937E-01  8.15023E-05
 9.15045E-01  8.14721E-05
 9.15152E-01  8.14419E-05
 9.15260E-01  8.14116E-05
 9.15368E-01  8.13814E-05
 9.15476E-01  8.13511E-05
 9.15584E-01  8.13208E-05
 9.15692E-01  8.12905E-05
 9.15799E-01  8.12602E-05
 9.15907E-01  8.12299E-05
 9.16015E-01  8.11996E-05
 9.16123E-01  8.11693E-05
 9.16231E-01  8.11389E-05
 9.16339E-01  8.11086E-05
 9.16447E-01  8.10782E-05
 9.16555E-01  8.10478E-05
 9.16664E-01  8.10174E-05
 9.16772E-01  8.09870E-05
 9.16880E-01  8.09566E-05
 9.16988E-01  8.09261E-05
 9.17096E-01  8.08957E-05
 9.17204E-01  8.08652E-05
 9.17313E-01  8.08348E-05
 9.17421E-01  8.08043E-05
 9.17529E-01  8.07738E-05
 9.17638E-01  8.07433E-05
 9.17746E-01  8.07128E-05
 9.17854E-01  8.06822E-05
 9.17963E-01  8.06517E-05
 9.18071E-01  8.06212E-05
 9.18180E-01  8.05906E-05
 9.18288E-01  8.05600E-05
 9.18397E-01  8.05294E-05
 9.18505E-01  8.04988E-05
 9.18614E-01  8.04682E-05
 9.18722E-01  8.04376E-05
 9.18831E-01  8.04070E-05
 9.18940E-01  8.03763E-05
 9.19048E-01  8.03456E-05
 9.19157E-01  8.03319E-05
 9.19266E-01  8.02843E-05
 9.19374E-01  8.02536E-05
 9.19483E-01  8.02229E-05
 9.19592E-01  8.01922E-05
 9.19701E-01  8.01614E-05
 9.19810E-01  8.01307E-05
 9.19918E-01  1.07405E-04
 9.20027E-01  8.00692E-05
 9.20136E-01  8.00384E-05
 9.20245E-01  8.00076E-05
 9.20354E-01  7.99768E-05
 9.20463E-01  7.99488E-05
 9.20572E-01  8.01971E-05
 9.20681E-01  7.98843E-05
 9.20790E-01  7.98543E-05
 9.20899E-01  7.98226E-05
 9.20989E-01  7.97974E-05
 9.21009E-01  7.98043E-05
 9.21118E-01  7.98423E-05
 9.21227E-01  7.98801E-05
 9.21336E-01  7.99180E-05
 9.21445E-01  7.99559E-05
 9.21555E-01  7.99939E-05
 9.21664E-01  8.00318E-05
 9.21773E-01  1.02498E-04
 9.21883E-01  8.01079E-05
 9.21992E-01  8.01457E-05
 9.22101E-01  8.01837E-05
 9.22211E-01  8.02218E-05
 9.22320E-01  8.02598E-05
 9.22430E-01  8.03002E-05
 9.22539E-01  8.03359E-05
 9.22649E-01  8.03739E-05
 9.22758E-01  8.04120E-05
 9.22868E-01  8.04501E-05
 9.22977E-01  8.04887E-05
 9.23087E-01  8.05263E-05
 9.23197E-01  8.05787E-05
 9.23306E-01  8.06040E-05
 9.23416E-01  8.06494E-05
 9.23526E-01  8.06789E-05
 9.23635E-01  8.07171E-05
 9.23745E-01  8.07560E-05
 9.23855E-01  8.09069E-05
 9.23965E-01  8.08498E-05
 9.24075E-01  8.08699E-05
 9.24185E-01  8.13209E-05
 9.24295E-01  8.09464E-05
 9.24404E-01  8.09847E-05
 9.24514E-01  8.13463E-05
 9.24624E-01  8.17288E-05
 9.24734E-01  8.10995E-05
 9.24844E-01  8.11379E-05
 9.24955E-01  8.11913E-05
 9.25065E-01  8.12145E-05
 9.25175E-01  8.13468E-05
 9.25285E-01  8.12945E-05
 9.25395E-01  8.13296E-05
 9.25505E-01  8.14769E-05
 9.25615E-01  8.14064E-05
 9.25726E-01  8.14448E-05
 9.25836E-01  8.14837E-05
 9.25946E-01  8.15354E-05
 9.26057E-01  8.15601E-05
 9.26167E-01  8.15986E-05
 9.26277E-01  8.18187E-05
 9.26388E-01  8.16756E-05
 9.26498E-01  8.29053E-05
 9.26609E-01  8.17528E-05
 9.26719E-01  8.18578E-05
 9.26830E-01  8.18296E-05
 9.26940E-01  8.19650E-05
 9.27051E-01  8.20314E-05
 9.27161E-01  8.19456E-05
 9.27272E-01  8.21651E-05
 9.27383E-01  1.16534E-04
 9.27493E-01  8.20611E-05
 9.27604E-01  8.20998E-05
 9.27715E-01  8.21384E-05
 9.27825E-01  8.21793E-05
 9.27936E-01  8.22157E-05
 9.28047E-01  8.22544E-05
 9.28158E-01  8.22986E-05
 9.28269E-01  8.33486E-05
 9.28380E-01  8.23705E-05
 9.28491E-01  1.17484E-04
 9.28601E-01  8.24936E-05
 9.28712E-01  8.26406E-05
 9.28823E-01  8.25255E-05
 9.28934E-01  8.26032E-05
 9.29045E-01  8.26073E-05
 9.29157E-01  8.26419E-05
 9.29268E-01  8.26807E-05
 9.29379E-01  9.06190E-05
 9.29490E-01  1.19607E-04
 9.29601E-01  1.26833E-04
 9.29712E-01  1.18432E-04
 9.29823E-01  1.52664E-04
 9.29935E-01  1.75441E-04
 9.30046E-01  1.68959E-04
 9.30157E-01  8.30401E-05
 9.30269E-01  1.41167E-04
 9.30380E-01  1.34091E-04
 9.30491E-01  1.12165E-04
 9.30603E-01  1.20527E-04
 9.30714E-01  1.25829E-04
 9.30826E-01  1.64445E-04
 9.30937E-01  3.01310E-04
 9.31049E-01  1.12721E-04
 9.31160E-01  2.93678E-04
 9.31272E-01  3.52801E-04
 9.31383E-01  2.39669E-04
 9.31495E-01  4.61926E-04
 9.31607E-01  2.95441E-04
 9.31718E-01  4.09793E-04
 9.31830E-01  3.75687E-04
 9.31942E-01  4.65351E-04
 9.32054E-01  5.38419E-04
 9.32165E-01  4.52927E-04
 9.32277E-01  3.81066E-04
 9.32389E-01  9.97016E-04
 9.32501E-01  9.35745E-04
 9.32613E-01  9.45105E-04
 9.32725E-01  1.05521E-03
 9.32837E-01  1.27382E-03
 9.32949E-01  1.51103E-03
 9.33061E-01  1.65170E-03
 9.33173E-01  1.99130E-03
 9.33285E-01  2.03140E-03
 9.33397E-01  1.88861E-03
 9.33509E-01  2.90198E-03
 9.33621E-01  2.49554E-03
 9.33733E-01  2.77311E-03
 9.33845E-01  3.14189E-03
 9.33958E-01  3.42841E-03
 9.34070E-01  3.98884E-03
 9.34182E-01  3.66378E-03
 9.34295E-01  4.02565E-03
 9.34407E-01  4.04695E-03
 9.34519E-01  4.08215E-03
 9.34632E-01  3.60662E-03
 9.34744E-01  4.17942E-03
 9.34856E-01  4.26426E-03
 9.34969E-01  3.70964E-03
 9.35081E-01  3.64154E-03
 9.35194E-01  3.00332E-03
 9.35306E-01  3.13106E-03
 9.35419E-01  3.31911E-03
 9.35532E-01  3.31694E-03
 9.35644E-01  3.40840E-03
 9.35757E-01  3.46511E-03
 9.35870E-01  3.43256E-03
 9.35982E-01  4.12689E-03
 9.36095E-01  3.70290E-03
 9.36208E-01  3.42165E-03
 9.36321E-01  3.63233E-03
 9.36433E-01  3.01526E-03
 9.36546E-01  2.27099E-03
 9.36659E-01  2.34890E-03
 9.36772E-01  2.32141E-03
 9.36885E-01  2.08746E-03
 9.36998E-01  1.86804E-03
 9.37111E-01  1.87112E-03
 9.37224E-01  1.84127E-03
 9.37337E-01  1.91074E-03
 9.37450E-01  1.66254E-03
 9.37563E-01  2.35727E-03
 9.37676E-01  1.67881E-03
 9.37789E-01  1.43756E-03
 9.37902E-01  1.95828E-03
 9.38016E-01  1.90192E-03
 9.38129E-01  1.65458E-03
 9.38242E-01  1.77047E-03
 9.38355E-01  1.58923E-03
 9.38469E-01  1.71202E-03
 9.38582E-01  1.69008E-03
 9.38695E-01  1.43992E-03
 9.38809E-01  1.59076E-03
 9.38922E-01  1.58398E-03
 9.39036E-01  1.43010E-03
 9.39149E-01  1.54232E-03
 9.39263E-01  1.27387E-03
 9.39376E-01  1.68491E-03
 9.39490E-01  1.35716E-03
 9.39603E-01  1.45976E-03
 9.39717E-01  1.18776E-03
 9.39830E-01  1.52884E-03
 9.39944E-01  1.37323E-03
 9.40058E-01  1.27322E-03
 9.40172E-01  1.94014E-03
 9.40285E-01  1.66319E-03
 9.40399E-01  1.20035E-03
 9.40513E-01  1.39595E-03
 9.40627E-01  1.49128E-03
 9.40741E-01  1.42115E-03
 9.40854E-01  1.07969E-03
 9.40968E-01  1.36783E-03
 9.41082E-01  1.27747E-03
 9.41196E-01  1.26035E-03
 9.41310E-01  1.65164E-03
 9.41424E-01  1.18594E-03
 9.41538E-01  1.37873E-03
 9.41652E-01  1.18558E-03
 9.41766E-01  1.43254E-03
 9.41881E-01  1.01312E-03
 9.41995E-01  1.16623E-03
 9.42109E-01  1.34073E-03
 9.42223E-01  1.34899E-03
 9.42337E-01  1.48120E-03
 9.42452E-01  1.30200E-03
 9.42566E-01  1.11779E-03
 9.42680E-01  1.19835E-03
 9.42795E-01  1.08982E-03
 9.42909E-01  1.26249E-03
 9.43023E-01  1.07388E-03
 9.43138E-01  1.16268E-03
 9.43252E-01  1.33745E-03
 9.43367E-01  9.11878E-04
 9.43481E-01  1.22043E-03
 9.43596E-01  1.18636E-03
 9.43710E-01  1.09459E-03
 9.43825E-01  9.19420E-04
 9.43940E-01  9.93999E-04
 9.44054E-01  7.91781E-04
 9.44169E-01  1.22530E-03
 9.44284E-01  1.31984E-03
 9.44398E-01  1.18771E-03
 9.44513E-01  1.29591E-03
 9.44628E-01  1.19957E-03
 9.44743E-01  1.24939E-03
 9.44858E-01  1.43088E-03
 9.44973E-01  1.16634E-03
 9.45088E-01  1.00550E-03
 9.45202E-01  1.27230E-03
 9.45317E-01  9.53299E-04
 9.45432E-01  1.18740E-03
 9.45547E-01  8.66276E-04
 9.45662E-01  1.09841E-03
 9.45778E-01  1.06337E-03
 9.45893E-01  9.72495E-04
 9.46008E-01  1.17310E-03
 9.46123E-01  9.11412E-04
 9.46238E-01  1.17806E-03
 9.46353E-01  1.25039E-03
 9.46469E-01  9.90182E-04
 9.46584E-01  9.56654E-04
 9.46699E-01  9.21916E-04
 9.46814E-01  1.28288E-03
 9.46930E-01  9.01881E-04
 9.47045E-01  1.01237E-03
 9.47161E-01  1.20565E-03
 9.47276E-01  9.17593E-04
 9.47392E-01  8.83867E-04
 9.47507E-01  6.96211E-04
 9.47623E-01  1.08442E-03
 9.47738E-01  8.72576E-04
 9.47854E-01  1.00140E-03
 9.47969E-01  6.98877E-04
 9.48085E-01  9.26987E-04
 9.48201E-01  9.53291E-04
 9.48316E-01  7.55462E-04
 9.48432E-01  7.70665E-04
 9.48548E-01  9.09968E-04
 9.48664E-01  8.36453E-04
 9.48779E-01  8.47735E-04
 9.48895E-01  7.30561E-04
 9.49011E-01  8.63699E-04
 9.49127E-01  9.83708E-04
 9.49243E-01  6.83266E-04
 9.49359E-01  6.77812E-04
 9.49475E-01  8.10110E-04
 9.49591E-01  6.81387E-04
 9.49707E-01  8.15319E-04
 9.49823E-01  6.59025E-04
 9.49939E-01  6.70216E-04
 9.50055E-01  5.77727E-04
 9.50171E-01  4.43303E-04
 9.50287E-01  6.61409E-04
 9.50404E-01  6.24567E-04
 9.50520E-01  6.11354E-04
 9.50636E-01  4.71106E-04
 9.50752E-01  6.11761E-04
 9.50869E-01  7.48098E-04
 9.50985E-01  6.70357E-04
 9.51102E-01  5.01771E-04
 9.51218E-01  5.11337E-04
 9.51334E-01  5.38000E-04
 9.51451E-01  5.22926E-04
 9.51567E-01  4.83991E-04
 9.51684E-01  6.32252E-04
 9.51800E-01  4.96516E-04
 9.51917E-01  4.95167E-04
 9.52034E-01  4.89844E-04
 9.52150E-01  4.77074E-04
 9.52267E-01  3.95580E-04
 9.52384E-01  4.15854E-04
 9.52500E-01  4.90100E-04
 9.52617E-01  4.08903E-04
 9.52734E-01  4.14954E-04
 9.52851E-01  4.78332E-04
 9.52967E-01  4.97344E-04
 9.53084E-01  5.65358E-04
 9.53201E-01  4.35497E-04
 9.53318E-01  4.71329E-04
 9.53435E-01  3.15288E-04
 9.53552E-01  2.77310E-04
 9.53669E-01  4.21684E-04
 9.53786E-01  3.25485E-04
 9.53903E-01  3.44426E-04
 9.54020E-01  3.82010E-04
 9.54137E-01  3.11345E-04
 9.54254E-01  3.19746E-04
 9.54372E-01  3.13333E-04
 9.54489E-01  2.10043E-04
 9.54606E-01  2.33484E-04
 9.54723E-01  3.72694E-04
 9.54841E-01  2.53805E-04
 9.54958E-01  3.75332E-04
 9.55075E-01  3.09690E-04
 9.55193E-01  2.54193E-04
 9.55310E-01  2.50218E-04
 9.55428E-01  2.03105E-04
 9.55545E-01  4.01673E-04
 9.55663E-01  2.30949E-04
 9.55780E-01  3.49422E-04
 9.55898E-01  2.18393E-04
 9.56015E-01  2.43103E-04
 9.56133E-01  2.47363E-04
 9.56250E-01  2.22733E-04
 9.56368E-01  2.45592E-04
 9.56486E-01  2.16314E-04
 9.56604E-01  2.72619E-04
 9.56721E-01  1.59441E-04
 9.56839E-01  3.03024E-04
 9.56957E-01  2.47125E-04
 9.57075E-01  1.57107E-04
 9.57193E-01  2.02863E-04
 9.57310E-01  2.00499E-04
 9.57428E-01  1.31271E-04
 9.57546E-01  2.07160E-04
 9.57664E-01  2.34948E-04
 9.57782E-01  1.63527E-04
 9.57900E-01  1.93777E-04
 9.58018E-01  1.57065E-04
 9.58137E-01  2.02506E-04
 9.58255E-01  2.14610E-04
 9.58373E-01  1.73971E-04
 9.58491E-01  1.64364E-04
 9.58609E-01  1.60471E-04
 9.58728E-01  1.88438E-04
 9.58846E-01  1.68446E-04
 9.58964E-01  1.50022E-04
 9.59082E-01  1.38804E-04
 9.59201E-01  1.27900E-04
 9.59319E-01  1.65985E-04
 9.59438E-01  1.28995E-04
 9.59556E-01  1.75984E-04
 9.59675E-01  1.31831E-04
 9.59793E-01  1.89352E-04
 9.59912E-01  1.83244E-04
 9.60030E-01  1.04002E-04
 9.60149E-01  1.18769E-04
 9.60267E-01  1.20448E-04
 9.60386E-01  1.37911E-04
 9.60505E-01  1.52161E-04
 9.60624E-01  1.21740E-04
 9.60742E-01  1.03733E-04
 9.60861E-01  1.09173E-04
 9.60980E-01  1.47579E-04
 9.61099E-01  1.02718E-04
 9.61218E-01  9.95365E-05
 9.61336E-01  1.02051E-04
 9.61455E-01  1.00823E-04
 9.61574E-01  1.30571E-04
 9.61693E-01  1.28214E-04
 9.61812E-01  1.19286E-04
 9.61931E-01  1.07821E-04
 9.62050E-01  1.02173E-04
 9.62170E-01  1.51225E-04
 9.62289E-01  1.17055E-04
 9.62408E-01  9.67220E-05
 9.62527E-01  9.73472E-05
 9.62646E-01  1.05350E-04
 9.62765E-01  1.01602E-04
 9.62885E-01  9.58839E-05
 9.63004E-01  1.05710E-04
 9.63123E-01  1.06569E-04
 9.63243E-01  1.15708E-04
 9.63362E-01  2.10826E-04
 9.64483E-01  9.51579E-05
 1.01003E+00  1.04047E-04
 1.05773E+00  1.07454E-04
 1.10768E+00  1.11651E-04
 1.15999E+00  1.18635E-04
 1.21477E+00  1.32396E-04
 1.27214E+00  1.31552E-04
 1.33222E+00  1.24415E-04
 1.39513E+00  1.16237E-04
 1.46102E+00  1.03514E-04
 1.53001E+00  9.47671E-05
 1.60227E+00  8.51699E-05
 1.67794E+00  7.89781E-05
 1.75718E+00  7.56836E-05
 1.84016E+00  7.52168E-05
 1.92706E+00  7.66005E-05
 2.01807E+00  8.03298E-05
 2.11337E+00  8.21462E-05
 2.21318E+00  8.43984E-05
 2.31769E+00  8.52265E-05
 2.42715E+00  8.70309E-05
 2.54177E+00  8.85415E-05
 2.66180E+00  9.10290E-05
 2.78751E+00  9.39444E-05
 2.91915E+00  1.30981E-04
 3.05701E+00  1.52583E-04
 3.20137E+00  1.58623E-04
 3.35256E+00  1.59299E-04
 3.51089E+00  1.65853E-04
 3.67669E+00  1.61929E-04
 3.85032E+00  1.63688E-04
 4.03215E+00  1.63344E-04
 4.22257E+00  1.62081E-04
 4.42198E+00  1.61273E-04
 4.63081E+00  1.59981E-04
 4.84950E+00  1.60595E-04
 5.07852E+00  1.56008E-04
 5.31836E+00  1.58144E-04
 5.56952E+00  1.55231E-04
 5.83254E+00  1.53733E-04
 6.10798E+00  1.49939E-04
 6.39643E+00  1.50190E-04
 6.69850E+00  1.52295E-04
 7.01484E+00  1.57239E-04
 7.34612E+00  1.54669E-04
 7.69304E+00  1.52980E-04
 8.05634E+00  1.51557E-04
 8.43681E+00  1.49657E-04
 8.83524E+00  1.47246E-04
 9.25248E+00  1.43183E-04
 9.68943E+00  1.43043E-04
 1.01470E+01  1.38259E-04
 1.06262E+01  1.36274E-04
 1.11280E+01  1.35848E-04
 1.16536E+01  1.38313E-04
 1.22039E+01  1.36445E-04
 1.27802E+01  1.31793E-04
 1.33838E+01  1.26407E-04
 1.40158E+01  1.18166E-04
 1.46777E+01  1.12064E-04
 1.53709E+01  1.05155E-04
 1.60968E+01  1.03068E-04
 1.68570E+01  9.54847E-05
 1.76530E+01  8.79381E-05
 1.84867E+01  7.96444E-05
 1.93597E+01  7.62512E-05
 2.02740E+01  7.11388E-05
 2.12315E+01  6.95876E-05
 2.22341E+01  6.66823E-05
 2.32841E+01  6.29556E-05
 2.43837E+01  5.50219E-05
 2.55352E+01  5.17014E-05
 2.67412E+01  5.16694E-05
 2.80040E+01  4.80947E-05
 2.93265E+01  4.28071E-05
 3.07115E+01  4.01773E-05
 3.21618E+01  3.75048E-05
 3.36807E+01  3.41336E-05
 3.52712E+01  2.79185E-05
 3.69369E+01  2.51409E-05
 3.86813E+01  2.46609E-05
 4.05080E+01  2.33993E-05
 4.24210E+01  2.31295E-05
 4.44243E+01  2.35122E-05
 4.65223E+01  2.10918E-05
 4.87193E+01  1.94814E-05
 5.10201E+01  1.92783E-05
 5.34295E+01  1.50449E-05
 5.59527E+01  1.67522E-05
 5.85951E+01  1.35372E-05
 6.13623E+01  1.21378E-05
 6.42601E+01  1.09320E-05
 6.72948E+01  1.24778E-05
 7.04728E+01  9.28304E-06
 7.38009E+01  9.39972E-06
 7.72862E+01  9.18789E-06
 8.09361E+01  9.23400E-06
 8.47583E+01  1.15946E-05
 8.87610E+01  1.25718E-05
 9.29528E+01  1.61207E-05
 9.73425E+01  2.06523E-05
 1.01939E+02  3.16830E-05
 1.06754E+02  5.45255E-05
 1.11795E+02  8.76167E-05
 1.17075E+02  1.48029E-04
 1.22603E+02  2.46957E-04
 1.28393E+02  4.02217E-04
 1.34457E+02  6.62206E-04
 1.40807E+02  1.03660E-03
 1.47456E+02  1.68500E-03
 1.54420E+02  2.40917E-03
 1.61712E+02  3.53898E-03
 1.69349E+02  5.23501E-03
 1.77347E+02  7.54922E-03
 1.85722E+02  1.05074E-02
 1.94493E+02  1.46132E-02
 2.03678E+02  1.98548E-02
 2.13297E+02  2.65831E-02
 2.23369E+02  3.46510E-02
 2.33918E+02  4.44291E-02
 2.44965E+02  5.54467E-02
 2.56533E+02  6.82546E-02
 2.68648E+02  8.17881E-02
 2.81335E+02  9.64639E-02
 2.94621E+02  1.11570E-01
 3.08535E+02  1.26681E-01
 3.23106E+02  1.41281E-01
 3.38364E+02  1.54835E-01
 3.54344E+02  1.66509E-01
 3.71078E+02  1.76996E-01
 3.88602E+02  1.85799E-01
 4.06954E+02  1.93413E-01
 4.26172E+02  1.97749E-01
 4.46298E+02  2.00347E-01
 4.67375E+02  2.00557E-01
 4.89446E+02  1.98829E-01
 5.12561E+02  1.96048E-01
 5.36766E+02  1.92346E-01
 5.62115E+02  1.85875E-01
 5.88661E+02  1.78564E-01
 6.16461E+02  1.71390E-01
 6.45573E+02  1.61816E-01
 6.76061E+02  1.53435E-01
 7.07988E+02  1.43543E-01
 7.41423E+02  1.33662E-01
 7.76437E+02  1.23946E-01
 8.13104E+02  1.14247E-01
 8.51503E+02  1.04955E-01
 8.91715E+02  9.62253E-02
 9.33827E+02  8.78130E-02
 9.77927E+02  7.99134E-02
 1.02411E+03  7.22443E-02
 1.07247E+03  6.50142E-02
 1.12312E+03  5.81648E-02
 1.17616E+03  5.20558E-02
 1.23171E+03  4.65738E-02
 1.28987E+03  4.08366E-02
 1.35079E+03  3.62245E-02
 1.41458E+03  3.17306E-02
 1.48138E+03  2.81268E-02
 1.55134E+03  2.44376E-02
 1.62460E+03  2.08116E-02
 1.70133E+03  1.82284E-02
 1.78167E+03  1.57198E-02
 1.86581E+03  1.36093E-02
 1.95392E+03  1.20011E-02
 2.04620E+03  9.81951E-03
 2.14283E+03  8.61830E-03
 2.24403E+03  7.42969E-03
 2.35000E+03  6.13135E-03
 2.46098E+03  5.39386E-03
 2.57720E+03  4.73287E-03
 2.69891E+03  3.74677E-03
 2.82636E+03  3.23051E-03
 2.95984E+03  2.91744E-03
 3.09962E+03  2.31250E-03
 3.24600E+03  1.89139E-03
 3.39929E+03  1.62343E-03
 3.55982E+03  1.60153E-03
 3.72794E+03  1.12095E-03
 3.90399E+03  9.86923E-04
 4.08836E+03  7.11164E-04
 4.28143E+03  7.55752E-04
 4.48362E+03  6.22793E-04
 4.69536E+03  4.82413E-04
 4.91710E+03  4.46219E-04
 5.14931E+03  3.07266E-04
 5.39249E+03  3.36963E-04
 5.64715E+03  2.79004E-04
 5.91384E+03  1.85857E-04
 6.19312E+03  2.04998E-04
 6.48559E+03  1.25822E-04
 6.79188E+03  1.02449E-04
 7.11262E+03  9.54559E-05
 7.44852E+03  1.45490E-04
