 7.87260E-05  0.00000E+00
 8.24438E-05  0.00000E+00
 8.63372E-05  0.00000E+00
 9.04145E-05  0.00000E+00
 9.46844E-05  0.00000E+00
 9.91559E-05  0.00000E+00
 1.03839E-04  0.00000E+00
 1.08742E-04  0.00000E+00
 1.13878E-04  0.00000E+00
 1.19256E-04  0.00000E+00
 1.24887E-04  0.00000E+00
 1.30785E-04  0.00000E+00
 1.36962E-04  0.00000E+00
 1.43430E-04  0.00000E+00
 1.50203E-04  0.00000E+00
 1.57297E-04  0.00000E+00
 1.64725E-04  0.00000E+00
 1.72504E-04  0.00000E+00
 1.80651E-04  0.00000E+00
 1.89182E-04  0.00000E+00
 1.98116E-04  0.00000E+00
 2.07472E-04  0.00000E+00
 2.17270E-04  0.00000E+00
 2.27531E-04  0.00000E+00
 2.38276E-04  0.00000E+00
 2.49528E-04  0.00000E+00
 2.61312E-04  0.00000E+00
 2.73653E-04  0.00000E+00
 2.86576E-04  0.00000E+00
 3.00110E-04  0.00000E+00
 3.14283E-04  0.00000E+00
 3.29125E-04  0.00000E+00
 3.44668E-04  0.00000E+00
 3.60945E-04  0.00000E+00
 3.77990E-04  0.00000E+00
 3.95841E-04  0.00000E+00
 4.14535E-04  0.00000E+00
 4.34111E-04  0.00000E+00
 4.54612E-04  0.00000E+00
 4.76081E-04  0.00000E+00
 4.98564E-04  0.00000E+00
 5.22109E-04  0.00000E+00
 5.46766E-04  0.00000E+00
 5.72587E-04  0.00000E+00
 5.99627E-04  0.00000E+00
 6.27945E-04  0.00000E+00
 6.57600E-04  0.00000E+00
 6.88655E-04  0.00000E+00
 7.21177E-04  0.00000E+00
 7.55235E-04  0.00000E+00
 7.90901E-04  0.00000E+00
 8.28251E-04  0.00000E+00
 8.67366E-04  0.00000E+00
 9.08327E-04  0.00000E+00
 9.51223E-04  0.00000E+00
 9.96145E-04  0.00000E+00
 1.04319E-03  0.00000E+00
 1.09245E-03  0.00000E+00
 1.14404E-03  0.00000E+00
 1.19807E-03  0.00000E+00
 1.25465E-03  0.00000E+00
 1.31390E-03  0.00000E+00
 1.37595E-03  0.00000E+00
 1.44093E-03  0.00000E+00
 1.50898E-03  0.00000E+00
 1.58024E-03  0.00000E+00
 1.65487E-03  0.00000E+00
 1.73302E-03  0.00000E+00
 1.81486E-03  0.00000E+00
 1.90057E-03  0.00000E+00
 1.99032E-03  0.00000E+00
 2.08432E-03  0.00000E+00
 2.18275E-03  0.00000E+00
 2.28583E-03  0.00000E+00
 2.39378E-03  0.00000E+00
 2.50683E-03  0.00000E+00
 2.62521E-03  0.00000E+00
 2.74919E-03  0.00000E+00
 2.87902E-03  0.00000E+00
 3.01498E-03  0.00000E+00
 3.15736E-03  0.00000E+00
 3.30647E-03  0.00000E+00
 3.46262E-03  0.00000E+00
 3.62614E-03  0.00000E+00
 3.79739E-03  0.00000E+00
 3.97672E-03  0.00000E+00
 4.16452E-03  0.00000E+00
 4.36119E-03  0.00000E+00
 4.56715E-03  0.00000E+00
 4.78283E-03  0.00000E+00
 5.00870E-03  0.00000E+00
 5.24524E-03  0.00000E+00
 5.49295E-03  0.00000E+00
 5.75235E-03  0.00000E+00
 6.02401E-03  0.00000E+00
 6.30849E-03  0.00000E+00
 6.60641E-03  0.00000E+00
 6.91840E-03  0.00000E+00
 7.24512E-03  0.00000E+00
 7.58728E-03  0.00000E+00
 7.94559E-03  0.00000E+00
 8.32082E-03  0.00000E+00
 8.71377E-03  0.00000E+00
 9.12528E-03  0.00000E+00
 9.55622E-03  0.00000E+00
 1.00075E-02  0.00000E+00
 1.04801E-02  0.00000E+00
 1.09751E-02  0.00000E+00
 1.14934E-02  0.00000E+00
 1.20361E-02  0.00000E+00
 1.26045E-02  0.00000E+00
 1.31998E-02  0.00000E+00
 1.38231E-02  0.00000E+00
 1.44759E-02  0.00000E+00
 1.51596E-02  0.00000E+00
 1.58755E-02  0.00000E+00
 1.66252E-02  0.00000E+00
 1.74103E-02  0.00000E+00
 1.82326E-02  0.00000E+00
 1.90936E-02  0.00000E+00
 1.99953E-02  0.00000E+00
 2.09396E-02  0.00000E+00
 2.19284E-02  0.00000E+00
 2.29640E-02  0.00000E+00
 2.40485E-02  0.00000E+00
 2.51842E-02  0.00000E+00
 2.63735E-02  0.00000E+00
 2.76190E-02  0.00000E+00
 2.89233E-02  0.00000E+00
 3.02892E-02  0.00000E+00
 3.17197E-02  0.00000E+00
 3.32176E-02  0.00000E+00
 3.47863E-02  0.00000E+00
 3.64291E-02  0.00000E+00
 3.81495E-02  0.00000E+00
 3.99511E-02  0.00000E+00
 4.18378E-02  0.00000E+00
 4.38136E-02  0.00000E+00
 4.58827E-02  0.00000E+00
 4.80495E-02  0.00000E+00
 5.03187E-02  0.00000E+00
 5.26950E-02  0.00000E+00
 5.51835E-02  0.00000E+00
 5.77896E-02  0.00000E+00
 6.05187E-02  0.00000E+00
 6.33767E-02  0.00000E+00
 6.63697E-02  0.00000E+00
 6.95040E-02  0.00000E+00
 7.27863E-02  0.00000E+00
 7.62237E-02  0.00000E+00
 7.98234E-02  0.00000E+00
 8.35930E-02  0.00000E+00
 8.75407E-02  0.00000E+00
 9.16749E-02  0.00000E+00
 9.60042E-02  0.00000E+00
 1.00538E-01  0.00000E+00
 1.05286E-01  0.00000E+00
 1.10258E-01  0.00000E+00
 1.15465E-01  0.00000E+00
 1.20918E-01  0.00000E+00
 1.26628E-01  0.00000E+00
 1.32608E-01  0.00000E+00
 1.38871E-01  0.00000E+00
 1.45429E-01  0.00000E+00
 1.52297E-01  0.00000E+00
 1.59489E-01  0.00000E+00
 1.67021E-01  0.00000E+00
 1.74909E-01  4.79817E-15
 1.83169E-01  7.15094E-15
 1.91819E-01  1.99969E-14
 2.00878E-01  1.00028E-14
 2.10364E-01  4.63616E-15
 2.20299E-01  1.36795E-15
 2.30702E-01  8.59895E-16
 2.41597E-01  4.74385E-16
 2.53007E-01  1.83540E-16
 2.64955E-01  6.68522E-17
 2.77468E-01  3.04735E-17
 2.90571E-01  1.15363E-17
 3.04293E-01  4.85213E-18
 3.18664E-01  2.62140E-18
 3.33713E-01  1.10429E-18
 3.49472E-01  5.12764E-19
 3.65976E-01  2.69802E-19
 3.83259E-01  1.66495E-19
 4.01359E-01  1.77298E-19
 4.20313E-01  1.10264E-19
 4.40162E-01  1.00010E-19
 4.60949E-01  1.06241E-19
 4.82718E-01  2.05737E-19
 5.05514E-01  3.72121E-19
 5.29387E-01  1.31815E-18
 5.54387E-01  8.67003E-18
 5.80569E-01  1.07259E-16
 6.07986E-01  2.35214E-15
 6.36698E-01  1.93211E-13
 6.66766E-01  4.52471E-11
 6.98255E-01  9.95379E-07
 7.31230E-01  9.46724E-06
 7.65762E-01  1.28749E-05
 8.01926E-01  1.41700E-05
 8.39797E-01  1.73978E-05
 8.79456E-01  1.87026E-05
 9.07247E-01  1.65730E-05
 9.07353E-01  1.65648E-05
 9.07459E-01  1.65565E-05
 9.07565E-01  1.65482E-05
 9.07671E-01  1.65399E-05
 9.07777E-01  1.65316E-05
 9.07883E-01  1.65233E-05
 9.07989E-01  1.65150E-05
 9.08095E-01  1.65067E-05
 9.08201E-01  1.64984E-05
 9.08308E-01  1.64901E-05
 9.08414E-01  1.64818E-05
 9.08520E-01  1.64735E-05
 9.08626E-01  1.64652E-05
 9.08732E-01  1.64569E-05
 9.08839E-01  1.64486E-05
 9.08945E-01  1.64403E-05
 9.09051E-01  1.64319E-05
 9.09158E-01  1.64236E-05
 9.09264E-01  1.64153E-05
 9.09370E-01  1.64069E-05
 9.09477E-01  1.63986E-05
 9.09583E-01  1.63903E-05
 9.09690E-01  1.63819E-05
 9.09796E-01  1.63736E-05
 9.09903E-01  1.63652E-05
 9.10009E-01  1.63569E-05
 9.10116E-01  1.63485E-05
 9.10222E-01  1.63401E-05
 9.10329E-01  1.63318E-05
 9.10436E-01  1.63234E-05
 9.10542E-01  1.63150E-05
 9.10649E-01  1.63067E-05
 9.10756E-01  1.62983E-05
 9.10862E-01  1.62899E-05
 9.10969E-01  1.62815E-05
 9.11076E-01  1.62732E-05
 9.11183E-01  1.62648E-05
 9.11290E-01  1.62564E-05
 9.11396E-01  1.62527E-05
 9.11503E-01  1.62396E-05
 9.11610E-01  1.62312E-05
 9.11717E-01  1.62228E-05
 9.11824E-01  1.62144E-05
 9.11931E-01  1.62060E-05
 9.12038E-01  1.61975E-05
 9.12145E-01  1.61891E-05
 9.12252E-01  1.61807E-05
 9.12359E-01  1.61723E-05
 9.12466E-01  1.61639E-05
 9.12574E-01  1.61554E-05
 9.12681E-01  1.61470E-05
 9.12788E-01  1.61386E-05
 9.12895E-01  1.61301E-05
 9.13002E-01  1.61217E-05
 9.13110E-01  1.61132E-05
 9.13217E-01  1.61048E-05
 9.13324E-01  1.60963E-05
 9.13432E-01  1.60879E-05
 9.13539E-01  1.60794E-05
 9.13646E-01  1.60710E-05
 9.13754E-01  1.60625E-05
 9.13861E-01  1.60540E-05
 9.13969E-01  1.60456E-05
 9.14076E-01  1.60371E-05
 9.14184E-01  1.60286E-05
 9.14291E-01  1.60201E-05
 9.14399E-01  1.60116E-05
 9.14506E-01  1.60031E-05
 9.14614E-01  1.59947E-05
 9.14722E-01  1.59862E-05
 9.14829E-01  1.59777E-05
 9.14937E-01  1.59692E-05
 9.15045E-01  1.59607E-05
 9.15152E-01  1.59522E-05
 9.15260E-01  1.59436E-05
 9.15368E-01  1.59351E-05
 9.15476E-01  1.59266E-05
 9.15584E-01  1.59181E-05
 9.15692E-01  1.59096E-05
 9.15799E-01  1.59011E-05
 9.15907E-01  1.58939E-05
 9.16015E-01  1.58840E-05
 9.16123E-01  1.58755E-05
 9.16231E-01  1.58669E-05
 9.16339E-01  1.58584E-05
 9.16447E-01  1.58498E-05
 9.16555E-01  1.58413E-05
 9.16664E-01  1.58327E-05
 9.16772E-01  1.58242E-05
 9.16880E-01  1.58156E-05
 9.16988E-01  1.58071E-05
 9.17096E-01  1.57985E-05
 9.17204E-01  1.57899E-05
 9.17313E-01  1.57813E-05
 9.17421E-01  1.57728E-05
 9.17529E-01  1.57642E-05
 9.17638E-01  1.57558E-05
 9.17746E-01  1.57470E-05
 9.17854E-01  1.57384E-05
 9.17963E-01  1.57298E-05
 9.18071E-01  1.57213E-05
 9.18180E-01  1.57127E-05
 9.18288E-01  1.57128E-05
 9.18397E-01  1.56955E-05
 9.18505E-01  1.56868E-05
 9.18614E-01  1.56782E-05
 9.18722E-01  1.56696E-05
 9.18831E-01  1.56610E-05
 9.18940E-01  1.56524E-05
 9.19048E-01  1.56438E-05
 9.19157E-01  1.56351E-05
 9.19266E-01  1.56265E-05
 9.19374E-01  1.56179E-05
 9.19483E-01  1.56092E-05
 9.19592E-01  1.56006E-05
 9.19701E-01  1.55919E-05
 9.19810E-01  1.55833E-05
 9.19918E-01  1.55747E-05
 9.20027E-01  1.55660E-05
 9.20136E-01  1.55573E-05
 9.20245E-01  1.55487E-05
 9.20354E-01  1.55400E-05
 9.20463E-01  1.55314E-05
 9.20572E-01  1.55227E-05
 9.20681E-01  1.55169E-05
 9.20790E-01  1.55053E-05
 9.20899E-01  1.54967E-05
 9.20989E-01  1.54896E-05
 9.21009E-01  1.54915E-05
 9.21118E-01  1.55019E-05
 9.21227E-01  1.55124E-05
 9.21336E-01  1.55228E-05
 9.21445E-01  1.55333E-05
 9.21555E-01  1.55438E-05
 9.21664E-01  1.55542E-05
 9.21773E-01  1.55647E-05
 9.21883E-01  1.55752E-05
 9.21992E-01  1.55857E-05
 9.22101E-01  1.55961E-05
 9.22211E-01  1.56116E-05
 9.22320E-01  1.56175E-05
 9.22430E-01  1.56277E-05
 9.22539E-01  1.56381E-05
 9.22649E-01  1.56486E-05
 9.22758E-01  1.56601E-05
 9.22868E-01  1.56696E-05
 9.22977E-01  1.56801E-05
 9.23087E-01  1.56907E-05
 9.23197E-01  1.57012E-05
 9.23306E-01  1.59737E-05
 9.23416E-01  1.57222E-05
 9.23526E-01  1.57841E-05
 9.23635E-01  1.57433E-05
 9.23745E-01  1.57538E-05
 9.23855E-01  1.57644E-05
 9.23965E-01  1.57749E-05
 9.24075E-01  1.57855E-05
 9.24185E-01  1.57960E-05
 9.24295E-01  1.58067E-05
 9.24404E-01  1.58171E-05
 9.24514E-01  1.61022E-05
 9.24624E-01  1.58383E-05
 9.24734E-01  1.58488E-05
 9.24844E-01  1.58594E-05
 9.24955E-01  1.58700E-05
 9.25065E-01  1.62274E-05
 9.25175E-01  1.58911E-05
 9.25285E-01  1.59017E-05
 9.25395E-01  1.59123E-05
 9.25505E-01  1.59229E-05
 9.25615E-01  1.59335E-05
 9.25726E-01  1.59450E-05
 9.25836E-01  1.59547E-05
 9.25946E-01  1.59653E-05
 9.26057E-01  1.59759E-05
 9.26167E-01  1.59865E-05
 9.26277E-01  1.59971E-05
 9.26388E-01  1.60081E-05
 9.26498E-01  1.60184E-05
 9.26609E-01  1.60290E-05
 9.26719E-01  1.60396E-05
 9.26830E-01  1.60503E-05
 9.26940E-01  1.60609E-05
 9.27051E-01  1.60716E-05
 9.27161E-01  1.60822E-05
 9.27272E-01  1.63734E-05
 9.27383E-01  1.61035E-05
 9.27493E-01  1.61142E-05
 9.27604E-01  1.61248E-05
 9.27715E-01  1.61355E-05
 9.27825E-01  1.61462E-05
 9.27936E-01  1.61568E-05
 9.28047E-01  1.61675E-05
 9.28158E-01  1.61782E-05
 9.28269E-01  1.61899E-05
 9.28380E-01  1.61996E-05
 9.28491E-01  1.62103E-05
 9.28601E-01  1.62209E-05
 9.28712E-01  1.62316E-05
 9.28823E-01  1.64332E-05
 9.28934E-01  1.63605E-05
 9.29045E-01  1.66874E-05
 9.29157E-01  1.62749E-05
 9.29268E-01  1.73431E-05
 9.29379E-01  2.03757E-05
 9.29490E-01  1.63069E-05
 9.29601E-01  1.63285E-05
 9.29712E-01  1.63281E-05
 9.29823E-01  1.83960E-05
 9.29935E-01  1.72655E-05
 9.30046E-01  1.68835E-05
 9.30157E-01  1.63710E-05
 9.30269E-01  1.66217E-05
 9.30380E-01  1.77143E-05
 9.30491E-01  1.64915E-05
 9.30603E-01  2.04645E-05
 9.30714E-01  1.79244E-05
 9.30826E-01  2.08295E-05
 9.30937E-01  1.99941E-05
 9.31049E-01  2.77483E-05
 9.31160E-01  1.76756E-05
 9.31272E-01  2.45819E-05
 9.31383E-01  2.95512E-05
 9.31495E-01  3.54759E-05
 9.31607E-01  3.80741E-05
 9.31718E-01  5.03284E-05
 9.31830E-01  4.49448E-05
 9.31942E-01  6.81612E-05
 9.32054E-01  9.16126E-05
 9.32165E-01  9.81369E-05
 9.32277E-01  1.47475E-04
 9.32389E-01  1.76409E-04
 9.32501E-01  1.90662E-04
 9.32613E-01  2.13004E-04
 9.32725E-01  2.59834E-04
 9.32837E-01  3.30300E-04
 9.32949E-01  3.80816E-04
 9.33061E-01  4.15844E-04
 9.33173E-01  4.75953E-04
 9.33285E-01  5.51433E-04
 9.33397E-01  7.21064E-04
 9.33509E-01  7.48173E-04
 9.33621E-01  8.15688E-04
 9.33733E-01  9.69255E-04
 9.33845E-01  1.10520E-03
 9.33958E-01  1.13205E-03
 9.34070E-01  1.11662E-03
 9.34182E-01  1.03647E-03
 9.34295E-01  1.10304E-03
 9.34407E-01  1.10861E-03
 9.34519E-01  1.17441E-03
 9.34632E-01  9.90256E-04
 9.34744E-01  9.55462E-04
 9.34856E-01  8.60600E-04
 9.34969E-01  8.22384E-04
 9.35081E-01  7.91346E-04
 9.35194E-01  8.29096E-04
 9.35306E-01  7.79105E-04
 9.35419E-01  8.56983E-04
 9.35532E-01  8.84712E-04
 9.35644E-01  8.86855E-04
 9.35757E-01  9.49863E-04
 9.35870E-01  7.94105E-04
 9.35982E-01  7.54492E-04
 9.36095E-01  7.47422E-04
 9.36208E-01  6.52903E-04
 9.36321E-01  5.59243E-04
 9.36433E-01  5.53859E-04
 9.36546E-01  5.31548E-04
 9.36659E-01  4.69302E-04
 9.36772E-01  4.14529E-04
 9.36885E-01  3.93628E-04
 9.36998E-01  3.64693E-04
 9.37111E-01  4.08831E-04
 9.37224E-01  3.43406E-04
 9.37337E-01  3.70644E-04
 9.37450E-01  3.57843E-04
 9.37563E-01  2.82814E-04
 9.37676E-01  2.77731E-04
 9.37789E-01  2.94310E-04
 9.37902E-01  3.04454E-04
 9.38016E-01  2.64876E-04
 9.38129E-01  2.91483E-04
 9.38242E-01  2.79489E-04
 9.38355E-01  2.38456E-04
 9.38469E-01  2.27756E-04
 9.38582E-01  2.81017E-04
 9.38695E-01  2.36118E-04
 9.38809E-01  2.62747E-04
 9.38922E-01  1.92846E-04
 9.39036E-01  2.10624E-04
 9.39149E-01  2.13143E-04
 9.39263E-01  2.05059E-04
 9.39376E-01  2.26115E-04
 9.39490E-01  2.25736E-04
 9.39603E-01  2.15445E-04
 9.39717E-01  2.18654E-04
 9.39830E-01  2.05048E-04
 9.39944E-01  2.04812E-04
 9.40058E-01  2.26090E-04
 9.40172E-01  1.98070E-04
 9.40285E-01  2.04711E-04
 9.40399E-01  1.54735E-04
 9.40513E-01  2.04257E-04
 9.40627E-01  1.77601E-04
 9.40741E-01  2.42039E-04
 9.40854E-01  2.07211E-04
 9.40968E-01  2.00147E-04
 9.41082E-01  2.29683E-04
 9.41196E-01  1.73095E-04
 9.41310E-01  1.99799E-04
 9.41424E-01  1.74678E-04
 9.41538E-01  1.60608E-04
 9.41652E-01  1.76002E-04
 9.41766E-01  2.34166E-04
 9.41881E-01  2.06743E-04
 9.41995E-01  1.57779E-04
 9.42109E-01  1.68945E-04
 9.42223E-01  2.06168E-04
 9.42337E-01  1.42253E-04
 9.42452E-01  1.78715E-04
 9.42566E-01  2.14133E-04
 9.42680E-01  1.43815E-04
 9.42795E-01  1.94587E-04
 9.42909E-01  1.62574E-04
 9.43023E-01  1.48377E-04
 9.43138E-01  1.78321E-04
 9.43252E-01  1.63857E-04
 9.43367E-01  1.61529E-04
 9.43481E-01  1.15916E-04
 9.43596E-01  1.50817E-04
 9.43710E-01  1.45950E-04
 9.43825E-01  1.12903E-04
 9.43940E-01  1.59736E-04
 9.44054E-01  1.43880E-04
 9.44169E-01  1.86370E-04
 9.44284E-01  1.44142E-04
 9.44398E-01  1.39806E-04
 9.44513E-01  1.16288E-04
 9.44628E-01  9.38990E-05
 9.44743E-01  9.63260E-05
 9.44858E-01  1.04344E-04
 9.44973E-01  9.91090E-05
 9.45088E-01  1.44451E-04
 9.45202E-01  1.51248E-04
 9.45317E-01  1.32920E-04
 9.45432E-01  1.32815E-04
 9.45547E-01  1.29029E-04
 9.45662E-01  1.13836E-04
 9.45778E-01  1.14939E-04
 9.45893E-01  1.06291E-04
 9.46008E-01  1.16184E-04
 9.46123E-01  1.14164E-04
 9.46238E-01  1.27830E-04
 9.46353E-01  1.51395E-04
 9.46469E-01  9.75314E-05
 9.46584E-01  7.50543E-05
 9.46699E-01  9.37922E-05
 9.46814E-01  1.08006E-04
 9.46930E-01  8.06363E-05
 9.47045E-01  9.62083E-05
 9.47161E-01  9.35897E-05
 9.47276E-01  1.02981E-04
 9.47392E-01  7.99978E-05
 9.47507E-01  7.63325E-05
 9.47623E-01  6.65649E-05
 9.47738E-01  8.24783E-05
 9.47854E-01  6.71739E-05
 9.47969E-01  7.61754E-05
 9.48085E-01  6.51827E-05
 9.48201E-01  5.89055E-05
 9.48316E-01  7.49403E-05
 9.48432E-01  7.60953E-05
 9.48548E-01  6.34270E-05
 9.48664E-01  7.30010E-05
 9.48779E-01  5.28202E-05
 9.48895E-01  7.43515E-05
 9.49011E-01  8.86673E-05
 9.49127E-01  7.14582E-05
 9.49243E-01  6.69245E-05
 9.49359E-01  5.87197E-05
 9.49475E-01  4.62136E-05
 9.49591E-01  5.35564E-05
 9.49707E-01  5.46456E-05
 9.49823E-01  5.85632E-05
 9.49939E-01  5.24941E-05
 9.50055E-01  6.34598E-05
 9.50171E-01  4.73868E-05
 9.50287E-01  5.28844E-05
 9.50404E-01  6.42207E-05
 9.50520E-01  4.50373E-05
 9.50636E-01  5.44559E-05
 9.50752E-01  5.63694E-05
 9.50869E-01  5.62626E-05
 9.50985E-01  6.47631E-05
 9.51102E-01  4.41020E-05
 9.51218E-01  4.80395E-05
 9.51334E-01  5.20015E-05
 9.51451E-01  3.41369E-05
 9.51567E-01  3.31318E-05
 9.51684E-01  4.49645E-05
 9.51800E-01  5.40272E-05
 9.51917E-01  4.10306E-05
 9.52034E-01  3.99452E-05
 9.52150E-01  3.91783E-05
 9.52267E-01  5.45352E-05
 9.52384E-01  4.19838E-05
 9.52500E-01  3.21596E-05
 9.52617E-01  3.53116E-05
 9.52734E-01  2.67362E-05
 9.52851E-01  4.47957E-05
 9.52967E-01  3.39445E-05
 9.53084E-01  2.99402E-05
 9.53201E-01  2.71058E-05
 9.53318E-01  2.12084E-05
 9.53435E-01  2.48614E-05
 9.53552E-01  3.54022E-05
 9.53669E-01  3.97910E-05
 9.53786E-01  4.05669E-05
 9.53903E-01  2.87677E-05
 9.54020E-01  2.19071E-05
 9.54137E-01  3.38728E-05
 9.54254E-01  2.59507E-05
 9.54372E-01  3.55391E-05
 9.54489E-01  3.61757E-05
 9.54606E-01  2.55428E-05
 9.54723E-01  2.90145E-05
 9.54841E-01  2.71735E-05
 9.54958E-01  2.76874E-05
 9.55075E-01  2.83964E-05
 9.55193E-01  2.73835E-05
 9.55310E-01  2.66223E-05
 9.55428E-01  2.34286E-05
 9.55545E-01  2.56214E-05
 9.55663E-01  1.95473E-05
 9.55780E-01  2.20259E-05
 9.55898E-01  2.30665E-05
 9.56015E-01  2.75712E-05
 9.56133E-01  2.38407E-05
 9.56250E-01  2.58907E-05
 9.56368E-01  2.02944E-05
 9.56486E-01  2.12282E-05
 9.56604E-01  2.40685E-05
 9.56721E-01  2.64043E-05
 9.56839E-01  2.39506E-05
 9.56957E-01  2.55937E-05
 9.57075E-01  1.93287E-05
 9.57193E-01  2.32332E-05
 9.57310E-01  1.90448E-05
 9.57428E-01  2.10062E-05
 9.57546E-01  2.57214E-05
 9.57664E-01  2.10919E-05
 9.57782E-01  2.21036E-05
 9.57900E-01  2.10677E-05
 9.58018E-01  2.05898E-05
 9.58137E-01  1.94289E-05
 9.58255E-01  1.94204E-05
 9.58373E-01  1.95398E-05
 9.58491E-01  1.94543E-05
 9.58609E-01  2.26747E-05
 9.58728E-01  1.92031E-05
 9.58846E-01  2.12151E-05
 9.58964E-01  2.21069E-05
 9.59082E-01  2.28290E-05
 9.59201E-01  2.01662E-05
 9.59319E-01  1.99618E-05
 9.59438E-01  1.92383E-05
 9.59556E-01  1.92454E-05
 9.59675E-01  2.20622E-05
 9.59793E-01  1.92728E-05
 9.59912E-01  2.03160E-05
 9.60030E-01  1.93240E-05
 9.60149E-01  1.93946E-05
 9.60267E-01  1.93360E-05
 9.60386E-01  1.94365E-05
 9.60505E-01  1.95405E-05
 9.60624E-01  1.93637E-05
 9.60742E-01  1.94111E-05
 9.60861E-01  1.95668E-05
 9.60980E-01  1.93868E-05
 9.61099E-01  1.97952E-05
 9.61218E-01  1.94098E-05
 9.61336E-01  1.94216E-05
 9.61455E-01  1.94356E-05
 9.61574E-01  1.97929E-05
 9.61693E-01  1.94585E-05
 9.61812E-01  1.97129E-05
 9.61931E-01  1.94828E-05
 9.62050E-01  1.95280E-05
 9.62170E-01  1.96511E-05
 9.62289E-01  1.95171E-05
 9.62408E-01  2.18668E-05
 9.62527E-01  1.95399E-05
 9.62646E-01  1.97046E-05
 9.62765E-01  1.96767E-05
 9.62885E-01  1.96007E-05
 9.63004E-01  1.95888E-05
 9.63123E-01  1.95989E-05
 9.63243E-01  1.96107E-05
 9.63362E-01  2.02958E-05
 9.64483E-01  1.97338E-05
 1.01003E+00  2.21274E-05
 1.05773E+00  2.34688E-05
 1.10768E+00  2.49013E-05
 1.15999E+00  2.65613E-05
 1.21477E+00  2.85338E-05
 1.27214E+00  2.88264E-05
 1.33222E+00  2.72261E-05
 1.39513E+00  2.57496E-05
 1.46102E+00  2.31957E-05
 1.53001E+00  2.10346E-05
 1.60227E+00  1.97129E-05
 1.67794E+00  1.86130E-05
 1.75718E+00  1.77033E-05
 1.84016E+00  1.75088E-05
 1.92706E+00  1.87118E-05
 2.01807E+00  1.93066E-05
 2.11337E+00  1.94726E-05
 2.21318E+00  2.05295E-05
 2.31769E+00  2.13237E-05
 2.42715E+00  2.17964E-05
 2.54177E+00  2.23371E-05
 2.66180E+00  2.32199E-05
 2.78751E+00  2.47789E-05
 2.91915E+00  3.67042E-05
 3.05701E+00  4.64267E-05
 3.20137E+00  4.83743E-05
 3.35256E+00  5.00696E-05
 3.51089E+00  5.30874E-05
 3.67669E+00  5.23859E-05
 3.85032E+00  5.45762E-05
 4.03215E+00  5.47102E-05
 4.22257E+00  5.51562E-05
 4.42198E+00  5.67007E-05
 4.63081E+00  5.73831E-05
 4.84950E+00  5.70588E-05
 5.07852E+00  5.70437E-05
 5.31836E+00  5.96474E-05
 5.56952E+00  5.99581E-05
 5.83254E+00  6.03568E-05
 6.10798E+00  6.02871E-05
 6.39643E+00  5.98552E-05
 6.69850E+00  6.36189E-05
 7.01484E+00  6.56965E-05
 7.34612E+00  6.76934E-05
 7.69304E+00  6.72506E-05
 8.05634E+00  6.72217E-05
 8.43681E+00  6.58212E-05
 8.83524E+00  6.70336E-05
 9.25248E+00  6.61057E-05
 9.68943E+00  6.72126E-05
 1.01470E+01  6.79201E-05
 1.06262E+01  6.79725E-05
 1.11280E+01  6.86969E-05
 1.16536E+01  6.81704E-05
 1.22039E+01  6.83232E-05
 1.27802E+01  6.85417E-05
 1.33838E+01  6.75417E-05
 1.40158E+01  6.49799E-05
 1.46777E+01  6.20068E-05
 1.53709E+01  5.86411E-05
 1.60968E+01  5.68527E-05
 1.68570E+01  5.60455E-05
 1.76530E+01  5.27159E-05
 1.84867E+01  4.80353E-05
 1.93597E+01  4.39478E-05
 2.02740E+01  4.57923E-05
 2.12315E+01  4.24156E-05
 2.22341E+01  4.22318E-05
 2.32841E+01  4.00212E-05
 2.43837E+01  3.83597E-05
 2.55352E+01  3.56416E-05
 2.67412E+01  3.48231E-05
 2.80040E+01  3.36875E-05
 2.93265E+01  2.93855E-05
 3.07115E+01  2.65401E-05
 3.21618E+01  2.74186E-05
 3.36807E+01  2.30973E-05
 3.52712E+01  2.02345E-05
 3.69369E+01  1.92936E-05
 3.86813E+01  1.91494E-05
 4.05080E+01  1.84763E-05
 4.24210E+01  1.92006E-05
 4.44243E+01  1.58741E-05
 4.65223E+01  1.59061E-05
 4.87193E+01  1.56571E-05
 5.10201E+01  1.28106E-05
 5.34295E+01  1.33726E-05
 5.59527E+01  1.09930E-05
 5.85951E+01  1.16072E-05
 6.13623E+01  1.15407E-05
 6.42601E+01  1.05050E-05
 6.72948E+01  8.94775E-06
 7.04728E+01  6.76395E-06
 7.38009E+01  6.16061E-06
 7.72862E+01  8.34397E-06
 8.09361E+01  8.62919E-06
 8.47583E+01  1.08888E-05
 8.87610E+01  1.29085E-05
 9.29528E+01  2.06539E-05
 9.73425E+01  2.93131E-05
 1.01939E+02  5.29076E-05
 1.06754E+02  8.95661E-05
 1.11795E+02  1.60486E-04
 1.17075E+02  2.84550E-04
 1.22603E+02  4.49484E-04
 1.28393E+02  7.58385E-04
 1.34457E+02  1.22584E-03
 1.40807E+02  1.95613E-03
 1.47456E+02  3.01000E-03
 1.54420E+02  4.51170E-03
 1.61712E+02  6.76700E-03
 1.69349E+02  9.68784E-03
 1.77347E+02  1.37934E-02
 1.85722E+02  1.91530E-02
 1.94493E+02  2.62446E-02
 2.03678E+02  3.51795E-02
 2.13297E+02  4.64086E-02
 2.23369E+02  5.97102E-02
 2.33918E+02  7.54588E-02
 2.44965E+02  9.37504E-02
 2.56533E+02  1.13887E-01
 2.68648E+02  1.35927E-01
 2.81335E+02  1.59153E-01
 2.94621E+02  1.82342E-01
 3.08535E+02  2.06013E-01
 3.23106E+02  2.27978E-01
 3.38364E+02  2.49036E-01
 3.54344E+02  2.67078E-01
 3.71078E+02  2.82584E-01
 3.88602E+02  2.94750E-01
 4.06954E+02  3.03452E-01
 4.26172E+02  3.08310E-01
 4.46298E+02  3.09688E-01
 4.67375E+02  3.07661E-01
 4.89446E+02  3.01903E-01
 5.12561E+02  2.94894E-01
 5.36766E+02  2.82419E-01
 5.62115E+02  2.69789E-01
 5.88661E+02  2.56026E-01
 6.16461E+02  2.39760E-01
 6.45573E+02  2.23401E-01
 6.76061E+02  2.07202E-01
 7.07988E+02  1.90749E-01
 7.41423E+02  1.73853E-01
 7.76437E+02  1.58133E-01
 8.13104E+02  1.43400E-01
 8.51503E+02  1.27885E-01
 8.91715E+02  1.15002E-01
 9.33827E+02  1.02618E-01
 9.77927E+02  9.09718E-02
 1.02411E+03  8.09107E-02
 1.07247E+03  7.06681E-02
 1.12312E+03  6.25443E-02
 1.17616E+03  5.44036E-02
 1.23171E+03  4.74228E-02
 1.28987E+03  4.17025E-02
 1.35079E+03  3.59492E-02
 1.41458E+03  3.14105E-02
 1.48138E+03  2.65582E-02
 1.55134E+03  2.28663E-02
 1.62460E+03  1.94247E-02
 1.70133E+03  1.61913E-02
 1.78167E+03  1.39605E-02
 1.86581E+03  1.21732E-02
 1.95392E+03  1.01407E-02
 2.04620E+03  8.83374E-03
 2.14283E+03  7.26999E-03
 2.24403E+03  6.11787E-03
 2.35000E+03  5.21068E-03
 2.46098E+03  4.41890E-03
 2.57720E+03  3.88665E-03
 2.69891E+03  2.88914E-03
 2.82636E+03  2.72119E-03
 2.95984E+03  2.15101E-03
 3.09962E+03  1.92036E-03
 3.24600E+03  1.41270E-03
 3.39929E+03  1.28289E-03
 3.55982E+03  1.23339E-03
 3.72794E+03  9.56517E-04
 3.90399E+03  5.99421E-04
 4.08836E+03  6.47932E-04
 4.28143E+03  5.11820E-04
 4.48362E+03  5.36845E-04
 4.69536E+03  4.10637E-04
 4.91710E+03  2.27668E-04
 5.14931E+03  2.20277E-04
 5.39249E+03  1.38756E-04
 5.64715E+03  1.54946E-04
 5.91384E+03  1.52071E-04
 6.19312E+03  1.06330E-04
 6.48559E+03  1.00615E-04
 6.79188E+03  5.84553E-05
 7.11262E+03  9.75913E-05
 7.44852E+03  6.40124E-05
