 7.87260E-05  0.00000E+00
 8.24438E-05  0.00000E+00
 8.63372E-05  0.00000E+00
 9.04145E-05  0.00000E+00
 9.46844E-05  0.00000E+00
 9.91559E-05  0.00000E+00
 1.03839E-04  0.00000E+00
 1.08742E-04  0.00000E+00
 1.13878E-04  0.00000E+00
 1.19256E-04  0.00000E+00
 1.24887E-04  0.00000E+00
 1.30785E-04  0.00000E+00
 1.36962E-04  0.00000E+00
 1.43430E-04  0.00000E+00
 1.50203E-04  0.00000E+00
 1.57297E-04  0.00000E+00
 1.64725E-04  0.00000E+00
 1.72504E-04  0.00000E+00
 1.80651E-04  0.00000E+00
 1.89182E-04  0.00000E+00
 1.98116E-04  0.00000E+00
 2.07472E-04  0.00000E+00
 2.17270E-04  0.00000E+00
 2.27531E-04  0.00000E+00
 2.38276E-04  0.00000E+00
 2.49528E-04  0.00000E+00
 2.61312E-04  0.00000E+00
 2.73653E-04  0.00000E+00
 2.86576E-04  0.00000E+00
 3.00110E-04  0.00000E+00
 3.14283E-04  0.00000E+00
 3.29125E-04  0.00000E+00
 3.44668E-04  0.00000E+00
 3.60945E-04  0.00000E+00
 3.77990E-04  0.00000E+00
 3.95841E-04  0.00000E+00
 4.14535E-04  0.00000E+00
 4.34111E-04  0.00000E+00
 4.54612E-04  0.00000E+00
 4.76081E-04  0.00000E+00
 4.98564E-04  0.00000E+00
 5.22109E-04  0.00000E+00
 5.46766E-04  0.00000E+00
 5.72587E-04  0.00000E+00
 5.99627E-04  0.00000E+00
 6.27945E-04  0.00000E+00
 6.57600E-04  0.00000E+00
 6.88655E-04  0.00000E+00
 7.21177E-04  0.00000E+00
 7.55235E-04  0.00000E+00
 7.90901E-04  0.00000E+00
 8.28251E-04  0.00000E+00
 8.67366E-04  0.00000E+00
 9.08327E-04  0.00000E+00
 9.51223E-04  0.00000E+00
 9.96145E-04  0.00000E+00
 1.04319E-03  0.00000E+00
 1.09245E-03  0.00000E+00
 1.14404E-03  0.00000E+00
 1.19807E-03  0.00000E+00
 1.25465E-03  0.00000E+00
 1.31390E-03  0.00000E+00
 1.37595E-03  0.00000E+00
 1.44093E-03  0.00000E+00
 1.50898E-03  0.00000E+00
 1.58024E-03  0.00000E+00
 1.65487E-03  0.00000E+00
 1.73302E-03  0.00000E+00
 1.81486E-03  0.00000E+00
 1.90057E-03  0.00000E+00
 1.99032E-03  0.00000E+00
 2.08432E-03  0.00000E+00
 2.18275E-03  0.00000E+00
 2.28583E-03  0.00000E+00
 2.39378E-03  0.00000E+00
 2.50683E-03  0.00000E+00
 2.62521E-03  0.00000E+00
 2.74919E-03  0.00000E+00
 2.87902E-03  0.00000E+00
 3.01498E-03  0.00000E+00
 3.15736E-03  0.00000E+00
 3.30647E-03  0.00000E+00
 3.46262E-03  0.00000E+00
 3.62614E-03  0.00000E+00
 3.79739E-03  0.00000E+00
 3.97672E-03  0.00000E+00
 4.16452E-03  0.00000E+00
 4.36119E-03  0.00000E+00
 4.56715E-03  0.00000E+00
 4.78283E-03  0.00000E+00
 5.00870E-03  0.00000E+00
 5.24524E-03  0.00000E+00
 5.49295E-03  0.00000E+00
 5.75235E-03  0.00000E+00
 6.02401E-03  0.00000E+00
 6.30849E-03  0.00000E+00
 6.60641E-03  0.00000E+00
 6.91840E-03  0.00000E+00
 7.24512E-03  0.00000E+00
 7.58728E-03  0.00000E+00
 7.94559E-03  0.00000E+00
 8.32082E-03  0.00000E+00
 8.71377E-03  0.00000E+00
 9.12528E-03  0.00000E+00
 9.55622E-03  0.00000E+00
 1.00075E-02  0.00000E+00
 1.04801E-02  0.00000E+00
 1.09751E-02  0.00000E+00
 1.14934E-02  0.00000E+00
 1.20361E-02  0.00000E+00
 1.26045E-02  0.00000E+00
 1.31998E-02  0.00000E+00
 1.38231E-02  0.00000E+00
 1.44759E-02  0.00000E+00
 1.51596E-02  0.00000E+00
 1.58755E-02  0.00000E+00
 1.66252E-02  0.00000E+00
 1.74103E-02  0.00000E+00
 1.82326E-02  0.00000E+00
 1.90936E-02  0.00000E+00
 1.99953E-02  0.00000E+00
 2.09396E-02  0.00000E+00
 2.19284E-02  0.00000E+00
 2.29640E-02  0.00000E+00
 2.40485E-02  0.00000E+00
 2.51842E-02  0.00000E+00
 2.63735E-02  0.00000E+00
 2.76190E-02  0.00000E+00
 2.89233E-02  0.00000E+00
 3.02892E-02  0.00000E+00
 3.17197E-02  0.00000E+00
 3.32176E-02  0.00000E+00
 3.47863E-02  0.00000E+00
 3.64291E-02  0.00000E+00
 3.81495E-02  0.00000E+00
 3.99511E-02  0.00000E+00
 4.18378E-02  0.00000E+00
 4.38136E-02  0.00000E+00
 4.58827E-02  0.00000E+00
 4.80495E-02  0.00000E+00
 5.03187E-02  0.00000E+00
 5.26950E-02  0.00000E+00
 5.51835E-02  0.00000E+00
 5.77896E-02  0.00000E+00
 6.05187E-02  0.00000E+00
 6.33767E-02  0.00000E+00
 6.63697E-02  0.00000E+00
 6.95040E-02  0.00000E+00
 7.27863E-02  0.00000E+00
 7.62237E-02  0.00000E+00
 7.98234E-02  0.00000E+00
 8.35930E-02  0.00000E+00
 8.75407E-02  0.00000E+00
 9.16749E-02  0.00000E+00
 9.60042E-02  0.00000E+00
 1.00538E-01  0.00000E+00
 1.05286E-01  0.00000E+00
 1.10258E-01  0.00000E+00
 1.15465E-01  0.00000E+00
 1.20918E-01  0.00000E+00
 1.26628E-01  0.00000E+00
 1.32608E-01  0.00000E+00
 1.38871E-01  0.00000E+00
 1.45429E-01  0.00000E+00
 1.52297E-01  0.00000E+00
 1.59489E-01  0.00000E+00
 1.67021E-01  0.00000E+00
 1.74909E-01  2.19342E-15
 1.83169E-01  3.53768E-14
 1.91819E-01  7.19081E-14
 2.00878E-01  3.69134E-14
 2.10364E-01  1.96359E-14
 2.20299E-01  5.63983E-15
 2.30702E-01  3.37946E-15
 2.41597E-01  1.90974E-15
 2.53007E-01  7.49320E-16
 2.64955E-01  2.82529E-16
 2.77468E-01  1.13166E-16
 2.90571E-01  5.18222E-17
 3.04293E-01  1.63314E-17
 3.18664E-01  1.16127E-17
 3.33713E-01  4.50029E-18
 3.49472E-01  2.09415E-18
 3.65976E-01  9.20391E-19
 3.83259E-01  6.56278E-19
 4.01359E-01  6.33412E-19
 4.20313E-01  4.80098E-19
 4.40162E-01  3.92571E-19
 4.60949E-01  4.27269E-19
 4.82718E-01  8.27902E-19
 5.05514E-01  1.33641E-18
 5.29387E-01  6.04867E-18
 5.54387E-01  3.61618E-17
 5.80569E-01  3.91357E-16
 6.07986E-01  1.02331E-14
 6.36698E-01  8.64864E-13
 6.66766E-01  1.91786E-10
 6.98255E-01  4.20234E-06
 7.31230E-01  4.43538E-05
 7.65762E-01  6.21537E-05
 8.01926E-01  6.90167E-05
 8.39797E-01  8.42483E-05
 8.79456E-01  8.98910E-05
 9.07247E-01  7.84688E-05
 9.07353E-01  7.84244E-05
 9.07459E-01  7.83801E-05
 9.07565E-01  7.83357E-05
 9.07671E-01  7.82913E-05
 9.07777E-01  7.82468E-05
 9.07883E-01  7.82024E-05
 9.07989E-01  7.81579E-05
 9.08095E-01  7.81134E-05
 9.08201E-01  7.80689E-05
 9.08308E-01  7.80244E-05
 9.08414E-01  7.79799E-05
 9.08520E-01  7.79354E-05
 9.08626E-01  7.78908E-05
 9.08732E-01  7.78462E-05
 9.08839E-01  7.78016E-05
 9.08945E-01  7.77570E-05
 9.09051E-01  7.77124E-05
 9.09158E-01  7.76677E-05
 9.09264E-01  7.76231E-05
 9.09370E-01  7.75784E-05
 9.09477E-01  7.75337E-05
 9.09583E-01  7.74890E-05
 9.09690E-01  7.74442E-05
 9.09796E-01  7.73995E-05
 9.09903E-01  7.73547E-05
 9.10009E-01  7.73099E-05
 9.10116E-01  7.72652E-05
 9.10222E-01  7.72203E-05
 9.10329E-01  7.71755E-05
 9.10436E-01  7.71307E-05
 9.10542E-01  7.70858E-05
 9.10649E-01  7.70409E-05
 9.10756E-01  7.69960E-05
 9.10862E-01  7.69511E-05
 9.10969E-01  7.69062E-05
 9.11076E-01  7.68612E-05
 9.11183E-01  7.68163E-05
 9.11290E-01  7.67713E-05
 9.11396E-01  7.67263E-05
 9.11503E-01  7.66813E-05
 9.11610E-01  7.66362E-05
 9.11717E-01  7.76399E-05
 9.11824E-01  7.65461E-05
 9.11931E-01  7.65010E-05
 9.12038E-01  7.64559E-05
 9.12145E-01  7.64108E-05
 9.12252E-01  7.63657E-05
 9.12359E-01  7.63205E-05
 9.12466E-01  7.62753E-05
 9.12574E-01  7.62302E-05
 9.12681E-01  7.61850E-05
 9.12788E-01  7.61397E-05
 9.12895E-01  7.60945E-05
 9.13002E-01  7.60492E-05
 9.13110E-01  7.60040E-05
 9.13217E-01  7.59587E-05
 9.13324E-01  7.59134E-05
 9.13432E-01  7.58681E-05
 9.13539E-01  7.58227E-05
 9.13646E-01  7.57774E-05
 9.13754E-01  7.57320E-05
 9.13861E-01  7.56866E-05
 9.13969E-01  7.56412E-05
 9.14076E-01  7.55958E-05
 9.14184E-01  7.55503E-05
 9.14291E-01  7.55049E-05
 9.14399E-01  7.54594E-05
 9.14506E-01  7.54139E-05
 9.14614E-01  7.53684E-05
 9.14722E-01  7.53300E-05
 9.14829E-01  7.52773E-05
 9.14937E-01  7.52318E-05
 9.15045E-01  7.51862E-05
 9.15152E-01  7.51406E-05
 9.15260E-01  7.50950E-05
 9.15368E-01  7.50493E-05
 9.15476E-01  7.50037E-05
 9.15584E-01  7.53806E-05
 9.15692E-01  7.49124E-05
 9.15799E-01  7.48667E-05
 9.15907E-01  7.48209E-05
 9.16015E-01  7.47752E-05
 9.16123E-01  7.47295E-05
 9.16231E-01  7.46837E-05
 9.16339E-01  7.46379E-05
 9.16447E-01  7.45921E-05
 9.16555E-01  7.45463E-05
 9.16664E-01  7.45005E-05
 9.16772E-01  7.44546E-05
 9.16880E-01  7.44087E-05
 9.16988E-01  7.43628E-05
 9.17096E-01  7.43169E-05
 9.17204E-01  7.42710E-05
 9.17313E-01  7.42251E-05
 9.17421E-01  7.41791E-05
 9.17529E-01  7.41331E-05
 9.17638E-01  7.40872E-05
 9.17746E-01  7.40411E-05
 9.17854E-01  7.39951E-05
 9.17963E-01  7.39491E-05
 9.18071E-01  7.39030E-05
 9.18180E-01  7.38569E-05
 9.18288E-01  7.38108E-05
 9.18397E-01  7.37647E-05
 9.18505E-01  7.37186E-05
 9.18614E-01  7.36724E-05
 9.18722E-01  7.36263E-05
 9.18831E-01  7.35801E-05
 9.18940E-01  7.35339E-05
 9.19048E-01  7.34877E-05
 9.19157E-01  7.34415E-05
 9.19266E-01  7.33952E-05
 9.19374E-01  7.33489E-05
 9.19483E-01  7.33026E-05
 9.19592E-01  7.32565E-05
 9.19701E-01  7.86145E-05
 9.19810E-01  7.31637E-05
 9.19918E-01  7.31173E-05
 9.20027E-01  7.30709E-05
 9.20136E-01  7.30246E-05
 9.20245E-01  7.29781E-05
 9.20354E-01  7.29317E-05
 9.20463E-01  7.28864E-05
 9.20572E-01  7.28388E-05
 9.20681E-01  7.27923E-05
 9.20790E-01  7.27458E-05
 9.20899E-01  7.26993E-05
 9.20989E-01  7.26613E-05
 9.21009E-01  7.26693E-05
 9.21118E-01  7.27135E-05
 9.21227E-01  7.27576E-05
 9.21336E-01  7.28017E-05
 9.21445E-01  8.44194E-05
 9.21555E-01  7.28900E-05
 9.21664E-01  7.29342E-05
 9.21773E-01  7.29784E-05
 9.21883E-01  7.30226E-05
 9.21992E-01  7.30670E-05
 9.22101E-01  7.31111E-05
 9.22211E-01  7.31553E-05
 9.22320E-01  7.31996E-05
 9.22430E-01  7.32439E-05
 9.22539E-01  7.32882E-05
 9.22649E-01  7.33325E-05
 9.22758E-01  7.33768E-05
 9.22868E-01  7.34211E-05
 9.22977E-01  7.34655E-05
 9.23087E-01  7.35099E-05
 9.23197E-01  7.35542E-05
 9.23306E-01  7.35986E-05
 9.23416E-01  7.36431E-05
 9.23526E-01  7.37731E-05
 9.23635E-01  7.37319E-05
 9.23745E-01  7.37764E-05
 9.23855E-01  7.38209E-05
 9.23965E-01  7.38654E-05
 9.24075E-01  7.55080E-05
 9.24185E-01  7.39544E-05
 9.24295E-01  7.39989E-05
 9.24404E-01  7.40435E-05
 9.24514E-01  7.40880E-05
 9.24624E-01  7.41326E-05
 9.24734E-01  7.41772E-05
 9.24844E-01  7.42218E-05
 9.24955E-01  7.42664E-05
 9.25065E-01  7.45629E-05
 9.25175E-01  7.43557E-05
 9.25285E-01  7.44004E-05
 9.25395E-01  7.46205E-05
 9.25505E-01  7.44898E-05
 9.25615E-01  7.45345E-05
 9.25726E-01  7.45792E-05
 9.25836E-01  7.46239E-05
 9.25946E-01  7.46687E-05
 9.26057E-01  7.47135E-05
 9.26167E-01  7.47583E-05
 9.26277E-01  7.48032E-05
 9.26388E-01  7.48479E-05
 9.26498E-01  7.48927E-05
 9.26609E-01  8.82810E-05
 9.26719E-01  8.30123E-05
 9.26830E-01  7.50273E-05
 9.26940E-01  7.50725E-05
 9.27051E-01  8.59299E-05
 9.27161E-01  7.51620E-05
 9.27272E-01  8.92917E-05
 9.27383E-01  7.96295E-05
 9.27493E-01  9.81988E-05
 9.27604E-01  1.01362E-04
 9.27715E-01  7.80918E-05
 9.27825E-01  9.68100E-05
 9.27936E-01  7.97272E-05
 9.28047E-01  1.03452E-04
 9.28158E-01  7.93773E-05
 9.28269E-01  1.00966E-04
 9.28380E-01  1.09748E-04
 9.28491E-01  8.87796E-05
 9.28601E-01  8.42018E-05
 9.28712E-01  1.13467E-04
 9.28823E-01  1.15969E-04
 9.28934E-01  1.54233E-04
 9.29045E-01  1.51522E-04
 9.29157E-01  1.62454E-04
 9.29268E-01  1.55955E-04
 9.29379E-01  1.17785E-04
 9.29490E-01  1.55031E-04
 9.29601E-01  1.86273E-04
 9.29712E-01  1.55019E-04
 9.29823E-01  2.38339E-04
 9.29935E-01  1.80193E-04
 9.30046E-01  2.19489E-04
 9.30157E-01  2.62000E-04
 9.30269E-01  2.92052E-04
 9.30380E-01  3.76622E-04
 9.30491E-01  3.19059E-04
 9.30603E-01  4.14727E-04
 9.30714E-01  5.16558E-04
 9.30826E-01  4.72809E-04
 9.30937E-01  5.29076E-04
 9.31049E-01  5.65972E-04
 9.31160E-01  6.77210E-04
 9.31272E-01  6.57452E-04
 9.31383E-01  8.99970E-04
 9.31495E-01  9.54609E-04
 9.31607E-01  1.14028E-03
 9.31718E-01  1.00618E-03
 9.31830E-01  1.35770E-03
 9.31942E-01  1.24734E-03
 9.32054E-01  1.60480E-03
 9.32165E-01  1.73641E-03
 9.32277E-01  1.87177E-03
 9.32389E-01  2.21335E-03
 9.32501E-01  2.47146E-03
 9.32613E-01  2.70949E-03
 9.32725E-01  2.47364E-03
 9.32837E-01  2.93576E-03
 9.32949E-01  3.11314E-03
 9.33061E-01  3.08764E-03
 9.33173E-01  3.90806E-03
 9.33285E-01  3.80990E-03
 9.33397E-01  4.77594E-03
 9.33509E-01  4.65557E-03
 9.33621E-01  4.11064E-03
 9.33733E-01  4.55686E-03
 9.33845E-01  4.63703E-03
 9.33958E-01  5.05741E-03
 9.34070E-01  5.21442E-03
 9.34182E-01  5.10364E-03
 9.34295E-01  4.50436E-03
 9.34407E-01  4.82719E-03
 9.34519E-01  4.92247E-03
 9.34632E-01  4.93845E-03
 9.34744E-01  4.81359E-03
 9.34856E-01  5.01956E-03
 9.34969E-01  4.66172E-03
 9.35081E-01  4.16075E-03
 9.35194E-01  3.95925E-03
 9.35306E-01  3.69119E-03
 9.35419E-01  3.31395E-03
 9.35532E-01  3.72180E-03
 9.35644E-01  3.40412E-03
 9.35757E-01  3.08188E-03
 9.35870E-01  3.74344E-03
 9.35982E-01  3.45017E-03
 9.36095E-01  3.21488E-03
 9.36208E-01  3.22413E-03
 9.36321E-01  3.18313E-03
 9.36433E-01  3.36163E-03
 9.36546E-01  2.92373E-03
 9.36659E-01  3.17839E-03
 9.36772E-01  2.80061E-03
 9.36885E-01  2.54140E-03
 9.36998E-01  2.10505E-03
 9.37111E-01  2.00152E-03
 9.37224E-01  1.97023E-03
 9.37337E-01  1.81848E-03
 9.37450E-01  1.75316E-03
 9.37563E-01  1.67910E-03
 9.37676E-01  1.47886E-03
 9.37789E-01  1.46369E-03
 9.37902E-01  1.11947E-03
 9.38016E-01  1.34865E-03
 9.38129E-01  1.06546E-03
 9.38242E-01  9.75543E-04
 9.38355E-01  1.11185E-03
 9.38469E-01  1.09654E-03
 9.38582E-01  1.06794E-03
 9.38695E-01  9.21501E-04
 9.38809E-01  1.03557E-03
 9.38922E-01  8.52616E-04
 9.39036E-01  1.01483E-03
 9.39149E-01  8.36131E-04
 9.39263E-01  9.34892E-04
 9.39376E-01  8.45602E-04
 9.39490E-01  8.58809E-04
 9.39603E-01  8.10387E-04
 9.39717E-01  8.73096E-04
 9.39830E-01  7.08085E-04
 9.39944E-01  8.42549E-04
 9.40058E-01  9.35146E-04
 9.40172E-01  7.83893E-04
 9.40285E-01  8.21230E-04
 9.40399E-01  7.50117E-04
 9.40513E-01  6.74782E-04
 9.40627E-01  7.57360E-04
 9.40741E-01  6.51682E-04
 9.40854E-01  8.37024E-04
 9.40968E-01  6.91301E-04
 9.41082E-01  7.67089E-04
 9.41196E-01  7.47315E-04
 9.41310E-01  7.42963E-04
 9.41424E-01  5.77147E-04
 9.41538E-01  5.76645E-04
 9.41652E-01  6.50022E-04
 9.41766E-01  6.58072E-04
 9.41881E-01  7.84933E-04
 9.41995E-01  8.59368E-04
 9.42109E-01  7.40979E-04
 9.42223E-01  8.46712E-04
 9.42337E-01  7.90788E-04
 9.42452E-01  6.46224E-04
 9.42566E-01  8.03713E-04
 9.42680E-01  6.45145E-04
 9.42795E-01  7.90190E-04
 9.42909E-01  6.11928E-04
 9.43023E-01  7.50502E-04
 9.43138E-01  8.31929E-04
 9.43252E-01  6.97610E-04
 9.43367E-01  7.92389E-04
 9.43481E-01  7.97420E-04
 9.43596E-01  7.31237E-04
 9.43710E-01  8.23767E-04
 9.43825E-01  9.41788E-04
 9.43940E-01  6.32947E-04
 9.44054E-01  7.96569E-04
 9.44169E-01  6.98431E-04
 9.44284E-01  7.22582E-04
 9.44398E-01  6.68599E-04
 9.44513E-01  8.10200E-04
 9.44628E-01  7.01878E-04
 9.44743E-01  6.30968E-04
 9.44858E-01  7.73668E-04
 9.44973E-01  8.29675E-04
 9.45088E-01  6.78688E-04
 9.45202E-01  7.87814E-04
 9.45317E-01  8.28948E-04
 9.45432E-01  7.56428E-04
 9.45547E-01  9.03600E-04
 9.45662E-01  7.04271E-04
 9.45778E-01  8.42010E-04
 9.45893E-01  7.30903E-04
 9.46008E-01  8.30282E-04
 9.46123E-01  7.75655E-04
 9.46238E-01  7.94240E-04
 9.46353E-01  8.36832E-04
 9.46469E-01  7.93424E-04
 9.46584E-01  7.77810E-04
 9.46699E-01  5.48714E-04
 9.46814E-01  6.91751E-04
 9.46930E-01  6.84396E-04
 9.47045E-01  7.67419E-04
 9.47161E-01  6.49570E-04
 9.47276E-01  7.72309E-04
 9.47392E-01  6.48165E-04
 9.47507E-01  8.34556E-04
 9.47623E-01  7.32952E-04
 9.47738E-01  6.32302E-04
 9.47854E-01  9.17015E-04
 9.47969E-01  6.16817E-04
 9.48085E-01  7.85802E-04
 9.48201E-01  8.16863E-04
 9.48316E-01  6.97552E-04
 9.48432E-01  7.10802E-04
 9.48548E-01  7.20810E-04
 9.48664E-01  8.65421E-04
 9.48779E-01  6.69745E-04
 9.48895E-01  7.94223E-04
 9.49011E-01  7.96753E-04
 9.49127E-01  6.62239E-04
 9.49243E-01  6.23258E-04
 9.49359E-01  7.88093E-04
 9.49475E-01  6.53137E-04
 9.49591E-01  6.89963E-04
 9.49707E-01  7.48710E-04
 9.49823E-01  6.93135E-04
 9.49939E-01  7.14023E-04
 9.50055E-01  6.42805E-04
 9.50171E-01  7.63113E-04
 9.50287E-01  6.44163E-04
 9.50404E-01  6.48121E-04
 9.50520E-01  7.56157E-04
 9.50636E-01  6.01541E-04
 9.50752E-01  5.86138E-04
 9.50869E-01  5.65451E-04
 9.50985E-01  5.78332E-04
 9.51102E-01  6.29580E-04
 9.51218E-01  5.23363E-04
 9.51334E-01  6.57802E-04
 9.51451E-01  5.61121E-04
 9.51567E-01  5.63594E-04
 9.51684E-01  5.60736E-04
 9.51800E-01  5.53404E-04
 9.51917E-01  5.28959E-04
 9.52034E-01  5.34231E-04
 9.52150E-01  5.98514E-04
 9.52267E-01  6.33543E-04
 9.52384E-01  6.06774E-04
 9.52500E-01  5.63075E-04
 9.52617E-01  5.31395E-04
 9.52734E-01  4.82833E-04
 9.52851E-01  5.60697E-04
 9.52967E-01  5.41105E-04
 9.53084E-01  5.28866E-04
 9.53201E-01  4.63808E-04
 9.53318E-01  4.21254E-04
 9.53435E-01  5.22708E-04
 9.53552E-01  4.73037E-04
 9.53669E-01  5.03312E-04
 9.53786E-01  5.04434E-04
 9.53903E-01  4.56037E-04
 9.54020E-01  4.88411E-04
 9.54137E-01  4.22654E-04
 9.54254E-01  4.99728E-04
 9.54372E-01  3.97082E-04
 9.54489E-01  4.04826E-04
 9.54606E-01  3.46166E-04
 9.54723E-01  3.66418E-04
 9.54841E-01  4.23944E-04
 9.54958E-01  4.55137E-04
 9.55075E-01  4.58998E-04
 9.55193E-01  3.90380E-04
 9.55310E-01  3.97676E-04
 9.55428E-01  3.47733E-04
 9.55545E-01  3.38835E-04
 9.55663E-01  3.33117E-04
 9.55780E-01  3.42735E-04
 9.55898E-01  3.56641E-04
 9.56015E-01  3.62774E-04
 9.56133E-01  3.79110E-04
 9.56250E-01  2.79712E-04
 9.56368E-01  2.69636E-04
 9.56486E-01  2.60047E-04
 9.56604E-01  3.27542E-04
 9.56721E-01  3.41384E-04
 9.56839E-01  2.99103E-04
 9.56957E-01  3.12702E-04
 9.57075E-01  2.64991E-04
 9.57193E-01  2.94604E-04
 9.57310E-01  2.75115E-04
 9.57428E-01  2.47381E-04
 9.57546E-01  2.43144E-04
 9.57664E-01  2.23241E-04
 9.57782E-01  2.14967E-04
 9.57900E-01  2.26600E-04
 9.58018E-01  2.19123E-04
 9.58137E-01  2.36405E-04
 9.58255E-01  2.84617E-04
 9.58373E-01  2.35479E-04
 9.58491E-01  2.16888E-04
 9.58609E-01  2.47499E-04
 9.58728E-01  2.34615E-04
 9.58846E-01  2.09712E-04
 9.58964E-01  1.97359E-04
 9.59082E-01  1.88311E-04
 9.59201E-01  2.10554E-04
 9.59319E-01  1.79789E-04
 9.59438E-01  2.00847E-04
 9.59556E-01  1.77758E-04
 9.59675E-01  1.74806E-04
 9.59793E-01  1.85869E-04
 9.59912E-01  1.73422E-04
 9.60030E-01  1.56668E-04
 9.60149E-01  1.73620E-04
 9.60267E-01  1.66689E-04
 9.60386E-01  1.58185E-04
 9.60505E-01  1.72446E-04
 9.60624E-01  1.39484E-04
 9.60742E-01  1.62431E-04
 9.60861E-01  1.51841E-04
 9.60980E-01  1.55580E-04
 9.61099E-01  1.58957E-04
 9.61218E-01  1.68211E-04
 9.61336E-01  1.34280E-04
 9.61455E-01  1.45897E-04
 9.61574E-01  1.34515E-04
 9.61693E-01  1.36797E-04
 9.61812E-01  1.29732E-04
 9.61931E-01  1.38718E-04
 9.62050E-01  1.23372E-04
 9.62170E-01  1.41530E-04
 9.62289E-01  1.26868E-04
 9.62408E-01  1.23922E-04
 9.62527E-01  1.29488E-04
 9.62646E-01  1.12474E-04
 9.62765E-01  1.29407E-04
 9.62885E-01  1.09059E-04
 9.63004E-01  1.25678E-04
 9.63123E-01  1.15520E-04
 9.63243E-01  1.20385E-04
 9.63362E-01  4.67222E-04
 9.64483E-01  9.05632E-05
 1.01003E+00  9.91775E-05
 1.05773E+00  1.02256E-04
 1.10768E+00  1.03570E-04
 1.15999E+00  1.04186E-04
 1.21477E+00  1.06269E-04
 1.27214E+00  1.07638E-04
 1.33222E+00  1.03455E-04
 1.39513E+00  9.90994E-05
 1.46102E+00  9.33836E-05
 1.53001E+00  9.02428E-05
 1.60227E+00  8.52205E-05
 1.67794E+00  8.06354E-05
 1.75718E+00  7.62401E-05
 1.84016E+00  7.73709E-05
 1.92706E+00  7.63160E-05
 2.01807E+00  8.15107E-05
 2.11337E+00  7.92654E-05
 2.21318E+00  8.26049E-05
 2.31769E+00  8.41821E-05
 2.42715E+00  8.39233E-05
 2.54177E+00  8.60060E-05
 2.66180E+00  8.63109E-05
 2.78751E+00  8.70601E-05
 2.91915E+00  1.23472E-04
 3.05701E+00  1.49963E-04
 3.20137E+00  1.61860E-04
 3.35256E+00  1.59467E-04
 3.51089E+00  1.71961E-04
 3.67669E+00  1.68223E-04
 3.85032E+00  1.71378E-04
 4.03215E+00  1.67886E-04
 4.22257E+00  1.70217E-04
 4.42198E+00  1.75789E-04
 4.63081E+00  1.75972E-04
 4.84950E+00  1.74366E-04
 5.07852E+00  1.75467E-04
 5.31836E+00  1.75297E-04
 5.56952E+00  1.80659E-04
 5.83254E+00  1.81816E-04
 6.10798E+00  1.83681E-04
 6.39643E+00  1.82491E-04
 6.69850E+00  1.88280E-04
 7.01484E+00  1.98836E-04
 7.34612E+00  1.98104E-04
 7.69304E+00  2.05689E-04
 8.05634E+00  2.03475E-04
 8.43681E+00  2.00880E-04
 8.83524E+00  2.02803E-04
 9.25248E+00  2.07495E-04
 9.68943E+00  2.06131E-04
 1.01470E+01  2.14154E-04
 1.06262E+01  2.09943E-04
 1.11280E+01  2.23926E-04
 1.16536E+01  2.14679E-04
 1.22039E+01  2.24386E-04
 1.27802E+01  2.22982E-04
 1.33838E+01  2.19168E-04
 1.40158E+01  2.00945E-04
 1.46777E+01  2.03876E-04
 1.53709E+01  1.96167E-04
 1.60968E+01  1.81990E-04
 1.68570E+01  1.73229E-04
 1.76530E+01  1.67448E-04
 1.84867E+01  1.54836E-04
 1.93597E+01  1.47846E-04
 2.02740E+01  1.40403E-04
 2.12315E+01  1.38535E-04
 2.22341E+01  1.24852E-04
 2.32841E+01  1.22308E-04
 2.43837E+01  1.15463E-04
 2.55352E+01  1.08921E-04
 2.67412E+01  9.98390E-05
 2.80040E+01  9.84915E-05
 2.93265E+01  9.63446E-05
 3.07115E+01  8.80252E-05
 3.21618E+01  7.69498E-05
 3.36807E+01  7.70833E-05
 3.52712E+01  6.16905E-05
 3.69369E+01  5.85505E-05
 3.86813E+01  4.96871E-05
 4.05080E+01  5.51120E-05
 4.24210E+01  5.22984E-05
 4.44243E+01  4.91744E-05
 4.65223E+01  4.34655E-05
 4.87193E+01  4.66871E-05
 5.10201E+01  4.64441E-05
 5.34295E+01  3.80070E-05
 5.59527E+01  3.73028E-05
 5.85951E+01  3.40904E-05
 6.13623E+01  3.75190E-05
 6.42601E+01  4.23584E-05
 6.72948E+01  4.95189E-05
 7.04728E+01  6.61487E-05
 7.38009E+01  9.57133E-05
 7.72862E+01  1.58148E-04
 8.09361E+01  2.74666E-04
 8.47583E+01  4.32875E-04
 8.87610E+01  7.16766E-04
 9.29528E+01  1.15935E-03
 9.73425E+01  1.79591E-03
 1.01939E+02  2.75485E-03
 1.06754E+02  4.17976E-03
 1.11795E+02  6.26273E-03
 1.17075E+02  9.12552E-03
 1.22603E+02  1.34559E-02
 1.28393E+02  1.90229E-02
 1.34457E+02  2.65884E-02
 1.40807E+02  3.65813E-02
 1.47456E+02  4.88867E-02
 1.54420E+02  6.47570E-02
 1.61712E+02  8.47518E-02
 1.69349E+02  1.08808E-01
 1.77347E+02  1.38171E-01
 1.85722E+02  1.72572E-01
 1.94493E+02  2.13848E-01
 2.03678E+02  2.60498E-01
 2.13297E+02  3.13288E-01
 2.23369E+02  3.72947E-01
 2.33918E+02  4.37801E-01
 2.44965E+02  5.05607E-01
 2.56533E+02  5.77866E-01
 2.68648E+02  6.48957E-01
 2.81335E+02  7.23326E-01
 2.94621E+02  7.90510E-01
 3.08535E+02  8.53239E-01
 3.23106E+02  9.13042E-01
 3.38364E+02  9.65407E-01
 3.54344E+02  1.01004E+00
 3.71078E+02  1.04050E+00
 3.88602E+02  1.06605E+00
 4.06954E+02  1.08300E+00
 4.26172E+02  1.08559E+00
 4.46298E+02  1.08254E+00
 4.67375E+02  1.07118E+00
 4.89446E+02  1.04952E+00
 5.12561E+02  1.02239E+00
 5.36766E+02  9.84768E-01
 5.62115E+02  9.48088E-01
 5.88661E+02  9.07670E-01
 6.16461E+02  8.57491E-01
 6.45573E+02  8.09112E-01
 6.76061E+02  7.60352E-01
 7.07988E+02  7.04161E-01
 7.41423E+02  6.53356E-01
 7.76437E+02  6.03249E-01
 8.13104E+02  5.55679E-01
 8.51503E+02  5.08939E-01
 8.91715E+02  4.62319E-01
 9.33827E+02  4.18979E-01
 9.77927E+02  3.76481E-01
 1.02411E+03  3.41937E-01
 1.07247E+03  3.07256E-01
 1.12312E+03  2.73665E-01
 1.17616E+03  2.43115E-01
 1.23171E+03  2.15294E-01
 1.28987E+03  1.89823E-01
 1.35079E+03  1.64055E-01
 1.41458E+03  1.46173E-01
 1.48138E+03  1.28277E-01
 1.55134E+03  1.09860E-01
 1.62460E+03  9.58769E-02
 1.70133E+03  8.20882E-02
 1.78167E+03  7.06301E-02
 1.86581E+03  6.14547E-02
 1.95392E+03  5.24941E-02
 2.04620E+03  4.59639E-02
 2.14283E+03  3.81567E-02
 2.24403E+03  3.28842E-02
 2.35000E+03  2.80841E-02
 2.46098E+03  2.42161E-02
 2.57720E+03  1.90908E-02
 2.69891E+03  1.74844E-02
 2.82636E+03  1.45422E-02
 2.95984E+03  1.25004E-02
 3.09962E+03  1.03349E-02
 3.24600E+03  8.67537E-03
 3.39929E+03  7.34371E-03
 3.55982E+03  6.61669E-03
 3.72794E+03  5.31108E-03
 3.90399E+03  3.85384E-03
 4.08836E+03  3.62594E-03
 4.28143E+03  2.79892E-03
 4.48362E+03  2.46445E-03
 4.69536E+03  2.18532E-03
 4.91710E+03  1.92040E-03
 5.14931E+03  1.94860E-03
 5.39249E+03  1.28406E-03
 5.64715E+03  9.66976E-04
 5.91384E+03  7.69777E-04
 6.19312E+03  5.20809E-04
 6.48559E+03  7.93490E-04
 6.79188E+03  7.20490E-04
 7.11262E+03  4.23106E-04
 7.44852E+03  2.46387E-04
