 7.87260E-05  0.00000E+00
 8.24438E-05  0.00000E+00
 8.63372E-05  0.00000E+00
 9.04145E-05  0.00000E+00
 9.46844E-05  0.00000E+00
 9.91559E-05  0.00000E+00
 1.03839E-04  0.00000E+00
 1.08742E-04  0.00000E+00
 1.13878E-04  0.00000E+00
 1.19256E-04  0.00000E+00
 1.24887E-04  0.00000E+00
 1.30785E-04  0.00000E+00
 1.36962E-04  0.00000E+00
 1.43430E-04  0.00000E+00
 1.50203E-04  0.00000E+00
 1.57297E-04  0.00000E+00
 1.64725E-04  0.00000E+00
 1.72504E-04  0.00000E+00
 1.80651E-04  0.00000E+00
 1.89182E-04  0.00000E+00
 1.98116E-04  0.00000E+00
 2.07472E-04  0.00000E+00
 2.17270E-04  0.00000E+00
 2.27531E-04  0.00000E+00
 2.38276E-04  0.00000E+00
 2.49528E-04  0.00000E+00
 2.61312E-04  0.00000E+00
 2.73653E-04  0.00000E+00
 2.86576E-04  0.00000E+00
 3.00110E-04  0.00000E+00
 3.14283E-04  0.00000E+00
 3.29125E-04  0.00000E+00
 3.44668E-04  0.00000E+00
 3.60945E-04  0.00000E+00
 3.77990E-04  0.00000E+00
 3.95841E-04  0.00000E+00
 4.14535E-04  0.00000E+00
 4.34111E-04  0.00000E+00
 4.54612E-04  0.00000E+00
 4.76081E-04  0.00000E+00
 4.98564E-04  0.00000E+00
 5.22109E-04  0.00000E+00
 5.46766E-04  0.00000E+00
 5.72587E-04  0.00000E+00
 5.99627E-04  0.00000E+00
 6.27945E-04  0.00000E+00
 6.57600E-04  0.00000E+00
 6.88655E-04  0.00000E+00
 7.21177E-04  0.00000E+00
 7.55235E-04  0.00000E+00
 7.90901E-04  0.00000E+00
 8.28251E-04  0.00000E+00
 8.67366E-04  0.00000E+00
 9.08327E-04  0.00000E+00
 9.51223E-04  0.00000E+00
 9.96145E-04  0.00000E+00
 1.04319E-03  0.00000E+00
 1.09245E-03  0.00000E+00
 1.14404E-03  0.00000E+00
 1.19807E-03  0.00000E+00
 1.25465E-03  0.00000E+00
 1.31390E-03  0.00000E+00
 1.37595E-03  0.00000E+00
 1.44093E-03  0.00000E+00
 1.50898E-03  0.00000E+00
 1.58024E-03  0.00000E+00
 1.65487E-03  0.00000E+00
 1.73302E-03  0.00000E+00
 1.81486E-03  0.00000E+00
 1.90057E-03  0.00000E+00
 1.99032E-03  0.00000E+00
 2.08432E-03  0.00000E+00
 2.18275E-03  0.00000E+00
 2.28583E-03  0.00000E+00
 2.39378E-03  0.00000E+00
 2.50683E-03  0.00000E+00
 2.62521E-03  0.00000E+00
 2.74919E-03  0.00000E+00
 2.87902E-03  0.00000E+00
 3.01498E-03  0.00000E+00
 3.15736E-03  0.00000E+00
 3.30647E-03  0.00000E+00
 3.46262E-03  0.00000E+00
 3.62614E-03  0.00000E+00
 3.79739E-03  0.00000E+00
 3.97672E-03  0.00000E+00
 4.16452E-03  0.00000E+00
 4.36119E-03  0.00000E+00
 4.56715E-03  0.00000E+00
 4.78283E-03  0.00000E+00
 5.00870E-03  0.00000E+00
 5.24524E-03  0.00000E+00
 5.49295E-03  0.00000E+00
 5.75235E-03  0.00000E+00
 6.02401E-03  0.00000E+00
 6.30849E-03  0.00000E+00
 6.60641E-03  0.00000E+00
 6.91840E-03  0.00000E+00
 7.24512E-03  0.00000E+00
 7.58728E-03  0.00000E+00
 7.94559E-03  0.00000E+00
 8.32082E-03  0.00000E+00
 8.71377E-03  0.00000E+00
 9.12528E-03  0.00000E+00
 9.55622E-03  0.00000E+00
 1.00075E-02  0.00000E+00
 1.04801E-02  0.00000E+00
 1.09751E-02  0.00000E+00
 1.14934E-02  0.00000E+00
 1.20361E-02  0.00000E+00
 1.26045E-02  0.00000E+00
 1.31998E-02  0.00000E+00
 1.38231E-02  0.00000E+00
 1.44759E-02  0.00000E+00
 1.51596E-02  0.00000E+00
 1.58755E-02  0.00000E+00
 1.66252E-02  0.00000E+00
 1.74103E-02  0.00000E+00
 1.82326E-02  0.00000E+00
 1.90936E-02  0.00000E+00
 1.99953E-02  0.00000E+00
 2.09396E-02  0.00000E+00
 2.19284E-02  0.00000E+00
 2.29640E-02  0.00000E+00
 2.40485E-02  0.00000E+00
 2.51842E-02  0.00000E+00
 2.63735E-02  0.00000E+00
 2.76190E-02  0.00000E+00
 2.89233E-02  0.00000E+00
 3.02892E-02  0.00000E+00
 3.17197E-02  0.00000E+00
 3.32176E-02  0.00000E+00
 3.47863E-02  0.00000E+00
 3.64291E-02  0.00000E+00
 3.81495E-02  0.00000E+00
 3.99511E-02  0.00000E+00
 4.18378E-02  0.00000E+00
 4.38136E-02  0.00000E+00
 4.58827E-02  0.00000E+00
 4.80495E-02  0.00000E+00
 5.03187E-02  0.00000E+00
 5.26950E-02  0.00000E+00
 5.51835E-02  0.00000E+00
 5.77896E-02  0.00000E+00
 6.05187E-02  0.00000E+00
 6.33767E-02  0.00000E+00
 6.63697E-02  0.00000E+00
 6.95040E-02  0.00000E+00
 7.27863E-02  0.00000E+00
 7.62237E-02  0.00000E+00
 7.98234E-02  0.00000E+00
 8.35930E-02  0.00000E+00
 8.75407E-02  0.00000E+00
 9.16749E-02  0.00000E+00
 9.60042E-02  0.00000E+00
 1.00538E-01  0.00000E+00
 1.05286E-01  0.00000E+00
 1.10258E-01  0.00000E+00
 1.15465E-01  0.00000E+00
 1.20918E-01  0.00000E+00
 1.26628E-01  0.00000E+00
 1.32608E-01  0.00000E+00
 1.38871E-01  0.00000E+00
 1.45429E-01  0.00000E+00
 1.52297E-01  0.00000E+00
 1.59489E-01  0.00000E+00
 1.67021E-01  0.00000E+00
 1.74909E-01  2.12263E-14
 1.83169E-01  4.55808E-14
 1.91819E-01  1.53291E-13
 2.00878E-01  7.06034E-14
 2.10364E-01  4.10294E-14
 2.20299E-01  1.25390E-14
 2.30702E-01  7.47806E-15
 2.41597E-01  4.02220E-15
 2.53007E-01  1.62520E-15
 2.64955E-01  5.79706E-16
 2.77468E-01  2.54870E-16
 2.90571E-01  1.02673E-16
 3.04293E-01  4.48940E-17
 3.18664E-01  2.45116E-17
 3.33713E-01  9.88098E-18
 3.49472E-01  4.28555E-18
 3.65976E-01  2.20947E-18
 3.83259E-01  1.53089E-18
 4.01359E-01  1.66454E-18
 4.20313E-01  9.71190E-19
 4.40162E-01  1.02185E-18
 4.60949E-01  1.10790E-18
 4.82718E-01  2.05686E-18
 5.05514E-01  3.86145E-18
 5.29387E-01  1.38262E-17
 5.54387E-01  8.57249E-17
 5.80569E-01  9.53905E-16
 6.07986E-01  2.54176E-14
 6.36698E-01  1.80900E-12
 6.66766E-01  4.12619E-10
 6.98255E-01  1.00837E-05
 7.31230E-01  9.29434E-05
 7.65762E-01  1.14176E-04
 8.01926E-01  1.22490E-04
 8.39797E-01  1.43269E-04
 8.79456E-01  1.53808E-04
 9.07247E-01  1.44523E-04
 9.07353E-01  1.44343E-04
 9.07459E-01  1.40181E-04
 9.07565E-01  1.40129E-04
 9.07671E-01  1.40076E-04
 9.07777E-01  1.40023E-04
 9.07883E-01  1.39971E-04
 9.07989E-01  1.39918E-04
 9.08095E-01  1.39865E-04
 9.08201E-01  1.39812E-04
 9.08308E-01  1.39760E-04
 9.08414E-01  1.39707E-04
 9.08520E-01  1.39654E-04
 9.08626E-01  1.39601E-04
 9.08732E-01  1.39548E-04
 9.08839E-01  1.39495E-04
 9.08945E-01  1.39443E-04
 9.09051E-01  1.39390E-04
 9.09158E-01  1.39337E-04
 9.09264E-01  1.39284E-04
 9.09370E-01  1.39231E-04
 9.09477E-01  1.39178E-04
 9.09583E-01  1.41269E-04
 9.09690E-01  1.39072E-04
 9.09796E-01  1.39019E-04
 9.09903E-01  1.38965E-04
 9.10009E-01  1.38912E-04
 9.10116E-01  1.38859E-04
 9.10222E-01  1.38806E-04
 9.10329E-01  1.38753E-04
 9.10436E-01  1.38700E-04
 9.10542E-01  1.38646E-04
 9.10649E-01  1.38593E-04
 9.10756E-01  1.38540E-04
 9.10862E-01  1.38487E-04
 9.10969E-01  1.38433E-04
 9.11076E-01  1.38380E-04
 9.11183E-01  1.38327E-04
 9.11290E-01  1.38273E-04
 9.11396E-01  1.38220E-04
 9.11503E-01  1.38167E-04
 9.11610E-01  1.41091E-04
 9.11717E-01  1.38060E-04
 9.11824E-01  1.38006E-04
 9.11931E-01  1.37953E-04
 9.12038E-01  1.37899E-04
 9.12145E-01  1.37919E-04
 9.12252E-01  1.37792E-04
 9.12359E-01  1.37884E-04
 9.12466E-01  1.37685E-04
 9.12574E-01  1.37631E-04
 9.12681E-01  1.37578E-04
 9.12788E-01  1.37524E-04
 9.12895E-01  1.37470E-04
 9.13002E-01  1.37417E-04
 9.13110E-01  1.37363E-04
 9.13217E-01  1.37309E-04
 9.13324E-01  1.37256E-04
 9.13432E-01  1.37202E-04
 9.13539E-01  1.37148E-04
 9.13646E-01  1.37094E-04
 9.13754E-01  1.37040E-04
 9.13861E-01  1.36986E-04
 9.13969E-01  1.36933E-04
 9.14076E-01  1.36879E-04
 9.14184E-01  1.36878E-04
 9.14291E-01  1.36771E-04
 9.14399E-01  1.36717E-04
 9.14506E-01  1.36664E-04
 9.14614E-01  1.36609E-04
 9.14722E-01  1.36555E-04
 9.14829E-01  1.36501E-04
 9.14937E-01  1.36449E-04
 9.15045E-01  1.36393E-04
 9.15152E-01  1.36338E-04
 9.15260E-01  1.36284E-04
 9.15368E-01  1.36230E-04
 9.15476E-01  1.36176E-04
 9.15584E-01  1.36122E-04
 9.15692E-01  1.36068E-04
 9.15799E-01  1.36013E-04
 9.15907E-01  1.35959E-04
 9.16015E-01  1.35905E-04
 9.16123E-01  1.35850E-04
 9.16231E-01  1.35796E-04
 9.16339E-01  1.35742E-04
 9.16447E-01  1.35687E-04
 9.16555E-01  1.35633E-04
 9.16664E-01  1.35579E-04
 9.16772E-01  1.36129E-04
 9.16880E-01  1.35635E-04
 9.16988E-01  1.35415E-04
 9.17096E-01  1.39046E-04
 9.17204E-01  1.35306E-04
 9.17313E-01  1.35252E-04
 9.17421E-01  1.35197E-04
 9.17529E-01  1.35541E-04
 9.17638E-01  1.35088E-04
 9.17746E-01  1.35033E-04
 9.17854E-01  1.34979E-04
 9.17963E-01  1.34924E-04
 9.18071E-01  1.34869E-04
 9.18180E-01  1.34815E-04
 9.18288E-01  1.34760E-04
 9.18397E-01  1.36911E-04
 9.18505E-01  1.34655E-04
 9.18614E-01  1.34596E-04
 9.18722E-01  1.34541E-04
 9.18831E-01  1.34486E-04
 9.18940E-01  1.34431E-04
 9.19048E-01  1.34376E-04
 9.19157E-01  1.34322E-04
 9.19266E-01  1.34267E-04
 9.19374E-01  1.34212E-04
 9.19483E-01  1.34157E-04
 9.19592E-01  1.34102E-04
 9.19701E-01  1.34047E-04
 9.19810E-01  1.33992E-04
 9.19918E-01  1.33937E-04
 9.20027E-01  1.33882E-04
 9.20136E-01  1.33826E-04
 9.20245E-01  1.33771E-04
 9.20354E-01  1.33719E-04
 9.20463E-01  1.33661E-04
 9.20572E-01  1.33606E-04
 9.20681E-01  1.33551E-04
 9.20790E-01  1.33495E-04
 9.20899E-01  1.33518E-04
 9.20989E-01  1.33409E-04
 9.21009E-01  1.33406E-04
 9.21118E-01  1.33466E-04
 9.21227E-01  1.33525E-04
 9.21336E-01  1.33771E-04
 9.21445E-01  1.33644E-04
 9.21555E-01  1.33704E-04
 9.21664E-01  1.33764E-04
 9.21773E-01  1.33824E-04
 9.21883E-01  1.33883E-04
 9.21992E-01  1.33943E-04
 9.22101E-01  1.34003E-04
 9.22211E-01  1.34063E-04
 9.22320E-01  1.34122E-04
 9.22430E-01  1.34182E-04
 9.22539E-01  1.34242E-04
 9.22649E-01  1.34302E-04
 9.22758E-01  1.34362E-04
 9.22868E-01  1.34422E-04
 9.22977E-01  1.34482E-04
 9.23087E-01  1.39713E-04
 9.23197E-01  1.34782E-04
 9.23306E-01  1.34662E-04
 9.23416E-01  1.34722E-04
 9.23526E-01  1.34782E-04
 9.23635E-01  1.34842E-04
 9.23745E-01  1.34902E-04
 9.23855E-01  1.34962E-04
 9.23965E-01  1.35023E-04
 9.24075E-01  1.35082E-04
 9.24185E-01  1.35142E-04
 9.24295E-01  1.35203E-04
 9.24404E-01  1.35904E-04
 9.24514E-01  1.35323E-04
 9.24624E-01  1.35383E-04
 9.24734E-01  1.35462E-04
 9.24844E-01  1.35504E-04
 9.24955E-01  1.40588E-04
 9.25065E-01  1.41440E-04
 9.25175E-01  1.40009E-04
 9.25285E-01  1.35745E-04
 9.25395E-01  1.35805E-04
 9.25505E-01  1.35866E-04
 9.25615E-01  1.35926E-04
 9.25726E-01  1.35987E-04
 9.25836E-01  1.38641E-04
 9.25946E-01  1.36107E-04
 9.26057E-01  1.36170E-04
 9.26167E-01  1.36228E-04
 9.26277E-01  1.36289E-04
 9.26388E-01  1.36350E-04
 9.26498E-01  1.36410E-04
 9.26609E-01  1.36471E-04
 9.26719E-01  1.40681E-04
 9.26830E-01  1.43043E-04
 9.26940E-01  1.40860E-04
 9.27051E-01  1.42691E-04
 9.27161E-01  1.36774E-04
 9.27272E-01  1.36835E-04
 9.27383E-01  1.42587E-04
 9.27493E-01  1.36956E-04
 9.27604E-01  1.37017E-04
 9.27715E-01  1.37078E-04
 9.27825E-01  1.37169E-04
 9.27936E-01  1.42054E-04
 9.28047E-01  1.38726E-04
 9.28158E-01  1.37321E-04
 9.28269E-01  1.41030E-04
 9.28380E-01  1.44926E-04
 9.28491E-01  1.37984E-04
 9.28601E-01  1.44108E-04
 9.28712E-01  1.37674E-04
 9.28823E-01  1.41492E-04
 9.28934E-01  1.54334E-04
 9.29045E-01  1.47181E-04
 9.29157E-01  1.51042E-04
 9.29268E-01  1.52532E-04
 9.29379E-01  1.45626E-04
 9.29490E-01  1.44812E-04
 9.29601E-01  1.55090E-04
 9.29712E-01  1.71223E-04
 9.29823E-01  1.80414E-04
 9.29935E-01  1.72464E-04
 9.30046E-01  1.90561E-04
 9.30157E-01  1.88958E-04
 9.30269E-01  1.52460E-04
 9.30380E-01  2.23749E-04
 9.30491E-01  2.42183E-04
 9.30603E-01  2.35102E-04
 9.30714E-01  2.24622E-04
 9.30826E-01  3.40452E-04
 9.30937E-01  3.23170E-04
 9.31049E-01  3.78029E-04
 9.31160E-01  3.78514E-04
 9.31272E-01  4.64028E-04
 9.31383E-01  4.25652E-04
 9.31495E-01  4.90609E-04
 9.31607E-01  5.39961E-04
 9.31718E-01  7.58552E-04
 9.31830E-01  7.67468E-04
 9.31942E-01  8.70668E-04
 9.32054E-01  1.04927E-03
 9.32165E-01  1.07456E-03
 9.32277E-01  1.42524E-03
 9.32389E-01  1.36463E-03
 9.32501E-01  1.71914E-03
 9.32613E-01  2.04866E-03
 9.32725E-01  2.32230E-03
 9.32837E-01  2.55049E-03
 9.32949E-01  3.05304E-03
 9.33061E-01  3.15024E-03
 9.33173E-01  3.40956E-03
 9.33285E-01  3.79767E-03
 9.33397E-01  4.03999E-03
 9.33509E-01  4.42727E-03
 9.33621E-01  4.60087E-03
 9.33733E-01  5.01440E-03
 9.33845E-01  5.30146E-03
 9.33958E-01  5.18271E-03
 9.34070E-01  5.97961E-03
 9.34182E-01  5.68677E-03
 9.34295E-01  5.74088E-03
 9.34407E-01  5.81312E-03
 9.34519E-01  5.58196E-03
 9.34632E-01  5.86939E-03
 9.34744E-01  5.62904E-03
 9.34856E-01  5.52587E-03
 9.34969E-01  5.45822E-03
 9.35081E-01  5.08904E-03
 9.35194E-01  4.97099E-03
 9.35306E-01  4.62928E-03
 9.35419E-01  4.47353E-03
 9.35532E-01  4.59263E-03
 9.35644E-01  4.30285E-03
 9.35757E-01  4.43911E-03
 9.35870E-01  4.83988E-03
 9.35982E-01  4.59857E-03
 9.36095E-01  4.24447E-03
 9.36208E-01  4.19848E-03
 9.36321E-01  3.91853E-03
 9.36433E-01  3.41075E-03
 9.36546E-01  3.20452E-03
 9.36659E-01  2.93026E-03
 9.36772E-01  2.69548E-03
 9.36885E-01  2.82231E-03
 9.36998E-01  2.53968E-03
 9.37111E-01  2.48152E-03
 9.37224E-01  2.35660E-03
 9.37337E-01  2.19238E-03
 9.37450E-01  1.93065E-03
 9.37563E-01  1.97980E-03
 9.37676E-01  1.91686E-03
 9.37789E-01  2.03090E-03
 9.37902E-01  1.91424E-03
 9.38016E-01  1.86718E-03
 9.38129E-01  2.03656E-03
 9.38242E-01  1.81636E-03
 9.38355E-01  1.87432E-03
 9.38469E-01  1.76735E-03
 9.38582E-01  1.73823E-03
 9.38695E-01  1.83032E-03
 9.38809E-01  1.73252E-03
 9.38922E-01  1.62024E-03
 9.39036E-01  1.75949E-03
 9.39149E-01  1.77318E-03
 9.39263E-01  1.64053E-03
 9.39376E-01  1.57646E-03
 9.39490E-01  1.71652E-03
 9.39603E-01  1.59981E-03
 9.39717E-01  1.62608E-03
 9.39830E-01  1.62091E-03
 9.39944E-01  1.78702E-03
 9.40058E-01  1.68261E-03
 9.40172E-01  1.68461E-03
 9.40285E-01  1.71704E-03
 9.40399E-01  1.62077E-03
 9.40513E-01  1.56462E-03
 9.40627E-01  1.70894E-03
 9.40741E-01  1.58242E-03
 9.40854E-01  1.67962E-03
 9.40968E-01  1.68761E-03
 9.41082E-01  1.65981E-03
 9.41196E-01  1.67024E-03
 9.41310E-01  1.64470E-03
 9.41424E-01  1.76981E-03
 9.41538E-01  1.86504E-03
 9.41652E-01  1.68201E-03
 9.41766E-01  1.52762E-03
 9.41881E-01  1.72851E-03
 9.41995E-01  1.57964E-03
 9.42109E-01  1.50096E-03
 9.42223E-01  1.71983E-03
 9.42337E-01  1.73555E-03
 9.42452E-01  1.75971E-03
 9.42566E-01  1.82259E-03
 9.42680E-01  1.32736E-03
 9.42795E-01  1.78294E-03
 9.42909E-01  1.59823E-03
 9.43023E-01  1.72775E-03
 9.43138E-01  1.62840E-03
 9.43252E-01  1.68229E-03
 9.43367E-01  1.61491E-03
 9.43481E-01  1.71856E-03
 9.43596E-01  1.70419E-03
 9.43710E-01  1.63464E-03
 9.43825E-01  1.56904E-03
 9.43940E-01  1.61196E-03
 9.44054E-01  1.48305E-03
 9.44169E-01  1.66430E-03
 9.44284E-01  1.55892E-03
 9.44398E-01  1.59561E-03
 9.44513E-01  1.54973E-03
 9.44628E-01  1.59345E-03
 9.44743E-01  1.56088E-03
 9.44858E-01  1.72061E-03
 9.44973E-01  1.66075E-03
 9.45088E-01  1.54410E-03
 9.45202E-01  1.43732E-03
 9.45317E-01  1.44359E-03
 9.45432E-01  1.38807E-03
 9.45547E-01  1.40946E-03
 9.45662E-01  1.59433E-03
 9.45778E-01  1.42657E-03
 9.45893E-01  1.53151E-03
 9.46008E-01  1.31866E-03
 9.46123E-01  1.47265E-03
 9.46238E-01  1.35832E-03
 9.46353E-01  1.36860E-03
 9.46469E-01  1.40675E-03
 9.46584E-01  1.30746E-03
 9.46699E-01  1.32798E-03
 9.46814E-01  1.32994E-03
 9.46930E-01  1.43868E-03
 9.47045E-01  1.38236E-03
 9.47161E-01  1.37049E-03
 9.47276E-01  1.35786E-03
 9.47392E-01  1.27189E-03
 9.47507E-01  1.33494E-03
 9.47623E-01  1.34185E-03
 9.47738E-01  1.30323E-03
 9.47854E-01  1.34489E-03
 9.47969E-01  1.25077E-03
 9.48085E-01  1.12644E-03
 9.48201E-01  1.31491E-03
 9.48316E-01  1.23516E-03
 9.48432E-01  1.18059E-03
 9.48548E-01  1.15397E-03
 9.48664E-01  1.20950E-03
 9.48779E-01  1.23332E-03
 9.48895E-01  1.27573E-03
 9.49011E-01  1.13052E-03
 9.49127E-01  1.18993E-03
 9.49243E-01  1.16935E-03
 9.49359E-01  1.10790E-03
 9.49475E-01  1.21161E-03
 9.49591E-01  1.06327E-03
 9.49707E-01  1.15748E-03
 9.49823E-01  9.91106E-04
 9.49939E-01  9.95186E-04
 9.50055E-01  1.00672E-03
 9.50171E-01  9.31631E-04
 9.50287E-01  1.04630E-03
 9.50404E-01  1.07308E-03
 9.50520E-01  8.81707E-04
 9.50636E-01  9.22460E-04
 9.50752E-01  9.46082E-04
 9.50869E-01  9.60125E-04
 9.50985E-01  9.70384E-04
 9.51102E-01  8.31869E-04
 9.51218E-01  8.80617E-04
 9.51334E-01  8.78798E-04
 9.51451E-01  8.35137E-04
 9.51567E-01  9.22293E-04
 9.51684E-01  8.33779E-04
 9.51800E-01  7.48299E-04
 9.51917E-01  8.00186E-04
 9.52034E-01  7.88182E-04
 9.52150E-01  8.07748E-04
 9.52267E-01  7.32235E-04
 9.52384E-01  7.66082E-04
 9.52500E-01  7.13672E-04
 9.52617E-01  8.07538E-04
 9.52734E-01  7.32983E-04
 9.52851E-01  6.29804E-04
 9.52967E-01  7.03761E-04
 9.53084E-01  6.55988E-04
 9.53201E-01  6.96969E-04
 9.53318E-01  6.53275E-04
 9.53435E-01  6.32092E-04
 9.53552E-01  5.86655E-04
 9.53669E-01  6.38203E-04
 9.53786E-01  6.45774E-04
 9.53903E-01  6.44759E-04
 9.54020E-01  5.97606E-04
 9.54137E-01  6.03135E-04
 9.54254E-01  5.70359E-04
 9.54372E-01  6.13874E-04
 9.54489E-01  5.12802E-04
 9.54606E-01  6.37841E-04
 9.54723E-01  5.00917E-04
 9.54841E-01  5.01979E-04
 9.54958E-01  5.50505E-04
 9.55075E-01  5.68264E-04
 9.55193E-01  5.11219E-04
 9.55310E-01  4.61719E-04
 9.55428E-01  4.76192E-04
 9.55545E-01  4.77851E-04
 9.55663E-01  4.72695E-04
 9.55780E-01  4.47612E-04
 9.55898E-01  5.05155E-04
 9.56015E-01  4.41529E-04
 9.56133E-01  4.11137E-04
 9.56250E-01  3.95833E-04
 9.56368E-01  4.69243E-04
 9.56486E-01  3.78294E-04
 9.56604E-01  4.53957E-04
 9.56721E-01  3.87564E-04
 9.56839E-01  3.63309E-04
 9.56957E-01  3.69040E-04
 9.57075E-01  3.70155E-04
 9.57193E-01  3.65797E-04
 9.57310E-01  3.38108E-04
 9.57428E-01  3.37883E-04
 9.57546E-01  3.08325E-04
 9.57664E-01  3.63883E-04
 9.57782E-01  3.23677E-04
 9.57900E-01  3.11636E-04
 9.58018E-01  2.88769E-04
 9.58137E-01  3.17142E-04
 9.58255E-01  3.14622E-04
 9.58373E-01  3.08176E-04
 9.58491E-01  2.93521E-04
 9.58609E-01  2.73036E-04
 9.58728E-01  2.80676E-04
 9.58846E-01  2.90859E-04
 9.58964E-01  2.68174E-04
 9.59082E-01  2.87530E-04
 9.59201E-01  2.58977E-04
 9.59319E-01  2.57579E-04
 9.59438E-01  2.55245E-04
 9.59556E-01  2.80424E-04
 9.59675E-01  2.64823E-04
 9.59793E-01  2.57292E-04
 9.59912E-01  2.39864E-04
 9.60030E-01  2.44436E-04
 9.60149E-01  2.35205E-04
 9.60267E-01  2.45511E-04
 9.60386E-01  2.46923E-04
 9.60505E-01  2.21582E-04
 9.60624E-01  2.08332E-04
 9.60742E-01  2.10256E-04
 9.60861E-01  2.35782E-04
 9.60980E-01  2.22634E-04
 9.61099E-01  2.17390E-04
 9.61218E-01  2.12269E-04
 9.61336E-01  1.99247E-04
 9.61455E-01  2.00206E-04
 9.61574E-01  1.89380E-04
 9.61693E-01  1.98073E-04
 9.61812E-01  2.00040E-04
 9.61931E-01  2.05446E-04
 9.62050E-01  1.97771E-04
 9.62170E-01  1.87023E-04
 9.62289E-01  1.93782E-04
 9.62408E-01  2.01818E-04
 9.62527E-01  1.87364E-04
 9.62646E-01  1.75860E-04
 9.62765E-01  1.87254E-04
 9.62885E-01  1.81609E-04
 9.63004E-01  1.73573E-04
 9.63123E-01  1.95124E-04
 9.63243E-01  1.77267E-04
 9.63362E-01  6.02662E-04
 9.64483E-01  1.57550E-04
 1.01003E+00  1.70464E-04
 1.05773E+00  1.74740E-04
 1.10768E+00  1.79042E-04
 1.15999E+00  1.84327E-04
 1.21477E+00  1.97856E-04
 1.27214E+00  1.97682E-04
 1.33222E+00  1.88407E-04
 1.39513E+00  1.78483E-04
 1.46102E+00  1.62030E-04
 1.53001E+00  1.51321E-04
 1.60227E+00  1.38215E-04
 1.67794E+00  1.31987E-04
 1.75718E+00  1.24453E-04
 1.84016E+00  1.23832E-04
 1.92706E+00  1.26358E-04
 2.01807E+00  1.30413E-04
 2.11337E+00  1.31397E-04
 2.21318E+00  1.33633E-04
 2.31769E+00  1.35612E-04
 2.42715E+00  1.37001E-04
 2.54177E+00  1.38047E-04
 2.66180E+00  1.39194E-04
 2.78751E+00  1.43924E-04
 2.91915E+00  2.01860E-04
 3.05701E+00  2.37563E-04
 3.20137E+00  2.46666E-04
 3.35256E+00  2.45054E-04
 3.51089E+00  2.55757E-04
 3.67669E+00  2.51905E-04
 3.85032E+00  2.53441E-04
 4.03215E+00  2.53807E-04
 4.22257E+00  2.49937E-04
 4.42198E+00  2.52520E-04
 4.63081E+00  2.50850E-04
 4.84950E+00  2.48500E-04
 5.07852E+00  2.42219E-04
 5.31836E+00  2.44875E-04
 5.56952E+00  2.43026E-04
 5.83254E+00  2.39749E-04
 6.10798E+00  2.43356E-04
 6.39643E+00  2.37671E-04
 6.69850E+00  2.44103E-04
 7.01484E+00  2.54110E-04
 7.34612E+00  2.50120E-04
 7.69304E+00  2.49177E-04
 8.05634E+00  2.47734E-04
 8.43681E+00  2.43319E-04
 8.83524E+00  2.41577E-04
 9.25248E+00  2.36884E-04
 9.68943E+00  2.34951E-04
 1.01470E+01  2.35060E-04
 1.06262E+01  2.26161E-04
 1.11280E+01  2.27721E-04
 1.16536E+01  2.27333E-04
 1.22039E+01  2.28585E-04
 1.27802E+01  2.26608E-04
 1.33838E+01  2.12120E-04
 1.40158E+01  1.97878E-04
 1.46777E+01  1.95685E-04
 1.53709E+01  1.84987E-04
 1.60968E+01  1.71798E-04
 1.68570E+01  1.61423E-04
 1.76530E+01  1.53583E-04
 1.84867E+01  1.39487E-04
 1.93597E+01  1.32699E-04
 2.02740E+01  1.26438E-04
 2.12315E+01  1.22923E-04
 2.22341E+01  1.14582E-04
 2.32841E+01  1.10334E-04
 2.43837E+01  9.84830E-05
 2.55352E+01  9.15580E-05
 2.67412E+01  9.08738E-05
 2.80040E+01  8.01769E-05
 2.93265E+01  7.74937E-05
 3.07115E+01  7.39714E-05
 3.21618E+01  6.94402E-05
 3.36807E+01  5.67171E-05
 3.52712E+01  5.13090E-05
 3.69369E+01  4.80213E-05
 3.86813E+01  4.65985E-05
 4.05080E+01  4.11913E-05
 4.24210E+01  3.82872E-05
 4.44243E+01  3.64707E-05
 4.65223E+01  3.89799E-05
 4.87193E+01  3.18632E-05
 5.10201E+01  3.46566E-05
 5.34295E+01  2.71938E-05
 5.59527E+01  2.79946E-05
 5.85951E+01  2.46413E-05
 6.13623E+01  2.25399E-05
 6.42601E+01  2.25683E-05
 6.72948E+01  1.95937E-05
 7.04728E+01  1.74393E-05
 7.38009E+01  1.73812E-05
 7.72862E+01  1.65075E-05
 8.09361E+01  1.48722E-05
 8.47583E+01  1.20827E-05
 8.87610E+01  1.22821E-05
 9.29528E+01  1.49917E-05
 9.73425E+01  1.79401E-05
 1.01939E+02  1.69493E-05
 1.06754E+02  2.27676E-05
 1.11795E+02  3.87363E-05
 1.17075E+02  6.42301E-05
 1.22603E+02  1.10803E-04
 1.28393E+02  1.94162E-04
 1.34457E+02  3.55781E-04
 1.40807E+02  6.34751E-04
 1.47456E+02  1.04789E-03
 1.54420E+02  1.67949E-03
 1.61712E+02  2.63496E-03
 1.69349E+02  4.17402E-03
 1.77347E+02  6.42018E-03
 1.85722E+02  9.56388E-03
 1.94493E+02  1.40778E-02
 2.03678E+02  1.99857E-02
 2.13297E+02  2.79685E-02
 2.23369E+02  3.82642E-02
 2.33918E+02  5.11911E-02
 2.44965E+02  6.66942E-02
 2.56533E+02  8.50448E-02
 2.68648E+02  1.05920E-01
 2.81335E+02  1.29571E-01
 2.94621E+02  1.54978E-01
 3.08535E+02  1.81102E-01
 3.23106E+02  2.07284E-01
 3.38364E+02  2.32777E-01
 3.54344E+02  2.57431E-01
 3.71078E+02  2.81040E-01
 3.88602E+02  3.00537E-01
 4.06954E+02  3.18517E-01
 4.26172E+02  3.32941E-01
 4.46298E+02  3.42292E-01
 4.67375E+02  3.48969E-01
 4.89446E+02  3.51987E-01
 5.12561E+02  3.51606E-01
 5.36766E+02  3.47363E-01
 5.62115E+02  3.39847E-01
 5.88661E+02  3.29906E-01
 6.16461E+02  3.16995E-01
 6.45573E+02  3.03354E-01
 6.76061E+02  2.88542E-01
 7.07988E+02  2.69871E-01
 7.41423E+02  2.53551E-01
 7.76437E+02  2.35012E-01
 8.13104E+02  2.17350E-01
 8.51503E+02  2.00926E-01
 8.91715E+02  1.83502E-01
 9.33827E+02  1.66507E-01
 9.77927E+02  1.50755E-01
 1.02411E+03  1.36754E-01
 1.07247E+03  1.22788E-01
 1.12312E+03  1.09647E-01
 1.17616E+03  9.70027E-02
 1.23171E+03  8.56288E-02
 1.28987E+03  7.70356E-02
 1.35079E+03  6.68776E-02
 1.41458E+03  5.81067E-02
 1.48138E+03  5.10225E-02
 1.55134E+03  4.42485E-02
 1.62460E+03  3.77678E-02
 1.70133E+03  3.32474E-02
 1.78167E+03  2.81167E-02
 1.86581E+03  2.46183E-02
 1.95392E+03  2.06662E-02
 2.04620E+03  1.72455E-02
 2.14283E+03  1.51282E-02
 2.24403E+03  1.24541E-02
 2.35000E+03  1.09049E-02
 2.46098E+03  8.76722E-03
 2.57720E+03  7.69914E-03
 2.69891E+03  6.74033E-03
 2.82636E+03  5.60272E-03
 2.95984E+03  4.88119E-03
 3.09962E+03  4.02933E-03
 3.24600E+03  3.86535E-03
 3.39929E+03  2.71779E-03
 3.55982E+03  2.29705E-03
 3.72794E+03  2.08938E-03
 3.90399E+03  1.57693E-03
 4.08836E+03  1.21996E-03
 4.28143E+03  1.18988E-03
 4.48362E+03  9.73026E-04
 4.69536E+03  8.67538E-04
 4.91710E+03  7.25062E-04
 5.14931E+03  6.65761E-04
 5.39249E+03  3.67159E-04
 5.64715E+03  3.83891E-04
 5.91384E+03  3.62793E-04
 6.19312E+03  3.23014E-04
 6.48559E+03  2.05334E-04
 6.79188E+03  1.54408E-04
 7.11262E+03  6.47698E-05
 7.44852E+03  6.71943E-05
