-2.12541E+02  0.00000E+00
-2.08291E+02  1.96062E-02
-2.04040E+02  1.93448E-02
-1.99789E+02  1.88618E-02
-1.95538E+02  1.78345E-02
-1.91287E+02  1.62491E-02
-1.87036E+02  1.44845E-02
-1.82786E+02  1.31700E-02
-1.78535E+02  1.29976E-02
-1.74284E+02  1.46155E-02
-1.70033E+02  1.85746E-02
-1.65782E+02  2.51909E-02
-1.61531E+02  3.43934E-02
-1.57281E+02  4.57706E-02
-1.53030E+02  5.87015E-02
-1.48779E+02  7.23477E-02
-1.44528E+02  8.57433E-02
-1.40277E+02  9.82757E-02
-1.36027E+02  1.09952E-01
-1.31776E+02  1.20840E-01
-1.27525E+02  1.30744E-01
-1.23274E+02  1.39947E-01
-1.19023E+02  1.49323E-01
-1.14772E+02  1.58847E-01
-1.10522E+02  1.66856E-01
-1.06271E+02  1.71623E-01
-1.02020E+02  1.73363E-01
-9.77690E+01  1.74635E-01
-9.35182E+01  1.78924E-01
-8.92674E+01  1.88233E-01
-8.50166E+01  2.01572E-01
-8.07657E+01  2.16027E-01
-7.65149E+01  2.29297E-01
-7.22641E+01  2.41238E-01
-6.80133E+01  2.53874E-01
-6.37624E+01  2.70496E-01
-5.95116E+01  2.94043E-01
-5.52608E+01  3.25284E-01
-5.10099E+01  3.61825E-01
-4.67591E+01  3.98918E-01
-4.25083E+01  4.32826E-01
-3.82575E+01  4.64893E-01
-3.40066E+01  5.01928E-01
-2.97558E+01  5.51540E-01
-2.55050E+01  6.15076E-01
-2.12541E+01  6.84528E-01
-1.70033E+01  7.46582E-01
-1.27525E+01  7.92888E-01
-8.50166E+00  8.23407E-01
-4.25083E+00  8.42880E-01
 1.43191E-13  8.55156E-01
 4.25083E+00  8.61478E-01
 8.50166E+00  8.64020E-01
 1.27525E+01  8.66896E-01
 1.70033E+01  8.71455E-01
 2.12541E+01  8.77903E-01
 2.55050E+01  8.73227E-01
 2.97558E+01  8.51261E-01
 3.40066E+01  8.12635E-01
 3.82575E+01  7.63682E-01
 4.25083E+01  7.13373E-01
 4.67591E+01  6.70002E-01
 5.10099E+01  6.38306E-01
 5.52608E+01  6.18211E-01
 5.95116E+01  6.06063E-01
 6.37624E+01  5.97480E-01
 6.80133E+01  5.89969E-01
 7.22641E+01  5.84300E-01
 7.65149E+01  5.84151E-01
 8.07657E+01  5.93814E-01
 8.50166E+01  6.15487E-01
 8.92674E+01  6.48325E-01
 9.35182E+01  6.89101E-01
 9.77690E+01  7.31881E-01
 1.02020E+02  7.66813E-01
 1.06271E+02  7.83747E-01
 1.10522E+02  7.80681E-01
 1.14772E+02  7.64101E-01
 1.19023E+02  7.38317E-01
 1.23274E+02  7.02499E-01
 1.27525E+02  6.57230E-01
 1.31776E+02  6.07470E-01
 1.36027E+02  5.60574E-01
 1.40277E+02  5.19138E-01
 1.44528E+02  4.80681E-01
 1.48779E+02  4.44475E-01
 1.53030E+02  4.11257E-01
 1.57281E+02  3.80619E-01
 1.61531E+02  3.51877E-01
 1.65782E+02  3.24594E-01
 1.70033E+02  2.98428E-01
 1.74284E+02  2.73736E-01
 1.78535E+02  2.51798E-01
 1.82786E+02  2.33807E-01
 1.87036E+02  2.19635E-01
 1.91287E+02  2.07485E-01
 1.95538E+02  1.94439E-01
 1.99789E+02  1.77754E-01
 2.04040E+02  1.56504E-01
 2.08291E+02  1.32325E-01
 2.12541E+02  1.08406E-01
