-2.70869E+02  0.00000E+00
-2.65452E+02  9.01611E-02
-2.60034E+02  1.08857E-01
-2.54617E+02  1.29276E-01
-2.49200E+02  1.50616E-01
-2.43782E+02  1.71016E-01
-2.38365E+02  1.89239E-01
-2.32948E+02  2.05436E-01
-2.27530E+02  2.20425E-01
-2.22113E+02  2.34901E-01
-2.16695E+02  2.49211E-01
-2.11278E+02  2.63144E-01
-2.05861E+02  2.76393E-01
-2.00443E+02  2.89756E-01
-1.95026E+02  3.05199E-01
-1.89608E+02  3.24519E-01
-1.84191E+02  3.48755E-01
-1.78774E+02  3.78675E-01
-1.73356E+02  4.14355E-01
-1.67939E+02  4.54056E-01
-1.62522E+02  4.94008E-01
-1.57104E+02  5.29021E-01
-1.51687E+02  5.53462E-01
-1.46269E+02  5.62894E-01
-1.40852E+02  5.56067E-01
-1.35435E+02  5.34597E-01
-1.30017E+02  5.00303E-01
-1.24600E+02  4.57074E-01
-1.19182E+02  4.13956E-01
-1.13765E+02  3.81074E-01
-1.08348E+02  3.62382E-01
-1.02930E+02  3.57786E-01
-9.75129E+01  3.67688E-01
-9.20955E+01  3.90151E-01
-8.66782E+01  4.16540E-01
-8.12608E+01  4.36779E-01
-7.58434E+01  4.46146E-01
-7.04260E+01  4.46821E-01
-6.50086E+01  4.34911E-01
-5.95912E+01  4.16801E-01
-5.41738E+01  4.04210E-01
-4.87565E+01  4.05490E-01
-4.33391E+01  4.25323E-01
-3.79217E+01  4.57402E-01
-3.25043E+01  4.93537E-01
-2.70869E+01  5.22884E-01
-2.16695E+01  5.39812E-01
-1.62522E+01  5.43737E-01
-1.08348E+01  5.37011E-01
-5.41738E+00  5.24007E-01
-1.95578E-13  5.12487E-01
 5.41738E+00  5.12842E-01
 1.08348E+01  5.30124E-01
 1.62522E+01  5.58903E-01
 2.16695E+01  5.96614E-01
 2.70869E+01  6.62222E-01
 3.25043E+01  7.54354E-01
 3.79217E+01  8.45875E-01
 4.33391E+01  9.18449E-01
 4.87565E+01  9.48363E-01
 5.41738E+01  9.24579E-01
 5.95912E+01  8.90139E-01
 6.50086E+01  8.72558E-01
 7.04260E+01  8.51043E-01
 7.58434E+01  8.08067E-01
 8.12608E+01  7.52374E-01
 8.66782E+01  7.09532E-01
 9.20955E+01  7.16871E-01
 9.75129E+01  7.85635E-01
 1.02930E+02  8.68710E-01
 1.08348E+02  9.36530E-01
 1.13765E+02  9.67241E-01
 1.19182E+02  9.29966E-01
 1.24600E+02  8.68024E-01
 1.30017E+02  8.27522E-01
 1.35435E+02  8.08193E-01
 1.40852E+02  7.93600E-01
 1.46269E+02  7.61894E-01
 1.51687E+02  7.00519E-01
 1.57104E+02  6.14177E-01
 1.62522E+02  5.30975E-01
 1.67939E+02  4.69894E-01
 1.73356E+02  4.24642E-01
 1.78774E+02  3.86780E-01
 1.84191E+02  3.51051E-01
 1.89608E+02  3.13195E-01
 1.95026E+02  2.71717E-01
 2.00443E+02  2.29417E-01
 2.05861E+02  1.91009E-01
 2.11278E+02  1.59334E-01
 2.16695E+02  1.34227E-01
 2.22113E+02  1.13729E-01
 2.27530E+02  9.57017E-02
 2.32948E+02  7.90694E-02
 2.38365E+02  6.39190E-02
 2.43782E+02  5.08283E-02
 2.49200E+02  4.03344E-02
 2.54617E+02  3.23053E-02
 2.60034E+02  2.60350E-02
 2.65452E+02  2.10440E-02
 2.70869E+02  1.70893E-02
