-4.98616E+02  0.00000E+00
-4.88644E+02  2.00833E-12
-4.78671E+02  2.76322E-11
-4.68699E+02  3.42189E-10
-4.58727E+02  3.71015E-09
-4.48754E+02  3.42925E-08
-4.38782E+02  2.65247E-07
-4.28810E+02  1.70012E-06
-4.18837E+02  9.00421E-06
-4.08865E+02  3.95321E-05
-3.98893E+02  1.45342E-04
-3.88920E+02  4.57617E-04
-3.78948E+02  1.30729E-03
-3.68976E+02  3.27204E-03
-3.59004E+02  7.25453E-03
-3.49031E+02  1.54912E-02
-3.39059E+02  2.65191E-02
-3.29087E+02  4.25690E-02
-3.19114E+02  6.88607E-02
-3.09142E+02  1.03753E-01
-2.99170E+02  1.47848E-01
-2.89197E+02  2.54750E-01
-2.79225E+02  4.09192E-01
-2.69253E+02  3.91828E-01
-2.59280E+02  2.61329E-01
-2.49308E+02  1.98346E-01
-2.39336E+02  1.71539E-01
-2.29363E+02  1.50071E-01
-2.19391E+02  1.44109E-01
-2.09419E+02  1.59063E-01
-1.99446E+02  1.77726E-01
-1.89474E+02  2.00055E-01
-1.79502E+02  2.43842E-01
-1.69529E+02  3.15706E-01
-1.59557E+02  3.54099E-01
-1.49585E+02  3.56823E-01
-1.39612E+02  3.46646E-01
-1.29640E+02  3.46645E-01
-1.19668E+02  3.64313E-01
-1.09696E+02  3.96405E-01
-9.97232E+01  4.28956E-01
-8.97509E+01  4.69798E-01
-7.97786E+01  5.31258E-01
-6.98062E+01  5.88734E-01
-5.98339E+01  6.43653E-01
-4.98616E+01  6.57690E-01
-3.98893E+01  5.93658E-01
-2.99170E+01  5.96005E-01
-1.99446E+01  6.40104E-01
-9.97232E+00  6.52185E-01
 2.95695E-13  6.27478E-01
 9.97232E+00  5.75561E-01
 1.99446E+01  5.15186E-01
 2.99170E+01  4.83244E-01
 3.98893E+01  4.74377E-01
 4.98616E+01  4.72075E-01
 5.98339E+01  4.59104E-01
 6.98062E+01  4.62024E-01
 7.97786E+01  4.57537E-01
 8.97509E+01  4.55307E-01
 9.97232E+01  4.53812E-01
 1.09696E+02  4.26168E-01
 1.19668E+02  3.95893E-01
 1.29640E+02  3.64549E-01
 1.39612E+02  3.73887E-01
 1.49585E+02  3.98294E-01
 1.59557E+02  3.74568E-01
 1.69529E+02  2.96351E-01
 1.79502E+02  2.56418E-01
 1.89474E+02  2.25481E-01
 1.99446E+02  1.89269E-01
 2.09419E+02  1.57071E-01
 2.19391E+02  1.22630E-01
 2.29363E+02  9.21425E-02
 2.39336E+02  6.97879E-02
 2.49308E+02  5.29291E-02
 2.59280E+02  3.68195E-02
 2.69253E+02  2.27018E-02
 2.79225E+02  1.32566E-02
 2.89197E+02  8.44511E-03
 2.99170E+02  5.10188E-03
 3.09142E+02  2.92070E-03
 3.19114E+02  2.08332E-03
 3.29087E+02  1.91584E-03
 3.39059E+02  2.69111E-03
 3.49031E+02  2.13595E-03
 3.59004E+02  6.35781E-04
 3.68976E+02  2.99509E-04
 3.78948E+02  3.11398E-04
 3.88920E+02  1.53772E-04
 3.98893E+02  1.11657E-04
 4.08865E+02  1.41564E-04
 4.18837E+02  1.93961E-04
 4.28810E+02  1.68629E-04
 4.38782E+02  1.23550E-04
 4.48754E+02  1.11273E-04
 4.58727E+02  1.08486E-04
 4.68699E+02  1.05508E-04
 4.78671E+02  1.32322E-04
 4.88644E+02  2.63450E-04
 4.98616E+02  4.50880E-04
