-3.22954E+02  0.00000E+00
-3.16495E+02  2.93349E-03
-3.10036E+02  5.00748E-03
-3.03577E+02  6.42263E-03
-2.97118E+02  6.53008E-03
-2.90659E+02  7.25788E-03
-2.84200E+02  8.19128E-03
-2.77740E+02  7.53188E-03
-2.71281E+02  5.99472E-03
-2.64822E+02  4.93551E-03
-2.58363E+02  4.98381E-03
-2.51904E+02  6.59760E-03
-2.45445E+02  9.34643E-03
-2.38986E+02  1.43266E-02
-2.32527E+02  2.50560E-02
-2.26068E+02  4.39844E-02
-2.19609E+02  7.06667E-02
-2.13150E+02  1.00751E-01
-2.06691E+02  1.27568E-01
-2.00232E+02  1.50295E-01
-1.93772E+02  1.76481E-01
-1.87313E+02  2.13825E-01
-1.80854E+02  2.63441E-01
-1.74395E+02  3.23050E-01
-1.67936E+02  3.93784E-01
-1.61477E+02  4.75426E-01
-1.55018E+02  5.60485E-01
-1.48559E+02  6.32587E-01
-1.42100E+02  6.84305E-01
-1.35641E+02  7.15505E-01
-1.29182E+02  7.25757E-01
-1.22723E+02  7.16064E-01
-1.16263E+02  6.93529E-01
-1.09804E+02  6.65379E-01
-1.03345E+02  6.38997E-01
-9.68862E+01  6.31484E-01
-9.04271E+01  6.59368E-01
-8.39681E+01  7.07369E-01
-7.75090E+01  7.71859E-01
-7.10499E+01  8.88909E-01
-6.45908E+01  1.06360E+00
-5.81317E+01  1.24440E+00
-5.16726E+01  1.38794E+00
-4.52136E+01  1.46316E+00
-3.87545E+01  1.48308E+00
-3.22954E+01  1.45899E+00
-2.58363E+01  1.45982E+00
-1.93772E+01  1.53296E+00
-1.29182E+01  1.64572E+00
-6.45908E+00  1.68567E+00
 2.91038E-13  1.47226E+00
 6.45908E+00  1.20735E+00
 1.29182E+01  1.07347E+00
 1.93772E+01  9.70367E-01
 2.58363E+01  8.68940E-01
 3.22954E+01  8.25816E-01
 3.87545E+01  8.13148E-01
 4.52136E+01  8.37016E-01
 5.16726E+01  9.65814E-01
 5.81317E+01  1.05760E+00
 6.45908E+01  1.03152E+00
 7.10499E+01  9.13968E-01
 7.75090E+01  6.84819E-01
 8.39681E+01  5.29152E-01
 9.04271E+01  4.74343E-01
 9.68862E+01  4.55752E-01
 1.03345E+02  4.57175E-01
 1.09804E+02  4.77534E-01
 1.16263E+02  5.03946E-01
 1.22723E+02  5.12453E-01
 1.29182E+02  4.92355E-01
 1.35641E+02  4.72960E-01
 1.42100E+02  4.77323E-01
 1.48559E+02  4.78785E-01
 1.55018E+02  4.67263E-01
 1.61477E+02  4.68768E-01
 1.67936E+02  4.58086E-01
 1.74395E+02  3.84712E-01
 1.80854E+02  2.79829E-01
 1.87313E+02  2.04237E-01
 1.93772E+02  1.65072E-01
 2.00232E+02  1.41543E-01
 2.06691E+02  1.23501E-01
 2.13150E+02  1.13606E-01
 2.19609E+02  1.12689E-01
 2.26068E+02  1.16769E-01
 2.32527E+02  1.26703E-01
 2.38986E+02  1.43248E-01
 2.45445E+02  1.67271E-01
 2.51904E+02  2.02347E-01
 2.58363E+02  2.50463E-01
 2.64822E+02  3.25001E-01
 2.71281E+02  4.75843E-01
 2.77740E+02  6.74911E-01
 2.84200E+02  8.24929E-01
 2.90659E+02  9.32787E-01
 2.97118E+02  9.72431E-01
 3.03577E+02  9.22373E-01
 3.10036E+02  7.13036E-01
 3.16495E+02  4.00939E-01
 3.22954E+02  2.09834E-01
