-2.61758E+02  0.00000E+00
-2.56523E+02  2.99612E-05
-2.51287E+02  4.87378E-05
-2.46052E+02  8.04957E-05
-2.40817E+02  1.27591E-04
-2.35582E+02  2.05275E-04
-2.30347E+02  3.60601E-04
-2.25112E+02  6.61917E-04
-2.19876E+02  1.14527E-03
-2.14641E+02  1.75873E-03
-2.09406E+02  2.36115E-03
-2.04171E+02  2.77931E-03
-1.98936E+02  2.88270E-03
-1.93701E+02  2.64181E-03
-1.88466E+02  2.14751E-03
-1.83230E+02  1.57335E-03
-1.77995E+02  1.09030E-03
-1.72760E+02  7.99601E-04
-1.67525E+02  7.45771E-04
-1.62290E+02  9.03994E-04
-1.57055E+02  1.15970E-03
-1.51819E+02  1.55552E-03
-1.46584E+02  2.41457E-03
-1.41349E+02  4.02655E-03
-1.36114E+02  6.77728E-03
-1.30879E+02  1.15649E-02
-1.25644E+02  1.93690E-02
-1.20409E+02  3.09583E-02
-1.15173E+02  4.80198E-02
-1.09938E+02  7.38455E-02
-1.04703E+02  1.11892E-01
-9.94679E+01  1.64175E-01
-9.42328E+01  2.29638E-01
-8.89976E+01  3.01757E-01
-8.37625E+01  3.70605E-01
-7.85273E+01  4.32552E-01
-7.32922E+01  4.96737E-01
-6.80570E+01  5.77916E-01
-6.28218E+01  6.81854E-01
-5.75867E+01  7.96946E-01
-5.23515E+01  9.02074E-01
-4.71164E+01  9.89122E-01
-4.18812E+01  1.07194E+00
-3.66461E+01  1.16454E+00
-3.14109E+01  1.25873E+00
-2.61758E+01  1.32831E+00
-2.09406E+01  1.35034E+00
-1.57055E+01  1.32192E+00
-1.04703E+01  1.25632E+00
-5.23515E+00  1.16796E+00
-1.68802E-13  1.06878E+00
 5.23515E+00  9.70276E-01
 1.04703E+01  8.76392E-01
 1.57055E+01  7.81032E-01
 2.09406E+01  6.81020E-01
 2.61758E+01  5.84915E-01
 3.14109E+01  5.05640E-01
 3.66461E+01  4.50460E-01
 4.18812E+01  4.17492E-01
 4.71164E+01  3.95720E-01
 5.23515E+01  3.69826E-01
 5.75867E+01  3.28546E-01
 6.28218E+01  2.71441E-01
 6.80570E+01  2.07890E-01
 7.32922E+01  1.49824E-01
 7.85273E+01  1.06032E-01
 8.37625E+01  7.89504E-02
 8.89976E+01  6.35338E-02
 9.42328E+01  5.13441E-02
 9.94679E+01  3.89045E-02
 1.04703E+02  2.91366E-02
 1.09938E+02  2.47431E-02
 1.15173E+02  2.57969E-02
 1.20409E+02  3.22669E-02
 1.25644E+02  4.23773E-02
 1.30879E+02  4.94960E-02
 1.36114E+02  4.81657E-02
 1.41349E+02  4.18112E-02
 1.46584E+02  3.80933E-02
 1.51819E+02  3.89676E-02
 1.57055E+02  3.98006E-02
 1.62290E+02  3.70251E-02
 1.67525E+02  3.22770E-02
 1.72760E+02  2.78871E-02
 1.77995E+02  2.33593E-02
 1.83230E+02  1.80299E-02
 1.88466E+02  1.25459E-02
 1.93701E+02  7.71834E-03
 1.98936E+02  4.11072E-03
 2.04171E+02  1.93799E-03
 2.09406E+02  8.82477E-04
 2.14641E+02  4.26701E-04
 2.19876E+02  2.29188E-04
 2.25112E+02  1.37548E-04
 2.30347E+02  8.47854E-05
 2.35582E+02  4.75880E-05
 2.40817E+02  2.55272E-05
 2.46052E+02  1.66617E-05
 2.51287E+02  1.40072E-05
 2.56523E+02  1.27038E-05
 2.61758E+02  1.08911E-05
