-2.59396E+02  0.00000E+00
-2.54208E+02  3.82013E-04
-2.49020E+02  9.72219E-04
-2.43832E+02  1.86219E-03
-2.38644E+02  2.74269E-03
-2.33456E+02  3.43212E-03
-2.28268E+02  4.07121E-03
-2.23081E+02  4.77252E-03
-2.17893E+02  5.60574E-03
-2.12705E+02  7.05279E-03
-2.07517E+02  1.01706E-02
-2.02329E+02  1.63582E-02
-1.97141E+02  2.81159E-02
-1.91953E+02  5.34766E-02
-1.86765E+02  1.11730E-01
-1.81577E+02  2.24528E-01
-1.76389E+02  3.81221E-01
-1.71201E+02  5.12499E-01
-1.66013E+02  5.58665E-01
-1.60825E+02  5.18145E-01
-1.55638E+02  4.06519E-01
-1.50450E+02  2.68806E-01
-1.45262E+02  1.84196E-01
-1.40074E+02  1.62387E-01
-1.34886E+02  1.71826E-01
-1.29698E+02  1.93932E-01
-1.24510E+02  2.23265E-01
-1.19322E+02  2.59281E-01
-1.14134E+02  3.01708E-01
-1.08946E+02  3.48006E-01
-1.03758E+02  3.94750E-01
-9.85705E+01  4.39164E-01
-9.33825E+01  4.79287E-01
-8.81946E+01  5.13330E-01
-8.30067E+01  5.39798E-01
-7.78188E+01  5.58354E-01
-7.26309E+01  5.68510E-01
-6.74429E+01  5.70489E-01
-6.22550E+01  5.70485E-01
-5.70671E+01  5.79639E-01
-5.18792E+01  6.06739E-01
-4.66913E+01  6.61219E-01
-4.15033E+01  7.61258E-01
-3.63154E+01  9.01444E-01
-3.11275E+01  1.01871E+00
-2.59396E+01  1.06763E+00
-2.07517E+01  1.05935E+00
-1.55638E+01  1.03507E+00
-1.03758E+01  1.04391E+00
-5.18792E+00  1.09678E+00
 1.81608E-13  1.18914E+00
 5.18792E+00  1.39266E+00
 1.03758E+01  1.80454E+00
 1.55638E+01  2.31395E+00
 2.07517E+01  2.65786E+00
 2.59396E+01  2.64359E+00
 3.11275E+01  2.24356E+00
 3.63154E+01  1.70395E+00
 4.15033E+01  1.29673E+00
 4.66913E+01  1.09018E+00
 5.18792E+01  1.01500E+00
 5.70671E+01  9.73311E-01
 6.22550E+01  9.19527E-01
 6.74429E+01  8.50621E-01
 7.26309E+01  7.73348E-01
 7.78188E+01  6.94239E-01
 8.30067E+01  6.23831E-01
 8.81946E+01  5.69664E-01
 9.33825E+01  5.35433E-01
 9.85705E+01  5.25436E-01
 1.03758E+02  5.44429E-01
 1.08946E+02  5.55152E-01
 1.14134E+02  5.07126E-01
 1.19322E+02  4.12045E-01
 1.24510E+02  3.11751E-01
 1.29698E+02  2.34192E-01
 1.34886E+02  1.80574E-01
 1.40074E+02  1.40432E-01
 1.45262E+02  1.10507E-01
 1.50450E+02  8.80507E-02
 1.55638E+02  6.99641E-02
 1.60825E+02  5.54372E-02
 1.66013E+02  4.58577E-02
 1.71201E+02  4.18914E-02
 1.76389E+02  4.00521E-02
 1.81577E+02  3.53218E-02
 1.86765E+02  2.73078E-02
 1.91953E+02  1.98806E-02
 1.97141E+02  1.53648E-02
 2.02329E+02  1.27394E-02
 2.07517E+02  1.05406E-02
 2.12705E+02  8.45055E-03
 2.17893E+02  6.57564E-03
 2.23081E+02  4.94195E-03
 2.28268E+02  3.55920E-03
 2.33456E+02  2.44705E-03
 2.38644E+02  1.62149E-03
 2.43832E+02  1.06597E-03
 2.49020E+02  7.31094E-04
 2.54208E+02  6.11603E-04
 2.59396E+02  8.03270E-04
