-3.22876E+02  0.00000E+00
-3.16418E+02  6.01204E-04
-3.09961E+02  4.95580E-04
-3.03503E+02  1.43935E-03
-2.97046E+02  4.47202E-03
-2.90588E+02  8.69140E-03
-2.84131E+02  9.94528E-03
-2.77673E+02  6.89831E-03
-2.71216E+02  3.34556E-03
-2.64758E+02  1.87614E-03
-2.58300E+02  1.67116E-03
-2.51843E+02  1.46495E-03
-2.45385E+02  1.08489E-03
-2.38928E+02  1.04457E-03
-2.32470E+02  1.66013E-03
-2.26013E+02  3.36293E-03
-2.19555E+02  6.49963E-03
-2.13098E+02  8.96425E-03
-2.06640E+02  9.72489E-03
-2.00183E+02  1.25698E-02
-1.93725E+02  1.66958E-02
-1.87268E+02  2.16344E-02
-1.80810E+02  2.95110E-02
-1.74353E+02  4.20382E-02
-1.67895E+02  6.32020E-02
-1.61438E+02  1.09686E-01
-1.54980E+02  1.94892E-01
-1.48523E+02  2.72145E-01
-1.42065E+02  2.56117E-01
-1.35608E+02  1.89966E-01
-1.29150E+02  1.57359E-01
-1.22693E+02  1.56485E-01
-1.16235E+02  1.61579E-01
-1.09778E+02  1.59345E-01
-1.03320E+02  1.45279E-01
-9.68627E+01  1.22384E-01
-9.04052E+01  1.07122E-01
-8.39477E+01  1.18059E-01
-7.74901E+01  1.32594E-01
-7.10326E+01  1.16159E-01
-6.45751E+01  1.00035E-01
-5.81176E+01  1.07955E-01
-5.16601E+01  1.36129E-01
-4.52026E+01  2.03975E-01
-3.87451E+01  2.83736E-01
-3.22876E+01  2.88482E-01
-2.58300E+01  2.25752E-01
-1.93725E+01  1.82586E-01
-1.29150E+01  1.70951E-01
-6.45751E+00  1.64155E-01
-4.09782E-13  1.60166E-01
 6.45751E+00  1.66374E-01
 1.29150E+01  1.76921E-01
 1.93725E+01  1.85927E-01
 2.58300E+01  1.96210E-01
 3.22876E+01  2.05990E-01
 3.87451E+01  2.04285E-01
 4.52026E+01  1.86643E-01
 5.16601E+01  1.68905E-01
 5.81176E+01  1.61046E-01
 6.45751E+01  1.57734E-01
 7.10326E+01  1.62164E-01
 7.74901E+01  1.54099E-01
 8.39477E+01  1.32044E-01
 9.04052E+01  1.06337E-01
 9.68627E+01  9.19352E-02
 1.03320E+02  8.73751E-02
 1.09778E+02  8.22662E-02
 1.16235E+02  7.76513E-02
 1.22693E+02  7.68889E-02
 1.29150E+02  7.85427E-02
 1.35608E+02  7.99669E-02
 1.42065E+02  7.70988E-02
 1.48523E+02  7.59886E-02
 1.54980E+02  8.33951E-02
 1.61438E+02  9.40574E-02
 1.67895E+02  9.74586E-02
 1.74353E+02  8.88362E-02
 1.80810E+02  7.56859E-02
 1.87268E+02  7.08228E-02
 1.93725E+02  7.13543E-02
 2.00183E+02  6.66713E-02
 2.06640E+02  5.98447E-02
 2.13098E+02  6.11353E-02
 2.19555E+02  6.80043E-02
 2.26013E+02  6.74921E-02
 2.32470E+02  5.74862E-02
 2.38928E+02  5.07945E-02
 2.45385E+02  5.73096E-02
 2.51843E+02  7.20407E-02
 2.58300E+02  8.44036E-02
 2.64758E+02  8.91274E-02
 2.71216E+02  8.43071E-02
 2.77673E+02  7.22016E-02
 2.84131E+02  5.75434E-02
 2.90588E+02  4.47845E-02
 2.97046E+02  3.40841E-02
 3.03503E+02  2.41948E-02
 3.09961E+02  1.52894E-02
 3.16418E+02  8.47280E-03
 3.22876E+02  4.13836E-03
