-2.12258E+02  0.00000E+00
-2.08013E+02  5.23298E-03
-2.03768E+02  5.14157E-03
-1.99523E+02  4.83347E-03
-1.95278E+02  4.20288E-03
-1.91033E+02  3.34254E-03
-1.86787E+02  2.47021E-03
-1.82542E+02  1.81068E-03
-1.78297E+02  1.59298E-03
-1.74052E+02  2.12462E-03
-1.69807E+02  3.85116E-03
-1.65562E+02  7.25848E-03
-1.61316E+02  1.24473E-02
-1.57071E+02  1.87059E-02
-1.52826E+02  2.49046E-02
-1.48581E+02  3.05445E-02
-1.44336E+02  3.60179E-02
-1.40091E+02  4.18026E-02
-1.35845E+02  4.79680E-02
-1.31600E+02  5.47953E-02
-1.27355E+02  6.33695E-02
-1.23110E+02  7.46597E-02
-1.18865E+02  8.76341E-02
-1.14620E+02  9.87974E-02
-1.10374E+02  1.04390E-01
-1.06129E+02  1.03098E-01
-1.01884E+02  9.65481E-02
-9.76389E+01  8.77835E-02
-9.33937E+01  7.99153E-02
-8.91486E+01  7.57791E-02
-8.49034E+01  7.70700E-02
-8.06582E+01  8.28265E-02
-7.64130E+01  8.98030E-02
-7.21679E+01  9.55122E-02
-6.79227E+01  1.00892E-01
-6.36775E+01  1.08928E-01
-5.94324E+01  1.21457E-01
-5.51872E+01  1.36103E-01
-5.09420E+01  1.47216E-01
-4.66969E+01  1.50441E-01
-4.24517E+01  1.45303E-01
-3.82065E+01  1.35502E-01
-3.39614E+01  1.26512E-01
-2.97162E+01  1.24208E-01
-2.54710E+01  1.28502E-01
-2.12258E+01  1.35333E-01
-1.69807E+01  1.40616E-01
-1.27355E+01  1.44120E-01
-8.49034E+00  1.47170E-01
-4.24517E+00  1.48951E-01
-1.15251E-13  1.51018E-01
 4.24517E+00  1.54898E-01
 8.49034E+00  1.62144E-01
 1.27355E+01  1.80114E-01
 1.69807E+01  2.16764E-01
 2.12258E+01  2.74590E-01
 2.54710E+01  3.44226E-01
 2.97162E+01  4.02918E-01
 3.39614E+01  4.29162E-01
 3.82065E+01  4.11947E-01
 4.24517E+01  3.64130E-01
 4.66969E+01  3.09853E-01
 5.09420E+01  2.58099E-01
 5.51872E+01  2.03930E-01
 5.94324E+01  1.61835E-01
 6.36775E+01  1.33337E-01
 6.79227E+01  1.13351E-01
 7.21679E+01  9.94173E-02
 7.64130E+01  9.10164E-02
 8.06582E+01  8.71643E-02
 8.49034E+01  8.85021E-02
 8.91486E+01  9.40920E-02
 9.33937E+01  1.03004E-01
 9.76389E+01  1.14457E-01
 1.01884E+02  1.28032E-01
 1.06129E+02  1.43050E-01
 1.10374E+02  1.55631E-01
 1.14620E+02  1.61751E-01
 1.18865E+02  1.59995E-01
 1.23110E+02  1.53173E-01
 1.27355E+02  1.44845E-01
 1.31600E+02  1.37880E-01
 1.35845E+02  1.33613E-01
 1.40091E+02  1.31112E-01
 1.44336E+02  1.30565E-01
 1.48581E+02  1.32127E-01
 1.52826E+02  1.33371E-01
 1.57071E+02  1.30685E-01
 1.61316E+02  1.23194E-01
 1.65562E+02  1.14750E-01
 1.69807E+02  1.10081E-01
 1.74052E+02  1.08324E-01
 1.78297E+02  1.05716E-01
 1.82542E+02  1.01270E-01
 1.86787E+02  9.75693E-02
 1.91033E+02  9.66228E-02
 1.95278E+02  9.59646E-02
 1.99523E+02  9.16133E-02
 2.03768E+02  8.21695E-02
 2.08013E+02  6.98473E-02
 2.12258E+02  5.83096E-02
