-2.70515E+02  0.00000E+00
-2.65104E+02  6.53344E-02
-2.59694E+02  5.37400E-02
-2.54284E+02  4.23222E-02
-2.48873E+02  3.80409E-02
-2.43463E+02  4.10382E-02
-2.38053E+02  4.85888E-02
-2.32643E+02  5.67442E-02
-2.27232E+02  6.19974E-02
-2.21822E+02  6.41081E-02
-2.16412E+02  6.51695E-02
-2.11001E+02  6.62113E-02
-2.05591E+02  6.61852E-02
-2.00181E+02  6.58147E-02
-1.94771E+02  6.56139E-02
-1.89360E+02  6.60005E-02
-1.83950E+02  7.04330E-02
-1.78540E+02  7.80672E-02
-1.73129E+02  8.62402E-02
-1.67719E+02  9.32343E-02
-1.62309E+02  9.99855E-02
-1.56899E+02  1.08090E-01
-1.51488E+02  1.17077E-01
-1.46078E+02  1.25633E-01
-1.40668E+02  1.32339E-01
-1.35257E+02  1.34448E-01
-1.29847E+02  1.31331E-01
-1.24437E+02  1.25261E-01
-1.19026E+02  1.23088E-01
-1.13616E+02  1.32992E-01
-1.08206E+02  1.55265E-01
-1.02796E+02  1.83551E-01
-9.73853E+01  2.02519E-01
-9.19750E+01  2.00721E-01
-8.65647E+01  1.96713E-01
-8.11544E+01  1.90630E-01
-7.57441E+01  1.83424E-01
-7.03338E+01  1.76649E-01
-6.49235E+01  1.71377E-01
-5.95132E+01  1.75456E-01
-5.41029E+01  1.96183E-01
-4.86926E+01  2.18825E-01
-4.32823E+01  2.30848E-01
-3.78721E+01  2.28004E-01
-3.24618E+01  2.23238E-01
-2.70515E+01  2.20923E-01
-2.16412E+01  2.22692E-01
-1.62309E+01  2.22891E-01
-1.08206E+01  2.14484E-01
-5.41029E+00  2.01567E-01
-7.21775E-14  1.90528E-01
 5.41029E+00  1.82443E-01
 1.08206E+01  1.80455E-01
 1.62309E+01  1.84940E-01
 2.16412E+01  1.90009E-01
 2.70515E+01  1.93126E-01
 3.24618E+01  2.01800E-01
 3.78721E+01  2.21841E-01
 4.32823E+01  2.47897E-01
 4.86926E+01  2.64457E-01
 5.41029E+01  2.65192E-01
 5.95132E+01  2.51903E-01
 6.49235E+01  2.32066E-01
 7.03338E+01  2.14035E-01
 7.57441E+01  2.03448E-01
 8.11544E+01  2.03081E-01
 8.65647E+01  2.13194E-01
 9.19750E+01  2.31753E-01
 9.73853E+01  2.49205E-01
 1.02796E+02  2.56516E-01
 1.08206E+02  2.56275E-01
 1.13616E+02  2.58340E-01
 1.19026E+02  2.70511E-01
 1.24437E+02  2.84906E-01
 1.29847E+02  2.86667E-01
 1.35257E+02  2.77342E-01
 1.40668E+02  2.66302E-01
 1.46078E+02  2.58282E-01
 1.51488E+02  2.43432E-01
 1.56899E+02  2.16433E-01
 1.62309E+02  1.88298E-01
 1.67719E+02  1.71547E-01
 1.73129E+02  1.68705E-01
 1.78540E+02  1.74568E-01
 1.83950E+02  1.77311E-01
 1.89360E+02  1.68449E-01
 1.94771E+02  1.51204E-01
 2.00181E+02  1.34632E-01
 2.05591E+02  1.21796E-01
 2.11001E+02  1.09151E-01
 2.16412E+02  9.29288E-02
 2.21822E+02  7.37300E-02
 2.27232E+02  5.56026E-02
 2.32643E+02  4.20578E-02
 2.38053E+02  3.42606E-02
 2.43463E+02  3.11104E-02
 2.48873E+02  2.92433E-02
 2.54284E+02  2.52398E-02
 2.59694E+02  1.91455E-02
 2.65104E+02  1.40750E-02
 2.70515E+02  1.15388E-02
