-4.97932E+02  0.00000E+00
-4.87974E+02  6.50682E-13
-4.78015E+02  1.15669E-11
-4.68056E+02  1.66398E-10
-4.58098E+02  1.93691E-09
-4.48139E+02  1.82427E-08
-4.38180E+02  1.39038E-07
-4.28222E+02  8.57718E-07
-4.18263E+02  4.28472E-06
-4.08305E+02  1.73482E-05
-3.98346E+02  5.70414E-05
-3.88387E+02  1.52890E-04
-3.78429E+02  3.35557E-04
-3.68470E+02  6.19071E-04
-3.58511E+02  1.11831E-03
-3.48553E+02  1.96931E-03
-3.38594E+02  2.32556E-03
-3.28635E+02  2.90176E-03
-3.18677E+02  4.82420E-03
-3.08718E+02  7.30530E-03
-2.98759E+02  1.36971E-02
-2.88801E+02  2.52447E-02
-2.78842E+02  2.76662E-02
-2.68883E+02  2.62297E-02
-2.58925E+02  1.97758E-02
-2.48966E+02  1.96806E-02
-2.39008E+02  3.39291E-02
-2.29049E+02  2.77131E-02
-2.19090E+02  1.71824E-02
-2.09132E+02  1.93335E-02
-1.99173E+02  1.99032E-02
-1.89214E+02  2.10095E-02
-1.79256E+02  3.34940E-02
-1.69297E+02  5.26690E-02
-1.59338E+02  7.21008E-02
-1.49380E+02  1.05517E-01
-1.39421E+02  1.23646E-01
-1.29462E+02  9.78085E-02
-1.19504E+02  1.04742E-01
-1.09545E+02  1.12342E-01
-9.95865E+01  9.92731E-02
-8.96278E+01  1.03143E-01
-7.96692E+01  1.27080E-01
-6.97105E+01  1.48410E-01
-5.97519E+01  1.52830E-01
-4.97932E+01  1.44177E-01
-3.98346E+01  1.60452E-01
-2.98759E+01  1.88874E-01
-1.99173E+01  1.96431E-01
-9.95865E+00  2.11547E-01
 7.21775E-14  1.96832E-01
 9.95865E+00  1.84868E-01
 1.99173E+01  1.65835E-01
 2.98759E+01  1.40909E-01
 3.98346E+01  1.25202E-01
 4.97932E+01  1.25133E-01
 5.97519E+01  1.33195E-01
 6.97105E+01  1.24384E-01
 7.96692E+01  1.11328E-01
 8.96278E+01  1.08771E-01
 9.95865E+01  9.96519E-02
 1.09545E+02  8.78785E-02
 1.19504E+02  7.96368E-02
 1.29462E+02  1.06907E-01
 1.39421E+02  1.04743E-01
 1.49380E+02  7.36073E-02
 1.59338E+02  6.72192E-02
 1.69297E+02  7.32707E-02
 1.79256E+02  6.77553E-02
 1.89214E+02  4.98716E-02
 1.99173E+02  4.27612E-02
 2.09132E+02  3.85098E-02
 2.19090E+02  2.19827E-02
 2.29049E+02  1.57872E-02
 2.39008E+02  1.87008E-02
 2.48966E+02  1.16518E-02
 2.58925E+02  5.00429E-03
 2.68883E+02  2.06899E-03
 2.78842E+02  1.29604E-03
 2.88801E+02  1.87472E-03
 2.98759E+02  2.00479E-03
 3.08718E+02  1.43183E-03
 3.18677E+02  1.19472E-03
 3.28635E+02  7.01127E-04
 3.38594E+02  2.83359E-04
 3.48553E+02  1.05781E-04
 3.58511E+02  4.52369E-05
 3.68470E+02  2.15507E-05
 3.78429E+02  1.69162E-05
 3.88387E+02  1.19414E-05
 3.98346E+02  7.10985E-06
 4.08305E+02  1.04550E-05
 4.18263E+02  1.74223E-05
 4.28222E+02  1.33616E-05
 4.38180E+02  7.47738E-06
 4.48139E+02  7.29150E-06
 4.58098E+02  1.08028E-05
 4.68056E+02  1.70158E-05
 4.78015E+02  1.98548E-05
 4.87974E+02  3.47270E-05
 4.97932E+02  1.14010E-04
