-2.61041E+02  0.00000E+00
-2.55820E+02  1.68095E-05
-2.50599E+02  2.51269E-05
-2.45378E+02  3.89797E-05
-2.40158E+02  5.77453E-05
-2.34937E+02  7.67696E-05
-2.29716E+02  8.97839E-05
-2.24495E+02  9.65450E-05
-2.19274E+02  1.03146E-04
-2.14053E+02  1.11741E-04
-2.08833E+02  1.18013E-04
-2.03612E+02  1.20114E-04
-1.98391E+02  1.30462E-04
-1.93170E+02  1.91340E-04
-1.87949E+02  3.64366E-04
-1.82729E+02  6.49871E-04
-1.77508E+02  9.13034E-04
-1.72287E+02  9.73789E-04
-1.67066E+02  8.18467E-04
-1.61845E+02  6.77152E-04
-1.56624E+02  9.03485E-04
-1.51404E+02  1.85479E-03
-1.46183E+02  3.64232E-03
-1.40962E+02  5.88924E-03
-1.35741E+02  8.74553E-03
-1.30520E+02  1.37996E-02
-1.25300E+02  2.16645E-02
-1.20079E+02  3.03472E-02
-1.14858E+02  3.92425E-02
-1.09637E+02  5.11636E-02
-1.04416E+02  6.83705E-02
-9.91955E+01  9.18090E-02
-9.39747E+01  1.23565E-01
-8.87539E+01  1.62545E-01
-8.35331E+01  2.01235E-01
-7.83122E+01  2.31229E-01
-7.30914E+01  2.52121E-01
-6.78706E+01  2.66786E-01
-6.26498E+01  2.77528E-01
-5.74290E+01  2.87662E-01
-5.22082E+01  2.97677E-01
-4.69873E+01  3.09653E-01
-4.17665E+01  3.40696E-01
-3.65457E+01  4.01374E-01
-3.13249E+01  4.58190E-01
-2.61041E+01  4.68868E-01
-2.08833E+01  4.17202E-01
-1.56624E+01  3.32197E-01
-1.04416E+01  2.63211E-01
-5.22082E+00  2.23210E-01
 2.89874E-13  1.93484E-01
 5.22082E+00  1.69760E-01
 1.04416E+01  1.49799E-01
 1.56624E+01  1.23290E-01
 2.08833E+01  1.11871E-01
 2.61041E+01  1.13302E-01
 3.13249E+01  1.15394E-01
 3.65457E+01  1.08711E-01
 4.17665E+01  9.83559E-02
 4.69873E+01  9.43527E-02
 5.22082E+01  9.58122E-02
 5.74290E+01  9.95663E-02
 6.26498E+01  9.71601E-02
 6.78706E+01  8.84426E-02
 7.30914E+01  7.74504E-02
 7.83122E+01  6.97701E-02
 8.35331E+01  6.47995E-02
 8.87539E+01  5.76528E-02
 9.39747E+01  4.63675E-02
 9.91955E+01  3.39584E-02
 1.04416E+02  2.47477E-02
 1.09637E+02  2.01581E-02
 1.14858E+02  2.09433E-02
 1.20079E+02  3.01963E-02
 1.25300E+02  4.73678E-02
 1.30520E+02  6.15595E-02
 1.35741E+02  6.12514E-02
 1.40962E+02  4.81562E-02
 1.46183E+02  3.43074E-02
 1.51404E+02  2.55851E-02
 1.56624E+02  1.99591E-02
 1.61845E+02  1.65474E-02
 1.67066E+02  1.55941E-02
 1.72287E+02  1.57057E-02
 1.77508E+02  1.53284E-02
 1.82729E+02  1.40441E-02
 1.87949E+02  1.17487E-02
 1.93170E+02  8.48311E-03
 1.98391E+02  4.98419E-03
 2.03612E+02  2.34869E-03
 2.08833E+02  9.76870E-04
 2.14053E+02  4.35689E-04
 2.19274E+02  2.35007E-04
 2.24495E+02  1.50630E-04
 2.29716E+02  1.10328E-04
 2.34937E+02  9.57733E-05
 2.40158E+02  1.02340E-04
 2.45378E+02  1.16294E-04
 2.50599E+02  1.26208E-04
 2.55820E+02  1.30666E-04
 2.61041E+02  1.21269E-04
