-2.59259E+02  0.00000E+00
-2.54074E+02  7.89673E-05
-2.48889E+02  1.64783E-04
-2.43704E+02  3.44000E-04
-2.38518E+02  6.36245E-04
-2.33333E+02  1.01588E-03
-2.28148E+02  1.44486E-03
-2.22963E+02  1.93021E-03
-2.17778E+02  2.52207E-03
-2.12592E+02  3.33570E-03
-2.07407E+02  4.71547E-03
-2.02222E+02  7.17758E-03
-1.97037E+02  1.07950E-02
-1.91852E+02  1.50200E-02
-1.86667E+02  1.91813E-02
-1.81481E+02  2.27889E-02
-1.76296E+02  2.65160E-02
-1.71111E+02  3.21393E-02
-1.65926E+02  4.09783E-02
-1.60741E+02  5.33387E-02
-1.55555E+02  6.74360E-02
-1.50370E+02  8.08230E-02
-1.45185E+02  9.36179E-02
-1.40000E+02  1.04728E-01
-1.34815E+02  1.09192E-01
-1.29630E+02  1.06289E-01
-1.24444E+02  1.01090E-01
-1.19259E+02  9.66007E-02
-1.14074E+02  9.42622E-02
-1.08889E+02  9.45066E-02
-1.03704E+02  9.66962E-02
-9.85185E+01  1.00451E-01
-9.33333E+01  1.07954E-01
-8.81481E+01  1.16746E-01
-8.29629E+01  1.24210E-01
-7.77777E+01  1.32253E-01
-7.25926E+01  1.39576E-01
-6.74074E+01  1.36465E-01
-6.22222E+01  1.24506E-01
-5.70370E+01  1.10922E-01
-5.18518E+01  1.02110E-01
-4.66666E+01  9.90595E-02
-4.14815E+01  1.01379E-01
-3.62963E+01  1.04358E-01
-3.11111E+01  1.02660E-01
-2.59259E+01  9.51132E-02
-2.07407E+01  8.83866E-02
-1.55555E+01  8.95277E-02
-1.03704E+01  9.72441E-02
-5.18518E+00  1.05450E-01
 2.08383E-13  1.13861E-01
 5.18518E+00  1.45726E-01
 1.03704E+01  1.71098E-01
 1.55555E+01  1.58880E-01
 2.07407E+01  1.14738E-01
 2.59259E+01  7.74288E-02
 3.11111E+01  7.36841E-02
 3.62963E+01  7.98091E-02
 4.14815E+01  9.38834E-02
 4.66666E+01  1.11666E-01
 5.18518E+01  1.30361E-01
 5.70370E+01  1.36594E-01
 6.22222E+01  1.31158E-01
 6.74074E+01  1.18633E-01
 7.25926E+01  1.02754E-01
 7.77777E+01  8.72437E-02
 8.29629E+01  7.69067E-02
 8.81481E+01  7.41145E-02
 9.33333E+01  7.67665E-02
 9.85185E+01  7.94018E-02
 1.03704E+02  7.75348E-02
 1.08889E+02  7.14395E-02
 1.14074E+02  6.50462E-02
 1.19259E+02  6.17265E-02
 1.24444E+02  6.08274E-02
 1.29630E+02  5.92394E-02
 1.34815E+02  5.68043E-02
 1.40000E+02  5.60286E-02
 1.45185E+02  5.62413E-02
 1.50370E+02  5.37501E-02
 1.55555E+02  4.72410E-02
 1.60741E+02  3.86845E-02
 1.65926E+02  3.06828E-02
 1.71111E+02  2.47345E-02
 1.76296E+02  2.09429E-02
 1.81481E+02  1.86233E-02
 1.86667E+02  1.63723E-02
 1.91852E+02  1.31997E-02
 1.97037E+02  9.96090E-03
 2.02222E+02  8.03074E-03
 2.07407E+02  7.41100E-03
 2.12592E+02  7.31927E-03
 2.17778E+02  6.99425E-03
 2.22963E+02  5.73774E-03
 2.28148E+02  3.75623E-03
 2.33333E+02  2.23064E-03
 2.38518E+02  1.87824E-03
 2.43704E+02  2.18577E-03
 2.48889E+02  2.15007E-03
 2.54074E+02  1.47143E-03
 2.59259E+02  6.91820E-04
