 8.52779E-05  0.00000E+00
 8.93052E-05  0.00000E+00
 9.35227E-05  0.00000E+00
 9.79393E-05  0.00000E+00
 1.02564E-04  0.00000E+00
 1.07408E-04  0.00000E+00
 1.12480E-04  0.00000E+00
 1.17792E-04  0.00000E+00
 1.23355E-04  0.00000E+00
 1.29181E-04  0.00000E+00
 1.35281E-04  0.00000E+00
 1.41670E-04  0.00000E+00
 1.48360E-04  0.00000E+00
 1.55367E-04  0.00000E+00
 1.62704E-04  0.00000E+00
 1.70388E-04  0.00000E+00
 1.78434E-04  0.00000E+00
 1.86861E-04  0.00000E+00
 1.95685E-04  0.00000E+00
 2.04927E-04  0.00000E+00
 2.14604E-04  0.00000E+00
 2.24739E-04  0.00000E+00
 2.35352E-04  0.00000E+00
 2.46467E-04  0.00000E+00
 2.58106E-04  0.00000E+00
 2.70295E-04  0.00000E+00
 2.83060E-04  0.00000E+00
 2.96428E-04  0.00000E+00
 3.10427E-04  0.00000E+00
 3.25087E-04  0.00000E+00
 3.40439E-04  0.00000E+00
 3.56516E-04  0.00000E+00
 3.73353E-04  0.00000E+00
 3.90984E-04  0.00000E+00
 4.09449E-04  0.00000E+00
 4.28785E-04  0.00000E+00
 4.49034E-04  0.00000E+00
 4.70240E-04  0.00000E+00
 4.92447E-04  0.00000E+00
 5.15703E-04  0.00000E+00
 5.40057E-04  0.00000E+00
 5.65562E-04  0.00000E+00
 5.92270E-04  0.00000E+00
 6.20240E-04  0.00000E+00
 6.49531E-04  0.00000E+00
 6.80206E-04  0.00000E+00
 7.12329E-04  0.00000E+00
 7.45968E-04  0.00000E+00
 7.81197E-04  0.00000E+00
 8.18089E-04  0.00000E+00
 8.56723E-04  0.00000E+00
 8.97182E-04  0.00000E+00
 9.39552E-04  0.00000E+00
 9.83923E-04  0.00000E+00
 1.03039E-03  0.00000E+00
 1.07905E-03  0.00000E+00
 1.13001E-03  0.00000E+00
 1.18337E-03  0.00000E+00
 1.23926E-03  0.00000E+00
 1.29778E-03  0.00000E+00
 1.35907E-03  0.00000E+00
 1.42325E-03  0.00000E+00
 1.49046E-03  0.00000E+00
 1.56085E-03  0.00000E+00
 1.63456E-03  0.00000E+00
 1.71176E-03  0.00000E+00
 1.79259E-03  0.00000E+00
 1.87725E-03  0.00000E+00
 1.96590E-03  0.00000E+00
 2.05874E-03  0.00000E+00
 2.15597E-03  0.00000E+00
 2.25778E-03  0.00000E+00
 2.36441E-03  0.00000E+00
 2.47607E-03  0.00000E+00
 2.59300E-03  0.00000E+00
 2.71546E-03  0.00000E+00
 2.84369E-03  0.00000E+00
 2.97799E-03  0.00000E+00
 3.11862E-03  0.00000E+00
 3.26590E-03  0.00000E+00
 3.42013E-03  0.00000E+00
 3.58165E-03  0.00000E+00
 3.75079E-03  0.00000E+00
 3.92793E-03  0.00000E+00
 4.11342E-03  0.00000E+00
 4.30768E-03  0.00000E+00
 4.51111E-03  0.00000E+00
 4.72415E-03  0.00000E+00
 4.94725E-03  0.00000E+00
 5.18088E-03  0.00000E+00
 5.42555E-03  0.00000E+00
 5.68177E-03  0.00000E+00
 5.95010E-03  0.00000E+00
 6.23109E-03  0.00000E+00
 6.52536E-03  0.00000E+00
 6.83352E-03  0.00000E+00
 7.15623E-03  0.00000E+00
 7.49419E-03  0.00000E+00
 7.84810E-03  0.00000E+00
 8.21873E-03  0.00000E+00
 8.60686E-03  0.00000E+00
 9.01332E-03  0.00000E+00
 9.43898E-03  0.00000E+00
 9.88473E-03  0.00000E+00
 1.03515E-02  0.00000E+00
 1.08404E-02  0.00000E+00
 1.13523E-02  0.00000E+00
 1.18885E-02  0.00000E+00
 1.24499E-02  0.00000E+00
 1.30378E-02  0.00000E+00
 1.36535E-02  0.00000E+00
 1.42983E-02  0.00000E+00
 1.49736E-02  0.00000E+00
 1.56807E-02  0.00000E+00
 1.64212E-02  0.00000E+00
 1.71967E-02  0.00000E+00
 1.80088E-02  0.00000E+00
 1.88593E-02  0.00000E+00
 1.97500E-02  0.00000E+00
 2.06827E-02  0.00000E+00
 2.16594E-02  0.00000E+00
 2.26823E-02  0.00000E+00
 2.37534E-02  0.00000E+00
 2.48752E-02  0.00000E+00
 2.60499E-02  0.00000E+00
 2.72801E-02  0.00000E+00
 2.85685E-02  0.00000E+00
 2.99176E-02  0.00000E+00
 3.13305E-02  0.00000E+00
 3.28101E-02  0.00000E+00
 3.43595E-02  0.00000E+00
 3.59822E-02  0.00000E+00
 3.76814E-02  0.00000E+00
 3.94609E-02  0.00000E+00
 4.13245E-02  0.00000E+00
 4.32760E-02  0.00000E+00
 4.53198E-02  0.00000E+00
 4.74600E-02  0.00000E+00
 4.97013E-02  0.00000E+00
 5.20485E-02  0.00000E+00
 5.45064E-02  0.00000E+00
 5.70805E-02  0.00000E+00
 5.97762E-02  0.00000E+00
 6.25991E-02  0.00000E+00
 6.55554E-02  0.00000E+00
 6.86512E-02  0.00000E+00
 7.18933E-02  0.00000E+00
 7.52885E-02  0.00000E+00
 7.88440E-02  0.00000E+00
 8.25674E-02  0.00000E+00
 8.64667E-02  0.00000E+00
 9.05501E-02  0.00000E+00
 9.48263E-02  0.00000E+00
 9.93045E-02  0.00000E+00
 1.03994E-01  0.00000E+00
 1.08905E-01  0.00000E+00
 1.14048E-01  0.00000E+00
 1.19434E-01  0.00000E+00
 1.25075E-01  0.00000E+00
 1.30981E-01  0.00000E+00
 1.37167E-01  0.00000E+00
 1.43645E-01  0.00000E+00
 1.50428E-01  0.00000E+00
 1.57532E-01  0.00000E+00
 1.64972E-01  0.00000E+00
 1.72763E-01  0.00000E+00
 1.80921E-01  0.00000E+00
 1.89465E-01  1.04693E-16
 1.98413E-01  1.60637E-16
 2.07783E-01  4.27994E-16
 2.17596E-01  1.60673E-16
 2.27872E-01  9.82513E-17
 2.38633E-01  1.98935E-17
 2.49902E-01  9.95169E-18
 2.61704E-01  4.21545E-18
 2.74063E-01  1.32917E-18
 2.87006E-01  2.92940E-19
 3.00560E-01  1.48342E-19
 3.14754E-01  4.19648E-20
 3.29618E-01  1.40268E-20
 3.45184E-01  5.63170E-21
 3.61486E-01  1.77053E-21
 3.78557E-01  5.68891E-22
 3.96434E-01  2.43849E-22
 4.15156E-01  1.36732E-22
 4.34762E-01  1.31412E-22
 4.55294E-01  7.14366E-23
 4.76795E-01  6.71254E-23
 4.99312E-01  7.46840E-23
 5.22892E-01  1.59292E-22
 5.47585E-01  3.36214E-22
 5.73445E-01  1.57826E-21
 6.00526E-01  1.58686E-20
 6.28886E-01  3.76596E-19
 6.58586E-01  2.14116E-17
 6.89687E-01  5.03724E-15
 7.22258E-01  4.68074E-12
 7.56367E-01  4.17283E-07
 7.92086E-01  4.80706E-06
 8.29493E-01  6.21055E-06
 8.68666E-01  6.73322E-06
 9.09689E-01  8.11367E-06
 9.52649E-01  8.68955E-06
 9.82753E-01  9.08346E-06
 9.82868E-01  7.92676E-06
 9.82982E-01  7.93641E-06
 9.83097E-01  7.92085E-06
 9.83212E-01  7.91789E-06
 9.83327E-01  7.91493E-06
 9.83442E-01  7.91197E-06
 9.83557E-01  7.90901E-06
 9.83671E-01  7.90604E-06
 9.83786E-01  7.90307E-06
 9.83901E-01  7.90011E-06
 9.84016E-01  7.89714E-06
 9.84131E-01  7.89417E-06
 9.84246E-01  7.89120E-06
 9.84362E-01  7.88823E-06
 9.84477E-01  7.88526E-06
 9.84592E-01  7.88228E-06
 9.84707E-01  7.87931E-06
 9.84822E-01  7.87633E-06
 9.84937E-01  7.87336E-06
 9.85053E-01  7.87038E-06
 9.85168E-01  7.86740E-06
 9.85283E-01  7.86442E-06
 9.85398E-01  7.86144E-06
 9.85514E-01  7.85846E-06
 9.85629E-01  7.85547E-06
 9.85745E-01  7.85249E-06
 9.85860E-01  7.84950E-06
 9.85975E-01  7.84651E-06
 9.86091E-01  7.84353E-06
 9.86206E-01  8.03355E-06
 9.86322E-01  7.83755E-06
 9.86438E-01  7.83477E-06
 9.86553E-01  7.83156E-06
 9.86669E-01  7.82857E-06
 9.86784E-01  7.82557E-06
 9.86900E-01  7.82652E-06
 9.87016E-01  7.81958E-06
 9.87132E-01  7.81658E-06
 9.87247E-01  7.81358E-06
 9.87363E-01  7.81058E-06
 9.87479E-01  7.80757E-06
 9.87595E-01  7.80457E-06
 9.87711E-01  7.80157E-06
 9.87826E-01  7.79856E-06
 9.87942E-01  7.79555E-06
 9.88058E-01  7.79255E-06
 9.88174E-01  7.83377E-06
 9.88290E-01  7.78653E-06
 9.88406E-01  7.78351E-06
 9.88522E-01  7.78050E-06
 9.88639E-01  7.77749E-06
 9.88755E-01  7.77447E-06
 9.88871E-01  7.77146E-06
 9.88987E-01  7.76844E-06
 9.89103E-01  7.76542E-06
 9.89219E-01  7.76240E-06
 9.89336E-01  7.75938E-06
 9.89452E-01  7.75636E-06
 9.89568E-01  7.75333E-06
 9.89684E-01  7.75031E-06
 9.89801E-01  7.74728E-06
 9.89917E-01  7.74427E-06
 9.90034E-01  7.74123E-06
 9.90150E-01  7.73820E-06
 9.90267E-01  7.73517E-06
 9.90383E-01  7.73683E-06
 9.90500E-01  7.72910E-06
 9.90616E-01  7.72607E-06
 9.90733E-01  7.72304E-06
 9.90849E-01  7.72000E-06
 9.90966E-01  7.71696E-06
 9.91083E-01  7.71392E-06
 9.91199E-01  7.71340E-06
 9.91316E-01  7.77589E-06
 9.91433E-01  7.70480E-06
 9.91549E-01  7.70176E-06
 9.91666E-01  7.69871E-06
 9.91783E-01  7.69567E-06
 9.91900E-01  8.42988E-06
 9.92017E-01  7.68957E-06
 9.92134E-01  7.68652E-06
 9.92251E-01  7.68347E-06
 9.92368E-01  7.68042E-06
 9.92485E-01  7.67737E-06
 9.92602E-01  7.67431E-06
 9.92719E-01  7.67126E-06
 9.92836E-01  7.67008E-06
 9.92953E-01  7.90234E-06
 9.93070E-01  7.66209E-06
 9.93187E-01  7.65903E-06
 9.93304E-01  7.65596E-06
 9.93421E-01  7.65290E-06
 9.93539E-01  7.64984E-06
 9.93656E-01  7.64677E-06
 9.93773E-01  7.64371E-06
 9.93891E-01  7.64064E-06
 9.94008E-01  7.63757E-06
 9.94125E-01  7.63450E-06
 9.94243E-01  7.63143E-06
 9.94360E-01  7.62836E-06
 9.94478E-01  7.62529E-06
 9.94595E-01  7.66178E-06
 9.94713E-01  7.61914E-06
 9.94830E-01  7.61606E-06
 9.94948E-01  7.61298E-06
 9.95065E-01  7.60990E-06
 9.95183E-01  7.60682E-06
 9.95301E-01  7.60374E-06
 9.95418E-01  7.60066E-06
 9.95536E-01  8.13284E-06
 9.95654E-01  7.59449E-06
 9.95771E-01  7.59141E-06
 9.95889E-01  7.84820E-06
 9.96007E-01  9.35562E-06
 9.96125E-01  7.58214E-06
 9.96243E-01  7.57906E-06
 9.96361E-01  7.57596E-06
 9.96479E-01  7.57290E-06
 9.96597E-01  7.56977E-06
 9.96715E-01  7.56667E-06
 9.96833E-01  7.56357E-06
 9.96951E-01  7.56048E-06
 9.97069E-01  7.55738E-06
 9.97187E-01  7.55433E-06
 9.97305E-01  7.55117E-06
 9.97423E-01  7.99046E-06
 9.97541E-01  7.54497E-06
 9.97638E-01  7.54243E-06
 9.97659E-01  7.54369E-06
 9.97778E-01  7.66355E-06
 9.97896E-01  8.60145E-06
 9.98014E-01  7.56434E-06
 9.98133E-01  7.57541E-06
 9.98251E-01  7.57813E-06
 9.98369E-01  7.58708E-06
 9.98488E-01  7.59192E-06
 9.98606E-01  7.59882E-06
 9.98725E-01  7.60572E-06
 9.98843E-01  7.61263E-06
 9.98962E-01  8.14134E-06
 9.99080E-01  7.88862E-06
 9.99199E-01  7.63336E-06
 9.99317E-01  7.64027E-06
 9.99436E-01  9.40911E-06
 9.99555E-01  7.65513E-06
 9.99673E-01  7.66103E-06
 9.99792E-01  7.66795E-06
 9.99911E-01  7.67487E-06
 1.00003E+00  7.68187E-06
 1.00015E+00  7.68873E-06
 1.00027E+00  7.82038E-06
 1.00039E+00  7.70260E-06
 1.00050E+00  9.38500E-06
 1.00062E+00  7.71648E-06
 1.00074E+00  7.74369E-06
 1.00086E+00  7.73037E-06
 1.00098E+00  7.73731E-06
 1.00110E+00  8.01076E-06
 1.00122E+00  7.98764E-06
 1.00134E+00  7.75817E-06
 1.00146E+00  7.85794E-06
 1.00158E+00  7.83554E-06
 1.00170E+00  9.19549E-06
 1.00181E+00  7.87961E-06
 1.00193E+00  7.79298E-06
 1.00205E+00  7.79994E-06
 1.00217E+00  7.80704E-06
 1.00229E+00  7.82686E-06
 1.00241E+00  1.13485E-05
 1.00253E+00  7.82784E-06
 1.00265E+00  8.02623E-06
 1.00277E+00  7.84180E-06
 1.00289E+00  7.84879E-06
 1.00301E+00  8.02766E-06
 1.00313E+00  7.86277E-06
 1.00325E+00  7.86976E-06
 1.00337E+00  7.87675E-06
 1.00349E+00  7.88381E-06
 1.00361E+00  7.89075E-06
 1.00373E+00  7.89775E-06
 1.00385E+00  7.90476E-06
 1.00397E+00  7.91176E-06
 1.00408E+00  7.91877E-06
 1.00420E+00  7.92589E-06
 1.00432E+00  9.94682E-06
 1.00444E+00  7.94872E-06
 1.00456E+00  8.32401E-06
 1.00468E+00  8.06647E-06
 1.00480E+00  7.96088E-06
 1.00492E+00  7.96790E-06
 1.00504E+00  7.97493E-06
 1.00516E+00  8.07237E-06
 1.00528E+00  8.34797E-06
 1.00540E+00  8.01641E-06
 1.00552E+00  8.00695E-06
 1.00564E+00  8.01011E-06
 1.00576E+00  8.01757E-06
 1.00588E+00  8.35599E-06
 1.00600E+00  9.21338E-06
 1.00612E+00  9.42479E-06
 1.00624E+00  8.35292E-06
 1.00637E+00  8.05837E-06
 1.00649E+00  9.82094E-06
 1.00661E+00  8.06688E-06
 1.00673E+00  9.28654E-06
 1.00685E+00  8.43064E-06
 1.00697E+00  1.08295E-05
 1.00709E+00  8.33238E-06
 1.00721E+00  8.12130E-06
 1.00733E+00  8.31608E-06
 1.00745E+00  8.23045E-06
 1.00757E+00  8.67467E-06
 1.00769E+00  9.42729E-06
 1.00781E+00  8.37709E-06
 1.00793E+00  8.56885E-06
 1.00805E+00  1.20657E-05
 1.00817E+00  1.13984E-05
 1.00829E+00  1.15412E-05
 1.00841E+00  1.25045E-05
 1.00854E+00  1.56630E-05
 1.00866E+00  1.64385E-05
 1.00878E+00  1.44677E-05
 1.00890E+00  1.89512E-05
 1.00902E+00  2.56079E-05
 1.00914E+00  2.76859E-05
 1.00926E+00  4.86109E-05
 1.00938E+00  4.63200E-05
 1.00950E+00  6.69813E-05
 1.00962E+00  6.99347E-05
 1.00974E+00  1.02328E-04
 1.00987E+00  1.23831E-04
 1.00999E+00  1.52172E-04
 1.01011E+00  1.85492E-04
 1.01023E+00  2.55517E-04
 1.01035E+00  3.41470E-04
 1.01047E+00  3.90004E-04
 1.01059E+00  5.46895E-04
 1.01071E+00  6.24587E-04
 1.01084E+00  7.08624E-04
 1.01096E+00  8.53127E-04
 1.01108E+00  1.00168E-03
 1.01120E+00  1.09216E-03
 1.01132E+00  1.30929E-03
 1.01144E+00  1.30901E-03
 1.01156E+00  1.46977E-03
 1.01169E+00  1.54638E-03
 1.01181E+00  1.67150E-03
 1.01193E+00  1.70377E-03
 1.01205E+00  1.56784E-03
 1.01217E+00  1.31643E-03
 1.01229E+00  1.11512E-03
 1.01242E+00  1.00223E-03
 1.01254E+00  8.72988E-04
 1.01266E+00  8.49707E-04
 1.01278E+00  7.35846E-04
 1.01290E+00  7.66096E-04
 1.01303E+00  7.58640E-04
 1.01315E+00  8.18193E-04
 1.01327E+00  1.02574E-03
 1.01339E+00  1.22157E-03
 1.01351E+00  1.22681E-03
 1.01364E+00  1.19357E-03
 1.01376E+00  1.01654E-03
 1.01388E+00  9.08166E-04
 1.01400E+00  8.86553E-04
 1.01412E+00  7.74295E-04
 1.01425E+00  6.43789E-04
 1.01437E+00  6.37377E-04
 1.01449E+00  5.04781E-04
 1.01461E+00  4.83066E-04
 1.01473E+00  4.68518E-04
 1.01486E+00  4.21025E-04
 1.01498E+00  4.18232E-04
 1.01510E+00  3.14060E-04
 1.01522E+00  3.13821E-04
 1.01535E+00  2.82875E-04
 1.01547E+00  2.96716E-04
 1.01559E+00  2.83573E-04
 1.01571E+00  2.81901E-04
 1.01584E+00  2.27063E-04
 1.01596E+00  2.39844E-04
 1.01608E+00  2.44800E-04
 1.01620E+00  2.35716E-04
 1.01633E+00  2.35996E-04
 1.01645E+00  2.25330E-04
 1.01657E+00  2.22846E-04
 1.01670E+00  2.06195E-04
 1.01682E+00  2.16096E-04
 1.01694E+00  2.04004E-04
 1.01706E+00  2.01913E-04
 1.01719E+00  1.82250E-04
 1.01731E+00  1.72618E-04
 1.01743E+00  1.99507E-04
 1.01756E+00  1.70446E-04
 1.01768E+00  1.92661E-04
 1.01780E+00  1.88687E-04
 1.01792E+00  1.78162E-04
 1.01805E+00  2.14422E-04
 1.01817E+00  1.86455E-04
 1.01829E+00  1.89814E-04
 1.01842E+00  1.71312E-04
 1.01854E+00  1.71533E-04
 1.01866E+00  1.80611E-04
 1.01879E+00  1.72113E-04
 1.01891E+00  1.72745E-04
 1.01903E+00  1.76712E-04
 1.01916E+00  1.74890E-04
 1.01928E+00  1.58626E-04
 1.01940E+00  1.31930E-04
 1.01953E+00  1.93962E-04
 1.01965E+00  1.36017E-04
 1.01977E+00  1.57890E-04
 1.01990E+00  1.56503E-04
 1.02002E+00  1.64837E-04
 1.02014E+00  1.68526E-04
 1.02027E+00  1.39614E-04
 1.02039E+00  1.51469E-04
 1.02052E+00  1.70805E-04
 1.02064E+00  1.56995E-04
 1.02076E+00  1.31890E-04
 1.02089E+00  1.41494E-04
 1.02101E+00  1.41508E-04
 1.02113E+00  1.38675E-04
 1.02126E+00  1.47237E-04
 1.02138E+00  1.35906E-04
 1.02151E+00  1.38467E-04
 1.02163E+00  1.32021E-04
 1.02175E+00  1.54064E-04
 1.02188E+00  1.39410E-04
 1.02200E+00  1.52672E-04
 1.02213E+00  1.22856E-04
 1.02225E+00  1.30850E-04
 1.02237E+00  1.20679E-04
 1.02250E+00  1.45544E-04
 1.02262E+00  1.25852E-04
 1.02275E+00  1.14044E-04
 1.02287E+00  1.17706E-04
 1.02300E+00  1.01017E-04
 1.02312E+00  1.33637E-04
 1.02324E+00  1.11535E-04
 1.02337E+00  1.10939E-04
 1.02349E+00  1.39284E-04
 1.02362E+00  1.06951E-04
 1.02374E+00  9.89878E-05
 1.02387E+00  9.68316E-05
 1.02399E+00  9.32416E-05
 1.02412E+00  9.92872E-05
 1.02424E+00  9.78128E-05
 1.02437E+00  7.43286E-05
 1.02449E+00  1.04654E-04
 1.02461E+00  9.01012E-05
 1.02474E+00  9.82797E-05
 1.02486E+00  1.14583E-04
 1.02499E+00  9.50712E-05
 1.02511E+00  7.64225E-05
 1.02524E+00  8.66940E-05
 1.02536E+00  7.29174E-05
 1.02549E+00  8.78539E-05
 1.02561E+00  7.78658E-05
 1.02574E+00  7.91036E-05
 1.02586E+00  7.85632E-05
 1.02599E+00  8.84713E-05
 1.02611E+00  8.66370E-05
 1.02624E+00  7.15945E-05
 1.02636E+00  6.66092E-05
 1.02649E+00  6.82763E-05
 1.02661E+00  7.87783E-05
 1.02674E+00  6.86775E-05
 1.02686E+00  7.08167E-05
 1.02699E+00  6.33333E-05
 1.02711E+00  6.46169E-05
 1.02724E+00  7.18524E-05
 1.02737E+00  7.70056E-05
 1.02749E+00  6.65164E-05
 1.02762E+00  6.28097E-05
 1.02774E+00  5.68196E-05
 1.02787E+00  5.84290E-05
 1.02799E+00  5.16215E-05
 1.02812E+00  6.84569E-05
 1.02824E+00  6.73070E-05
 1.02837E+00  6.46027E-05
 1.02849E+00  5.10475E-05
 1.02862E+00  4.72217E-05
 1.02875E+00  4.86077E-05
 1.02887E+00  4.61950E-05
 1.02900E+00  4.64719E-05
 1.02912E+00  5.51087E-05
 1.02925E+00  3.93189E-05
 1.02938E+00  4.37359E-05
 1.02950E+00  4.83086E-05
 1.02963E+00  4.25752E-05
 1.02975E+00  5.03003E-05
 1.02988E+00  4.14134E-05
 1.03000E+00  4.07885E-05
 1.03013E+00  4.12210E-05
 1.03026E+00  4.49053E-05
 1.03038E+00  4.66527E-05
 1.03051E+00  3.40937E-05
 1.03064E+00  3.93428E-05
 1.03076E+00  3.68866E-05
 1.03089E+00  3.71431E-05
 1.03101E+00  3.08878E-05
 1.03114E+00  3.29270E-05
 1.03127E+00  4.24532E-05
 1.03139E+00  3.65561E-05
 1.03152E+00  3.47613E-05
 1.03165E+00  3.57218E-05
 1.03177E+00  3.98486E-05
 1.03190E+00  3.41867E-05
 1.03202E+00  3.55304E-05
 1.03215E+00  3.80493E-05
 1.03228E+00  2.80980E-05
 1.03240E+00  3.33606E-05
 1.03253E+00  3.14611E-05
 1.03266E+00  3.20576E-05
 1.03278E+00  2.52441E-05
 1.03291E+00  3.49269E-05
 1.03304E+00  2.71153E-05
 1.03316E+00  2.33120E-05
 1.03329E+00  2.17840E-05
 1.03342E+00  2.92544E-05
 1.03355E+00  2.81981E-05
 1.03367E+00  2.29237E-05
 1.03380E+00  3.01497E-05
 1.03393E+00  2.06436E-05
 1.03405E+00  2.54015E-05
 1.03418E+00  2.60334E-05
 1.03431E+00  2.77796E-05
 1.03443E+00  2.03284E-05
 1.03456E+00  1.97071E-05
 1.03469E+00  2.57077E-05
 1.03482E+00  1.60104E-05
 1.03494E+00  1.93826E-05
 1.03507E+00  1.98715E-05
 1.03520E+00  2.35087E-05
 1.03532E+00  1.98198E-05
 1.03545E+00  2.71014E-05
 1.03558E+00  1.70749E-05
 1.03571E+00  2.19716E-05
 1.03583E+00  1.85982E-05
 1.03596E+00  1.96107E-05
 1.03609E+00  2.53163E-05
 1.03622E+00  1.52466E-05
 1.03634E+00  1.84627E-05
 1.03647E+00  1.64135E-05
 1.03660E+00  2.14240E-05
 1.03673E+00  1.73257E-05
 1.03685E+00  1.57663E-05
 1.03698E+00  1.96530E-05
 1.03711E+00  1.69353E-05
 1.03724E+00  1.60992E-05
 1.03737E+00  2.04469E-05
 1.03749E+00  2.14171E-05
 1.03762E+00  1.67417E-05
 1.03775E+00  1.53515E-05
 1.03788E+00  1.53424E-05
 1.03801E+00  1.53716E-05
 1.03813E+00  1.73348E-05
 1.03826E+00  1.37078E-05
 1.03839E+00  1.37597E-05
 1.03852E+00  1.90738E-05
 1.03865E+00  1.49247E-05
 1.03877E+00  1.45232E-05
 1.03890E+00  1.49068E-05
 1.03903E+00  1.45667E-05
 1.03916E+00  1.49364E-05
 1.03929E+00  1.47838E-05
 1.03942E+00  1.26081E-05
 1.03954E+00  1.50120E-05
 1.03967E+00  1.39417E-05
 1.03980E+00  1.23138E-05
 1.03993E+00  1.26701E-05
 1.04006E+00  1.63228E-05
 1.04019E+00  1.37376E-05
 1.04031E+00  1.39312E-05
 1.04044E+00  1.40660E-05
 1.04057E+00  1.06708E-05
 1.04070E+00  1.34764E-05
 1.04083E+00  1.09356E-05
 1.04096E+00  1.29253E-05
 1.04109E+00  1.37089E-05
 1.04121E+00  1.15843E-05
 1.04134E+00  1.41517E-05
 1.04147E+00  1.41274E-05
 1.04160E+00  1.19830E-05
 1.04173E+00  1.23157E-05
 1.04186E+00  1.08084E-05
 1.04199E+00  1.57740E-05
 1.04212E+00  1.16157E-05
 1.04225E+00  1.07627E-05
 1.04238E+00  1.06160E-05
 1.04250E+00  1.06032E-05
 1.04263E+00  1.07912E-05
 1.04276E+00  1.12507E-05
 1.04289E+00  1.32427E-05
 1.04302E+00  1.04210E-05
 1.04315E+00  1.15402E-05
 1.04328E+00  1.09563E-05
 1.04341E+00  1.19822E-05
 1.04354E+00  2.78099E-05
 1.04475E+00  1.03405E-05
 1.09409E+00  1.24139E-05
 1.14576E+00  1.40058E-05
 1.19987E+00  1.53792E-05
 1.25653E+00  1.65126E-05
 1.31587E+00  1.70867E-05
 1.37801E+00  1.66111E-05
 1.44309E+00  1.53005E-05
 1.51124E+00  1.40199E-05
 1.58261E+00  1.18207E-05
 1.65735E+00  9.95273E-06
 1.73562E+00  8.34766E-06
 1.81758E+00  7.32609E-06
 1.90342E+00  6.93796E-06
 1.99331E+00  7.00655E-06
 2.08744E+00  7.67562E-06
 2.18602E+00  8.72286E-06
 2.28926E+00  9.14564E-06
 2.39737E+00  9.88052E-06
 2.51058E+00  1.07278E-05
 2.62915E+00  1.15127E-05
 2.75331E+00  1.25490E-05
 2.88333E+00  1.31663E-05
 3.01950E+00  1.43425E-05
 3.16210E+00  2.12963E-05
 3.31143E+00  2.64590E-05
 3.46781E+00  2.90434E-05
 3.63158E+00  3.00935E-05
 3.80308E+00  3.17307E-05
 3.98268E+00  3.31911E-05
 4.17076E+00  3.46077E-05
 4.36773E+00  3.55733E-05
 4.57399E+00  3.65872E-05
 4.79000E+00  3.67924E-05
 5.01621E+00  3.75654E-05
 5.25310E+00  3.86019E-05
 5.50118E+00  3.88964E-05
 5.76097E+00  3.89229E-05
 6.03304E+00  3.97089E-05
 6.31795E+00  4.04674E-05
 6.61632E+00  4.08099E-05
 6.92877E+00  4.21696E-05
 7.25599E+00  4.33246E-05
 7.59865E+00  4.44714E-05
 7.95750E+00  4.54230E-05
 8.33329E+00  4.61820E-05
 8.72683E+00  4.59503E-05
 9.13896E+00  4.62899E-05
 9.57055E+00  4.70640E-05
 1.00225E+01  4.63172E-05
 1.04958E+01  4.71191E-05
 1.09915E+01  4.70264E-05
 1.15106E+01  4.78025E-05
 1.20542E+01  4.83448E-05
 1.26234E+01  4.93503E-05
 1.32196E+01  4.94145E-05
 1.38439E+01  4.90113E-05
 1.44976E+01  4.69495E-05
 1.51823E+01  4.69308E-05
 1.58993E+01  4.43200E-05
 1.66501E+01  4.32254E-05
 1.74364E+01  4.20941E-05
 1.82599E+01  4.03217E-05
 1.91222E+01  3.88361E-05
 2.00253E+01  3.56284E-05
 2.09710E+01  3.59735E-05
 2.19613E+01  3.35074E-05
 2.29984E+01  3.23771E-05
 2.40845E+01  3.13385E-05
 2.52219E+01  3.07263E-05
 2.64131E+01  2.96923E-05
 2.76604E+01  2.66057E-05
 2.89667E+01  2.60659E-05
 3.03346E+01  2.47128E-05
 3.17672E+01  2.23585E-05
 3.32674E+01  2.18813E-05
 3.48385E+01  2.01644E-05
 3.64837E+01  1.82630E-05
 3.82067E+01  1.49425E-05
 4.00110E+01  1.53773E-05
 4.19005E+01  1.63348E-05
 4.38793E+01  1.40231E-05
 4.59515E+01  1.35987E-05
 4.81216E+01  1.21565E-05
 5.03941E+01  1.34091E-05
 5.27740E+01  1.18922E-05
 5.52662E+01  1.03689E-05
 5.78762E+01  1.01691E-05
 6.06094E+01  9.10022E-06
 6.34717E+01  9.50232E-06
 6.64692E+01  7.77697E-06
 6.96082E+01  6.00146E-06
 7.28954E+01  6.75174E-06
 7.63379E+01  6.57493E-06
 7.99430E+01  6.29256E-06
 8.37183E+01  5.80414E-06
 8.76720E+01  5.11092E-06
 9.18123E+01  5.19558E-06
 9.61481E+01  5.79072E-06
 1.00689E+02  6.91870E-06
 1.05444E+02  6.90244E-06
 1.10423E+02  1.20280E-05
 1.15638E+02  1.50596E-05
 1.21099E+02  2.49875E-05
 1.26818E+02  4.82255E-05
 1.32807E+02  8.10553E-05
 1.39079E+02  1.42195E-04
 1.45647E+02  2.46623E-04
 1.52525E+02  4.12593E-04
 1.59728E+02  6.62623E-04
 1.67271E+02  1.04740E-03
 1.75171E+02  1.64360E-03
 1.83443E+02  2.53753E-03
 1.92107E+02  3.77505E-03
 2.01179E+02  5.56702E-03
 2.10679E+02  8.12805E-03
 2.20629E+02  1.14662E-02
 2.31048E+02  1.58347E-02
 2.41959E+02  2.14777E-02
 2.53386E+02  2.85380E-02
 2.65352E+02  3.68321E-02
 2.77883E+02  4.65567E-02
 2.91007E+02  5.76311E-02
 3.04749E+02  6.99267E-02
 3.19141E+02  8.28589E-02
 3.34213E+02  9.67968E-02
 3.49996E+02  1.10278E-01
 3.66525E+02  1.23488E-01
 3.83834E+02  1.35849E-01
 4.01960E+02  1.47086E-01
 4.20943E+02  1.57030E-01
 4.40822E+02  1.65129E-01
 4.61640E+02  1.71213E-01
 4.83441E+02  1.75400E-01
 5.06272E+02  1.78180E-01
 5.30181E+02  1.78365E-01
 5.55218E+02  1.76158E-01
 5.81439E+02  1.72490E-01
 6.08897E+02  1.67770E-01
 6.37653E+02  1.61096E-01
 6.67766E+02  1.53978E-01
 6.99301E+02  1.46011E-01
 7.32326E+02  1.37296E-01
 7.66910E+02  1.27724E-01
 8.03128E+02  1.18499E-01
 8.41055E+02  1.08916E-01
 8.80774E+02  9.97672E-02
 9.22369E+02  9.10896E-02
 9.65928E+02  8.27283E-02
 1.01154E+03  7.42946E-02
 1.05931E+03  6.65032E-02
 1.10934E+03  5.97879E-02
 1.16173E+03  5.34347E-02
 1.21659E+03  4.75920E-02
 1.27405E+03  4.19205E-02
 1.33421E+03  3.67783E-02
 1.39722E+03  3.23054E-02
 1.46321E+03  2.82504E-02
 1.53231E+03  2.44744E-02
 1.60467E+03  2.10804E-02
 1.68045E+03  1.83953E-02
 1.75981E+03  1.55487E-02
 1.84292E+03  1.34162E-02
 1.92995E+03  1.14869E-02
 2.02109E+03  9.98213E-03
 2.11654E+03  8.25200E-03
 2.21649E+03  7.33700E-03
 2.32117E+03  6.12490E-03
 2.43078E+03  4.98480E-03
 2.54558E+03  4.21838E-03
 2.66579E+03  3.67380E-03
 2.79169E+03  3.19367E-03
 2.92352E+03  2.58326E-03
 3.06159E+03  2.08801E-03
 3.20617E+03  1.88814E-03
 3.35759E+03  1.48471E-03
 3.51615E+03  1.34562E-03
 3.68220E+03  1.13437E-03
 3.85609E+03  8.75810E-04
 4.03820E+03  7.84416E-04
 4.22890E+03  6.82103E-04
 4.42861E+03  4.69481E-04
 4.63775E+03  4.58836E-04
 4.85677E+03  3.55032E-04
 5.08613E+03  2.71995E-04
 5.32633E+03  3.22977E-04
 5.57786E+03  2.08817E-04
 5.84128E+03  2.13604E-04
 6.11714E+03  1.14569E-04
 6.40602E+03  1.02819E-04
 6.70854E+03  1.31630E-04
 7.02536E+03  8.77151E-05
 7.35713E+03  7.21865E-05
 7.70457E+03  2.06156E-05
 8.06842E+03  7.19889E-05
