 8.52779E-05  0.00000E+00
 8.93052E-05  0.00000E+00
 9.35227E-05  0.00000E+00
 9.79393E-05  0.00000E+00
 1.02564E-04  0.00000E+00
 1.07408E-04  0.00000E+00
 1.12480E-04  0.00000E+00
 1.17792E-04  0.00000E+00
 1.23355E-04  0.00000E+00
 1.29181E-04  0.00000E+00
 1.35281E-04  0.00000E+00
 1.41670E-04  0.00000E+00
 1.48360E-04  0.00000E+00
 1.55367E-04  0.00000E+00
 1.62704E-04  0.00000E+00
 1.70388E-04  0.00000E+00
 1.78434E-04  0.00000E+00
 1.86861E-04  0.00000E+00
 1.95685E-04  0.00000E+00
 2.04927E-04  0.00000E+00
 2.14604E-04  0.00000E+00
 2.24739E-04  0.00000E+00
 2.35352E-04  0.00000E+00
 2.46467E-04  0.00000E+00
 2.58106E-04  0.00000E+00
 2.70295E-04  0.00000E+00
 2.83060E-04  0.00000E+00
 2.96428E-04  0.00000E+00
 3.10427E-04  0.00000E+00
 3.25087E-04  0.00000E+00
 3.40439E-04  0.00000E+00
 3.56516E-04  0.00000E+00
 3.73353E-04  0.00000E+00
 3.90984E-04  0.00000E+00
 4.09449E-04  0.00000E+00
 4.28785E-04  0.00000E+00
 4.49034E-04  0.00000E+00
 4.70240E-04  0.00000E+00
 4.92447E-04  0.00000E+00
 5.15703E-04  0.00000E+00
 5.40057E-04  0.00000E+00
 5.65562E-04  0.00000E+00
 5.92270E-04  0.00000E+00
 6.20240E-04  0.00000E+00
 6.49531E-04  0.00000E+00
 6.80206E-04  0.00000E+00
 7.12329E-04  0.00000E+00
 7.45968E-04  0.00000E+00
 7.81197E-04  0.00000E+00
 8.18089E-04  0.00000E+00
 8.56723E-04  0.00000E+00
 8.97182E-04  0.00000E+00
 9.39552E-04  0.00000E+00
 9.83923E-04  0.00000E+00
 1.03039E-03  0.00000E+00
 1.07905E-03  0.00000E+00
 1.13001E-03  0.00000E+00
 1.18337E-03  0.00000E+00
 1.23926E-03  0.00000E+00
 1.29778E-03  0.00000E+00
 1.35907E-03  0.00000E+00
 1.42325E-03  0.00000E+00
 1.49046E-03  0.00000E+00
 1.56085E-03  0.00000E+00
 1.63456E-03  0.00000E+00
 1.71176E-03  0.00000E+00
 1.79259E-03  0.00000E+00
 1.87725E-03  0.00000E+00
 1.96590E-03  0.00000E+00
 2.05874E-03  0.00000E+00
 2.15597E-03  0.00000E+00
 2.25778E-03  0.00000E+00
 2.36441E-03  0.00000E+00
 2.47607E-03  0.00000E+00
 2.59300E-03  0.00000E+00
 2.71546E-03  0.00000E+00
 2.84369E-03  0.00000E+00
 2.97799E-03  0.00000E+00
 3.11862E-03  0.00000E+00
 3.26590E-03  0.00000E+00
 3.42013E-03  0.00000E+00
 3.58165E-03  0.00000E+00
 3.75079E-03  0.00000E+00
 3.92793E-03  0.00000E+00
 4.11342E-03  0.00000E+00
 4.30768E-03  0.00000E+00
 4.51111E-03  0.00000E+00
 4.72415E-03  0.00000E+00
 4.94725E-03  0.00000E+00
 5.18088E-03  0.00000E+00
 5.42555E-03  0.00000E+00
 5.68177E-03  0.00000E+00
 5.95010E-03  0.00000E+00
 6.23109E-03  0.00000E+00
 6.52536E-03  0.00000E+00
 6.83352E-03  0.00000E+00
 7.15623E-03  0.00000E+00
 7.49419E-03  0.00000E+00
 7.84810E-03  0.00000E+00
 8.21873E-03  0.00000E+00
 8.60686E-03  0.00000E+00
 9.01332E-03  0.00000E+00
 9.43898E-03  0.00000E+00
 9.88473E-03  0.00000E+00
 1.03515E-02  0.00000E+00
 1.08404E-02  0.00000E+00
 1.13523E-02  0.00000E+00
 1.18885E-02  0.00000E+00
 1.24499E-02  0.00000E+00
 1.30378E-02  0.00000E+00
 1.36535E-02  0.00000E+00
 1.42983E-02  0.00000E+00
 1.49736E-02  0.00000E+00
 1.56807E-02  0.00000E+00
 1.64212E-02  0.00000E+00
 1.71967E-02  0.00000E+00
 1.80088E-02  0.00000E+00
 1.88593E-02  0.00000E+00
 1.97500E-02  0.00000E+00
 2.06827E-02  0.00000E+00
 2.16594E-02  0.00000E+00
 2.26823E-02  0.00000E+00
 2.37534E-02  0.00000E+00
 2.48752E-02  0.00000E+00
 2.60499E-02  0.00000E+00
 2.72801E-02  0.00000E+00
 2.85685E-02  0.00000E+00
 2.99176E-02  0.00000E+00
 3.13305E-02  0.00000E+00
 3.28101E-02  0.00000E+00
 3.43595E-02  0.00000E+00
 3.59822E-02  0.00000E+00
 3.76814E-02  0.00000E+00
 3.94609E-02  0.00000E+00
 4.13245E-02  0.00000E+00
 4.32760E-02  0.00000E+00
 4.53198E-02  0.00000E+00
 4.74600E-02  0.00000E+00
 4.97013E-02  0.00000E+00
 5.20485E-02  0.00000E+00
 5.45064E-02  0.00000E+00
 5.70805E-02  0.00000E+00
 5.97762E-02  0.00000E+00
 6.25991E-02  0.00000E+00
 6.55554E-02  0.00000E+00
 6.86512E-02  0.00000E+00
 7.18933E-02  0.00000E+00
 7.52885E-02  0.00000E+00
 7.88440E-02  0.00000E+00
 8.25674E-02  0.00000E+00
 8.64667E-02  0.00000E+00
 9.05501E-02  0.00000E+00
 9.48263E-02  0.00000E+00
 9.93045E-02  0.00000E+00
 1.03994E-01  0.00000E+00
 1.08905E-01  0.00000E+00
 1.14048E-01  0.00000E+00
 1.19434E-01  0.00000E+00
 1.25075E-01  0.00000E+00
 1.30981E-01  0.00000E+00
 1.37167E-01  0.00000E+00
 1.43645E-01  0.00000E+00
 1.50428E-01  0.00000E+00
 1.57532E-01  0.00000E+00
 1.64972E-01  0.00000E+00
 1.72763E-01  0.00000E+00
 1.80921E-01  0.00000E+00
 1.89465E-01  9.31865E-17
 1.98413E-01  5.51323E-16
 2.07783E-01  1.40270E-15
 2.17596E-01  5.32774E-16
 2.27872E-01  2.67636E-16
 2.38633E-01  6.91432E-17
 2.49902E-01  3.10590E-17
 2.61704E-01  1.44504E-17
 2.74063E-01  4.08845E-18
 2.87006E-01  9.54309E-19
 3.00560E-01  3.68668E-19
 3.14754E-01  1.26923E-19
 3.29618E-01  4.36653E-20
 3.45184E-01  1.67162E-20
 3.61486E-01  5.80395E-21
 3.78557E-01  2.18605E-21
 3.96434E-01  9.98509E-22
 4.15156E-01  5.41049E-22
 4.34762E-01  5.33583E-22
 4.55294E-01  2.83746E-22
 4.76795E-01  2.90456E-22
 4.99312E-01  3.14403E-22
 5.22892E-01  7.69280E-22
 5.47585E-01  1.66782E-21
 5.73445E-01  8.33987E-21
 6.00526E-01  9.30134E-20
 6.28886E-01  2.17139E-18
 6.58586E-01  1.33544E-16
 6.89687E-01  2.74929E-14
 7.22258E-01  2.72118E-11
 7.56367E-01  1.90639E-06
 7.92086E-01  2.12758E-05
 8.29493E-01  2.79263E-05
 8.68666E-01  2.94344E-05
 9.09689E-01  3.47577E-05
 9.52649E-01  3.66356E-05
 9.82753E-01  3.29645E-05
 9.82868E-01  3.29191E-05
 9.82982E-01  3.29047E-05
 9.83097E-01  3.28903E-05
 9.83212E-01  3.28759E-05
 9.83327E-01  3.28615E-05
 9.83442E-01  3.28470E-05
 9.83557E-01  3.28326E-05
 9.83671E-01  3.28182E-05
 9.83786E-01  3.28037E-05
 9.83901E-01  3.27893E-05
 9.84016E-01  3.27749E-05
 9.84131E-01  3.27604E-05
 9.84246E-01  3.27459E-05
 9.84362E-01  3.27315E-05
 9.84477E-01  3.27170E-05
 9.84592E-01  3.27025E-05
 9.84707E-01  3.26881E-05
 9.84822E-01  3.26736E-05
 9.84937E-01  3.34143E-05
 9.85053E-01  3.26446E-05
 9.85168E-01  3.26301E-05
 9.85283E-01  3.26156E-05
 9.85398E-01  3.26011E-05
 9.85514E-01  3.25865E-05
 9.85629E-01  3.25720E-05
 9.85745E-01  3.25575E-05
 9.85860E-01  3.25429E-05
 9.85975E-01  3.25284E-05
 9.86091E-01  3.25139E-05
 9.86206E-01  3.24993E-05
 9.86322E-01  3.24847E-05
 9.86438E-01  3.24702E-05
 9.86553E-01  3.54641E-05
 9.86669E-01  3.24410E-05
 9.86784E-01  3.24265E-05
 9.86900E-01  3.24119E-05
 9.87016E-01  3.23973E-05
 9.87132E-01  3.23827E-05
 9.87247E-01  3.23681E-05
 9.87363E-01  3.23535E-05
 9.87479E-01  3.23389E-05
 9.87595E-01  3.23242E-05
 9.87711E-01  3.23096E-05
 9.87826E-01  3.22950E-05
 9.87942E-01  3.22803E-05
 9.88058E-01  3.22657E-05
 9.88174E-01  3.22511E-05
 9.88290E-01  3.22364E-05
 9.88406E-01  3.22217E-05
 9.88522E-01  3.22071E-05
 9.88639E-01  3.21924E-05
 9.88755E-01  3.21777E-05
 9.88871E-01  3.21631E-05
 9.88987E-01  3.21484E-05
 9.89103E-01  3.21578E-05
 9.89219E-01  3.21190E-05
 9.89336E-01  3.21043E-05
 9.89452E-01  3.20896E-05
 9.89568E-01  3.20748E-05
 9.89684E-01  3.20601E-05
 9.89801E-01  3.20454E-05
 9.89917E-01  3.20335E-05
 9.90034E-01  3.20159E-05
 9.90150E-01  3.20012E-05
 9.90267E-01  3.19864E-05
 9.90383E-01  3.19717E-05
 9.90500E-01  3.19938E-05
 9.90616E-01  3.19422E-05
 9.90733E-01  3.19274E-05
 9.90849E-01  3.19126E-05
 9.90966E-01  3.18978E-05
 9.91083E-01  3.18830E-05
 9.91199E-01  3.18682E-05
 9.91316E-01  3.18534E-05
 9.91433E-01  3.18386E-05
 9.91549E-01  3.18238E-05
 9.91666E-01  3.18090E-05
 9.91783E-01  3.17942E-05
 9.91900E-01  3.17794E-05
 9.92017E-01  3.17645E-05
 9.92134E-01  3.17497E-05
 9.92251E-01  3.17348E-05
 9.92368E-01  3.17200E-05
 9.92485E-01  3.17085E-05
 9.92602E-01  3.17068E-05
 9.92719E-01  3.16754E-05
 9.92836E-01  3.16605E-05
 9.92953E-01  3.16456E-05
 9.93070E-01  3.16308E-05
 9.93187E-01  3.16159E-05
 9.93304E-01  3.16010E-05
 9.93421E-01  3.15861E-05
 9.93539E-01  3.15712E-05
 9.93656E-01  3.15563E-05
 9.93773E-01  3.15413E-05
 9.93891E-01  3.15264E-05
 9.94008E-01  3.17109E-05
 9.94125E-01  3.14965E-05
 9.94243E-01  3.14816E-05
 9.94360E-01  3.14667E-05
 9.94478E-01  3.14517E-05
 9.94595E-01  3.14367E-05
 9.94713E-01  3.14218E-05
 9.94830E-01  3.14068E-05
 9.94948E-01  3.13918E-05
 9.95065E-01  3.13768E-05
 9.95183E-01  3.13619E-05
 9.95301E-01  3.13469E-05
 9.95418E-01  3.57321E-05
 9.95536E-01  3.13277E-05
 9.95654E-01  3.13019E-05
 9.95771E-01  3.12868E-05
 9.95889E-01  3.12718E-05
 9.96007E-01  3.12568E-05
 9.96125E-01  3.12417E-05
 9.96243E-01  3.12267E-05
 9.96361E-01  3.12117E-05
 9.96479E-01  3.11966E-05
 9.96597E-01  3.11815E-05
 9.96715E-01  3.11665E-05
 9.96833E-01  3.11514E-05
 9.96951E-01  3.11364E-05
 9.97069E-01  3.11213E-05
 9.97187E-01  3.11062E-05
 9.97305E-01  3.10911E-05
 9.97423E-01  3.10760E-05
 9.97541E-01  3.10609E-05
 9.97638E-01  3.10485E-05
 9.97659E-01  3.10514E-05
 9.97778E-01  3.46510E-05
 9.97896E-01  3.10831E-05
 9.98014E-01  3.10989E-05
 9.98133E-01  3.11148E-05
 9.98251E-01  3.11306E-05
 9.98369E-01  3.11465E-05
 9.98488E-01  3.11623E-05
 9.98606E-01  3.11782E-05
 9.98725E-01  3.11941E-05
 9.98843E-01  3.12099E-05
 9.98962E-01  3.16211E-05
 9.99080E-01  3.12417E-05
 9.99199E-01  3.12576E-05
 9.99317E-01  3.73149E-05
 9.99436E-01  3.12894E-05
 9.99555E-01  3.13053E-05
 9.99673E-01  3.13707E-05
 9.99792E-01  3.13371E-05
 9.99911E-01  3.15241E-05
 1.00003E+00  3.13690E-05
 1.00015E+00  3.13851E-05
 1.00027E+00  3.14008E-05
 1.00039E+00  3.73665E-05
 1.00050E+00  3.14411E-05
 1.00062E+00  3.14640E-05
 1.00074E+00  3.14646E-05
 1.00086E+00  3.14806E-05
 1.00098E+00  3.14966E-05
 1.00110E+00  3.15125E-05
 1.00122E+00  3.15285E-05
 1.00134E+00  3.15445E-05
 1.00146E+00  3.68091E-05
 1.00158E+00  3.68743E-05
 1.00170E+00  3.15925E-05
 1.00181E+00  3.27436E-05
 1.00193E+00  3.16253E-05
 1.00205E+00  3.16405E-05
 1.00217E+00  3.16616E-05
 1.00229E+00  3.27201E-05
 1.00241E+00  3.18900E-05
 1.00253E+00  3.17063E-05
 1.00265E+00  3.17207E-05
 1.00277E+00  3.23441E-05
 1.00289E+00  3.19197E-05
 1.00301E+00  3.18547E-05
 1.00313E+00  3.18296E-05
 1.00325E+00  3.18164E-05
 1.00337E+00  3.18170E-05
 1.00349E+00  3.28917E-05
 1.00361E+00  3.18493E-05
 1.00373E+00  3.20621E-05
 1.00385E+00  3.29162E-05
 1.00397E+00  3.19903E-05
 1.00408E+00  3.24857E-05
 1.00420E+00  3.19615E-05
 1.00432E+00  3.19934E-05
 1.00444E+00  3.27336E-05
 1.00456E+00  3.23457E-05
 1.00468E+00  3.32019E-05
 1.00480E+00  3.21721E-05
 1.00492E+00  3.26962E-05
 1.00504E+00  3.22905E-05
 1.00516E+00  4.08269E-05
 1.00528E+00  3.27276E-05
 1.00540E+00  3.86415E-05
 1.00552E+00  3.83902E-05
 1.00564E+00  3.59981E-05
 1.00576E+00  3.34572E-05
 1.00588E+00  3.28253E-05
 1.00600E+00  3.48567E-05
 1.00612E+00  3.41447E-05
 1.00624E+00  3.43290E-05
 1.00637E+00  3.69107E-05
 1.00649E+00  4.48971E-05
 1.00661E+00  4.24943E-05
 1.00673E+00  4.37695E-05
 1.00685E+00  4.63122E-05
 1.00697E+00  4.35316E-05
 1.00709E+00  3.96635E-05
 1.00721E+00  4.68285E-05
 1.00733E+00  5.58339E-05
 1.00745E+00  5.64262E-05
 1.00757E+00  4.19813E-05
 1.00769E+00  5.59208E-05
 1.00781E+00  6.17725E-05
 1.00793E+00  6.66875E-05
 1.00805E+00  6.81761E-05
 1.00817E+00  6.17341E-05
 1.00829E+00  7.99834E-05
 1.00841E+00  9.62165E-05
 1.00854E+00  9.79519E-05
 1.00866E+00  1.09988E-04
 1.00878E+00  1.55993E-04
 1.00890E+00  1.38493E-04
 1.00902E+00  1.36420E-04
 1.00914E+00  1.41724E-04
 1.00926E+00  1.80917E-04
 1.00938E+00  2.23200E-04
 1.00950E+00  2.32931E-04
 1.00962E+00  2.40333E-04
 1.00974E+00  3.14867E-04
 1.00987E+00  3.54838E-04
 1.00999E+00  4.21654E-04
 1.01011E+00  5.77931E-04
 1.01023E+00  5.74670E-04
 1.01035E+00  6.23454E-04
 1.01047E+00  8.59398E-04
 1.01059E+00  8.22131E-04
 1.01071E+00  9.96410E-04
 1.01084E+00  1.10917E-03
 1.01096E+00  1.33488E-03
 1.01108E+00  1.38278E-03
 1.01120E+00  1.41082E-03
 1.01132E+00  1.72525E-03
 1.01144E+00  1.70577E-03
 1.01156E+00  1.85928E-03
 1.01169E+00  1.96785E-03
 1.01181E+00  2.00221E-03
 1.01193E+00  2.27976E-03
 1.01205E+00  2.01315E-03
 1.01217E+00  2.03523E-03
 1.01229E+00  1.90150E-03
 1.01242E+00  1.83779E-03
 1.01254E+00  1.61257E-03
 1.01266E+00  1.58320E-03
 1.01278E+00  1.51097E-03
 1.01290E+00  1.68220E-03
 1.01303E+00  1.53921E-03
 1.01315E+00  1.26775E-03
 1.01327E+00  1.15054E-03
 1.01339E+00  1.16976E-03
 1.01351E+00  1.12318E-03
 1.01364E+00  1.32882E-03
 1.01376E+00  1.28242E-03
 1.01388E+00  1.39134E-03
 1.01400E+00  1.14213E-03
 1.01412E+00  1.15545E-03
 1.01425E+00  1.05694E-03
 1.01437E+00  9.42085E-04
 1.01449E+00  1.00339E-03
 1.01461E+00  8.63651E-04
 1.01473E+00  8.62900E-04
 1.01486E+00  7.37756E-04
 1.01498E+00  7.26262E-04
 1.01510E+00  7.04540E-04
 1.01522E+00  6.90459E-04
 1.01535E+00  6.17205E-04
 1.01547E+00  5.65358E-04
 1.01559E+00  4.75950E-04
 1.01571E+00  4.54891E-04
 1.01584E+00  4.12173E-04
 1.01596E+00  4.54432E-04
 1.01608E+00  3.73448E-04
 1.01620E+00  4.76347E-04
 1.01633E+00  4.39939E-04
 1.01645E+00  5.13932E-04
 1.01657E+00  5.03837E-04
 1.01670E+00  4.26321E-04
 1.01682E+00  3.82655E-04
 1.01694E+00  3.64400E-04
 1.01706E+00  3.96200E-04
 1.01719E+00  3.99371E-04
 1.01731E+00  3.82157E-04
 1.01743E+00  4.18944E-04
 1.01756E+00  4.50119E-04
 1.01768E+00  4.52995E-04
 1.01780E+00  3.72767E-04
 1.01792E+00  3.54769E-04
 1.01805E+00  3.72781E-04
 1.01817E+00  3.50188E-04
 1.01829E+00  3.75997E-04
 1.01842E+00  3.51398E-04
 1.01854E+00  5.06094E-04
 1.01866E+00  3.69020E-04
 1.01879E+00  4.27644E-04
 1.01891E+00  3.07733E-04
 1.01903E+00  4.24828E-04
 1.01916E+00  4.11254E-04
 1.01928E+00  3.45554E-04
 1.01940E+00  4.31460E-04
 1.01953E+00  3.77399E-04
 1.01965E+00  3.99189E-04
 1.01977E+00  3.81153E-04
 1.01990E+00  3.02475E-04
 1.02002E+00  3.99042E-04
 1.02014E+00  4.49371E-04
 1.02027E+00  3.72981E-04
 1.02039E+00  3.71578E-04
 1.02052E+00  3.53701E-04
 1.02064E+00  4.56776E-04
 1.02076E+00  3.81309E-04
 1.02089E+00  3.24023E-04
 1.02101E+00  2.89813E-04
 1.02113E+00  3.56419E-04
 1.02126E+00  3.00821E-04
 1.02138E+00  3.78152E-04
 1.02151E+00  4.29773E-04
 1.02163E+00  3.70966E-04
 1.02175E+00  3.45078E-04
 1.02188E+00  4.00098E-04
 1.02200E+00  3.34180E-04
 1.02213E+00  3.83962E-04
 1.02225E+00  3.17486E-04
 1.02237E+00  2.89924E-04
 1.02250E+00  3.74022E-04
 1.02262E+00  3.34773E-04
 1.02275E+00  3.08383E-04
 1.02287E+00  3.18190E-04
 1.02300E+00  3.38225E-04
 1.02312E+00  3.23197E-04
 1.02324E+00  3.55390E-04
 1.02337E+00  3.29262E-04
 1.02349E+00  3.09799E-04
 1.02362E+00  3.36288E-04
 1.02374E+00  3.82769E-04
 1.02387E+00  2.65141E-04
 1.02399E+00  2.97199E-04
 1.02412E+00  2.67616E-04
 1.02424E+00  3.10485E-04
 1.02437E+00  2.96971E-04
 1.02449E+00  3.00569E-04
 1.02461E+00  3.06791E-04
 1.02474E+00  2.09703E-04
 1.02486E+00  2.46798E-04
 1.02499E+00  2.52095E-04
 1.02511E+00  2.76972E-04
 1.02524E+00  2.64799E-04
 1.02536E+00  3.05345E-04
 1.02549E+00  2.64531E-04
 1.02561E+00  2.23836E-04
 1.02574E+00  2.32069E-04
 1.02586E+00  2.37488E-04
 1.02599E+00  2.97991E-04
 1.02611E+00  2.63955E-04
 1.02624E+00  2.41629E-04
 1.02636E+00  2.84865E-04
 1.02649E+00  2.38135E-04
 1.02661E+00  2.00722E-04
 1.02674E+00  2.57307E-04
 1.02686E+00  2.44985E-04
 1.02699E+00  1.89036E-04
 1.02711E+00  2.22090E-04
 1.02724E+00  2.58254E-04
 1.02737E+00  1.94562E-04
 1.02749E+00  2.18687E-04
 1.02762E+00  2.66128E-04
 1.02774E+00  1.86767E-04
 1.02787E+00  2.48403E-04
 1.02799E+00  1.84139E-04
 1.02812E+00  2.09570E-04
 1.02824E+00  1.61750E-04
 1.02837E+00  1.78996E-04
 1.02849E+00  1.77292E-04
 1.02862E+00  1.79062E-04
 1.02875E+00  1.53236E-04
 1.02887E+00  1.77562E-04
 1.02900E+00  1.53705E-04
 1.02912E+00  1.53193E-04
 1.02925E+00  1.60618E-04
 1.02938E+00  1.43187E-04
 1.02950E+00  1.55665E-04
 1.02963E+00  1.57392E-04
 1.02975E+00  1.19254E-04
 1.02988E+00  1.60627E-04
 1.03000E+00  1.97154E-04
 1.03013E+00  1.55816E-04
 1.03026E+00  1.72778E-04
 1.03038E+00  1.24294E-04
 1.03051E+00  1.43596E-04
 1.03064E+00  1.23691E-04
 1.03076E+00  1.23715E-04
 1.03089E+00  1.65956E-04
 1.03101E+00  1.64004E-04
 1.03114E+00  1.29265E-04
 1.03127E+00  1.03606E-04
 1.03139E+00  1.18349E-04
 1.03152E+00  1.18403E-04
 1.03165E+00  1.08375E-04
 1.03177E+00  8.47666E-05
 1.03190E+00  7.49485E-05
 1.03202E+00  1.04365E-04
 1.03215E+00  1.10852E-04
 1.03228E+00  7.33519E-05
 1.03240E+00  9.05873E-05
 1.03253E+00  9.94562E-05
 1.03266E+00  9.78598E-05
 1.03278E+00  1.12131E-04
 1.03291E+00  8.60447E-05
 1.03304E+00  7.45583E-05
 1.03316E+00  9.56673E-05
 1.03329E+00  8.29114E-05
 1.03342E+00  8.87023E-05
 1.03355E+00  6.87731E-05
 1.03367E+00  9.47957E-05
 1.03380E+00  6.00253E-05
 1.03393E+00  9.49772E-05
 1.03405E+00  8.37459E-05
 1.03418E+00  8.72375E-05
 1.03431E+00  5.73261E-05
 1.03443E+00  7.89494E-05
 1.03456E+00  5.46987E-05
 1.03469E+00  6.97961E-05
 1.03482E+00  7.15753E-05
 1.03494E+00  7.71319E-05
 1.03507E+00  6.69185E-05
 1.03520E+00  6.08396E-05
 1.03532E+00  6.99517E-05
 1.03545E+00  7.86123E-05
 1.03558E+00  6.63226E-05
 1.03571E+00  5.45464E-05
 1.03583E+00  5.19815E-05
 1.03596E+00  5.44050E-05
 1.03609E+00  6.01887E-05
 1.03622E+00  5.29093E-05
 1.03634E+00  4.60011E-05
 1.03647E+00  4.66605E-05
 1.03660E+00  4.36462E-05
 1.03673E+00  5.25359E-05
 1.03685E+00  4.78559E-05
 1.03698E+00  4.03117E-05
 1.03711E+00  5.19364E-05
 1.03724E+00  4.25269E-05
 1.03737E+00  5.25643E-05
 1.03749E+00  4.40555E-05
 1.03762E+00  5.23056E-05
 1.03775E+00  4.85987E-05
 1.03788E+00  4.02725E-05
 1.03801E+00  4.56620E-05
 1.03813E+00  4.28472E-05
 1.03826E+00  4.09415E-05
 1.03839E+00  3.99637E-05
 1.03852E+00  4.10315E-05
 1.03865E+00  3.80529E-05
 1.03877E+00  3.80227E-05
 1.03890E+00  3.90989E-05
 1.03903E+00  4.98666E-05
 1.03916E+00  4.06865E-05
 1.03929E+00  3.77764E-05
 1.03942E+00  4.76607E-05
 1.03954E+00  4.55046E-05
 1.03967E+00  3.76189E-05
 1.03980E+00  4.15973E-05
 1.03993E+00  3.72546E-05
 1.04006E+00  4.59713E-05
 1.04019E+00  4.22819E-05
 1.04031E+00  4.34750E-05
 1.04044E+00  3.88059E-05
 1.04057E+00  4.40261E-05
 1.04070E+00  3.78693E-05
 1.04083E+00  3.77096E-05
 1.04096E+00  3.85807E-05
 1.04109E+00  3.73787E-05
 1.04121E+00  3.88636E-05
 1.04134E+00  3.75413E-05
 1.04147E+00  3.71000E-05
 1.04160E+00  3.79849E-05
 1.04173E+00  3.76787E-05
 1.04186E+00  3.73620E-05
 1.04199E+00  3.75475E-05
 1.04212E+00  3.78069E-05
 1.04225E+00  4.24524E-05
 1.04238E+00  3.75821E-05
 1.04250E+00  3.86532E-05
 1.04263E+00  3.72729E-05
 1.04276E+00  3.72778E-05
 1.04289E+00  3.74931E-05
 1.04302E+00  3.74898E-05
 1.04315E+00  3.72640E-05
 1.04328E+00  3.73234E-05
 1.04341E+00  3.73415E-05
 1.04354E+00  4.02167E-05
 1.04475E+00  3.74674E-05
 1.09409E+00  4.04089E-05
 1.14576E+00  4.17724E-05
 1.19987E+00  4.33211E-05
 1.25653E+00  4.41677E-05
 1.31587E+00  4.49535E-05
 1.37801E+00  4.48870E-05
 1.44309E+00  4.31048E-05
 1.51124E+00  4.09458E-05
 1.58261E+00  3.75533E-05
 1.65735E+00  3.53855E-05
 1.73562E+00  3.23539E-05
 1.81758E+00  3.16373E-05
 1.90342E+00  3.02694E-05
 1.99331E+00  2.93467E-05
 2.08744E+00  2.96138E-05
 2.18602E+00  3.03529E-05
 2.28926E+00  3.11801E-05
 2.39737E+00  3.17805E-05
 2.51058E+00  3.17637E-05
 2.62915E+00  3.16581E-05
 2.75331E+00  3.25170E-05
 2.88333E+00  3.21500E-05
 3.01950E+00  3.41923E-05
 3.16210E+00  4.81086E-05
 3.31143E+00  5.91463E-05
 3.46781E+00  6.11001E-05
 3.63158E+00  6.08826E-05
 3.80308E+00  6.33902E-05
 3.98268E+00  6.35313E-05
 4.17076E+00  6.40797E-05
 4.36773E+00  6.40487E-05
 4.57399E+00  6.59635E-05
 4.79000E+00  6.45349E-05
 5.01621E+00  6.48297E-05
 5.25310E+00  6.48256E-05
 5.50118E+00  6.34131E-05
 5.76097E+00  6.52720E-05
 6.03304E+00  6.57960E-05
 6.31795E+00  6.57544E-05
 6.61632E+00  6.55448E-05
 6.92877E+00  6.46050E-05
 7.25599E+00  6.69740E-05
 7.59865E+00  6.94649E-05
 7.95750E+00  6.89197E-05
 8.33329E+00  7.08443E-05
 8.72683E+00  7.35725E-05
 9.13896E+00  7.16470E-05
 9.57055E+00  7.10742E-05
 1.00225E+01  7.12169E-05
 1.04958E+01  7.01174E-05
 1.09915E+01  7.08790E-05
 1.15106E+01  7.34766E-05
 1.20542E+01  7.02912E-05
 1.26234E+01  7.20839E-05
 1.32196E+01  7.15232E-05
 1.38439E+01  6.91054E-05
 1.44976E+01  7.10717E-05
 1.51823E+01  6.83294E-05
 1.58993E+01  6.55650E-05
 1.66501E+01  6.43817E-05
 1.74364E+01  6.35631E-05
 1.82599E+01  5.85783E-05
 1.91222E+01  5.41635E-05
 2.00253E+01  5.20193E-05
 2.09710E+01  5.05907E-05
 2.19613E+01  4.79645E-05
 2.29984E+01  4.78747E-05
 2.40845E+01  4.48751E-05
 2.52219E+01  4.24250E-05
 2.64131E+01  4.31930E-05
 2.76604E+01  4.20274E-05
 2.89667E+01  3.91309E-05
 3.03346E+01  3.53971E-05
 3.17672E+01  3.26779E-05
 3.32674E+01  3.15874E-05
 3.48385E+01  2.92839E-05
 3.64837E+01  2.74161E-05
 3.82067E+01  2.36090E-05
 4.00110E+01  2.34350E-05
 4.19005E+01  2.24519E-05
 4.38793E+01  1.99795E-05
 4.59515E+01  2.21059E-05
 4.81216E+01  1.95571E-05
 5.03941E+01  2.03522E-05
 5.27740E+01  1.62701E-05
 5.52662E+01  1.64447E-05
 5.78762E+01  1.60967E-05
 6.06094E+01  1.66904E-05
 6.34717E+01  1.41396E-05
 6.64692E+01  1.24675E-05
 6.96082E+01  1.14124E-05
 7.28954E+01  1.20610E-05
 7.63379E+01  9.81710E-06
 7.99430E+01  1.16534E-05
 8.37183E+01  1.05084E-05
 8.76720E+01  1.27378E-05
 9.18123E+01  1.72776E-05
 9.61481E+01  2.66836E-05
 1.00689E+02  5.15276E-05
 1.05444E+02  8.01180E-05
 1.10423E+02  1.32767E-04
 1.15638E+02  2.22220E-04
 1.21099E+02  3.74896E-04
 1.26818E+02  6.19644E-04
 1.32807E+02  1.00814E-03
 1.39079E+02  1.56708E-03
 1.45647E+02  2.41019E-03
 1.52525E+02  3.62222E-03
 1.59728E+02  5.39080E-03
 1.67271E+02  7.69120E-03
 1.75171E+02  1.08723E-02
 1.83443E+02  1.53230E-02
 1.92107E+02  2.07444E-02
 2.01179E+02  2.80078E-02
 2.10679E+02  3.72358E-02
 2.20629E+02  4.87496E-02
 2.31048E+02  6.26401E-02
 2.41959E+02  7.92711E-02
 2.53386E+02  9.87929E-02
 2.65352E+02  1.21774E-01
 2.77883E+02  1.47458E-01
 2.91007E+02  1.75391E-01
 3.04749E+02  2.06322E-01
 3.19141E+02  2.38186E-01
 3.34213E+02  2.70168E-01
 3.49996E+02  3.03201E-01
 3.66525E+02  3.34592E-01
 3.83834E+02  3.64774E-01
 4.01960E+02  3.92931E-01
 4.20943E+02  4.16541E-01
 4.40822E+02  4.36385E-01
 4.61640E+02  4.52566E-01
 4.83441E+02  4.63801E-01
 5.06272E+02  4.69768E-01
 5.30181E+02  4.71700E-01
 5.55218E+02  4.68899E-01
 5.81439E+02  4.61402E-01
 6.08897E+02  4.51757E-01
 6.37653E+02  4.36844E-01
 6.67766E+02  4.19047E-01
 6.99301E+02  3.99288E-01
 7.32326E+02  3.78132E-01
 7.66910E+02  3.54883E-01
 8.03128E+02  3.32137E-01
 8.41055E+02  3.06645E-01
 8.80774E+02  2.81250E-01
 9.22369E+02  2.59121E-01
 9.65928E+02  2.36113E-01
 1.01154E+03  2.14950E-01
 1.05931E+03  1.93884E-01
 1.10934E+03  1.73900E-01
 1.16173E+03  1.56443E-01
 1.21659E+03  1.40413E-01
 1.27405E+03  1.23119E-01
 1.33421E+03  1.08375E-01
 1.39722E+03  9.62184E-02
 1.46321E+03  8.32230E-02
 1.53231E+03  7.35727E-02
 1.60467E+03  6.26631E-02
 1.68045E+03  5.51020E-02
 1.75981E+03  4.73346E-02
 1.84292E+03  4.08347E-02
 1.92995E+03  3.51687E-02
 2.02109E+03  3.00235E-02
 2.11654E+03  2.63042E-02
 2.21649E+03  2.18461E-02
 2.32117E+03  1.88040E-02
 2.43078E+03  1.57985E-02
 2.54558E+03  1.26917E-02
 2.66579E+03  1.12392E-02
 2.79169E+03  9.52602E-03
 2.92352E+03  7.83744E-03
 3.06159E+03  6.84255E-03
 3.20617E+03  5.72181E-03
 3.35759E+03  4.65708E-03
 3.51615E+03  4.18902E-03
 3.68220E+03  3.39536E-03
 3.85609E+03  3.07292E-03
 4.03820E+03  2.42539E-03
 4.22890E+03  1.84648E-03
 4.42861E+03  1.85558E-03
 4.63775E+03  1.35946E-03
 4.85677E+03  1.34439E-03
 5.08613E+03  1.08687E-03
 5.32633E+03  8.75638E-04
 5.57786E+03  5.49863E-04
 5.84128E+03  6.74972E-04
 6.11714E+03  5.75857E-04
 6.40602E+03  2.10486E-04
 6.70854E+03  3.63886E-04
 7.02536E+03  3.48331E-04
 7.35713E+03  2.77636E-04
 7.70457E+03  1.45317E-04
 8.06842E+03  1.52202E-04
