 8.52779E-05  0.00000E+00
 8.93052E-05  0.00000E+00
 9.35227E-05  0.00000E+00
 9.79393E-05  0.00000E+00
 1.02564E-04  0.00000E+00
 1.07408E-04  0.00000E+00
 1.12480E-04  0.00000E+00
 1.17792E-04  0.00000E+00
 1.23355E-04  0.00000E+00
 1.29181E-04  0.00000E+00
 1.35281E-04  0.00000E+00
 1.41670E-04  0.00000E+00
 1.48360E-04  0.00000E+00
 1.55367E-04  0.00000E+00
 1.62704E-04  0.00000E+00
 1.70388E-04  0.00000E+00
 1.78434E-04  0.00000E+00
 1.86861E-04  0.00000E+00
 1.95685E-04  0.00000E+00
 2.04927E-04  0.00000E+00
 2.14604E-04  0.00000E+00
 2.24739E-04  0.00000E+00
 2.35352E-04  0.00000E+00
 2.46467E-04  0.00000E+00
 2.58106E-04  0.00000E+00
 2.70295E-04  0.00000E+00
 2.83060E-04  0.00000E+00
 2.96428E-04  0.00000E+00
 3.10427E-04  0.00000E+00
 3.25087E-04  0.00000E+00
 3.40439E-04  0.00000E+00
 3.56516E-04  0.00000E+00
 3.73353E-04  0.00000E+00
 3.90984E-04  0.00000E+00
 4.09449E-04  0.00000E+00
 4.28785E-04  0.00000E+00
 4.49034E-04  0.00000E+00
 4.70240E-04  0.00000E+00
 4.92447E-04  0.00000E+00
 5.15703E-04  0.00000E+00
 5.40057E-04  0.00000E+00
 5.65562E-04  0.00000E+00
 5.92270E-04  0.00000E+00
 6.20240E-04  0.00000E+00
 6.49531E-04  0.00000E+00
 6.80206E-04  0.00000E+00
 7.12329E-04  0.00000E+00
 7.45968E-04  0.00000E+00
 7.81197E-04  0.00000E+00
 8.18089E-04  0.00000E+00
 8.56723E-04  0.00000E+00
 8.97182E-04  0.00000E+00
 9.39552E-04  0.00000E+00
 9.83923E-04  0.00000E+00
 1.03039E-03  0.00000E+00
 1.07905E-03  0.00000E+00
 1.13001E-03  0.00000E+00
 1.18337E-03  0.00000E+00
 1.23926E-03  0.00000E+00
 1.29778E-03  0.00000E+00
 1.35907E-03  0.00000E+00
 1.42325E-03  0.00000E+00
 1.49046E-03  0.00000E+00
 1.56085E-03  0.00000E+00
 1.63456E-03  0.00000E+00
 1.71176E-03  0.00000E+00
 1.79259E-03  0.00000E+00
 1.87725E-03  0.00000E+00
 1.96590E-03  0.00000E+00
 2.05874E-03  0.00000E+00
 2.15597E-03  0.00000E+00
 2.25778E-03  0.00000E+00
 2.36441E-03  0.00000E+00
 2.47607E-03  0.00000E+00
 2.59300E-03  0.00000E+00
 2.71546E-03  0.00000E+00
 2.84369E-03  0.00000E+00
 2.97799E-03  0.00000E+00
 3.11862E-03  0.00000E+00
 3.26590E-03  0.00000E+00
 3.42013E-03  0.00000E+00
 3.58165E-03  0.00000E+00
 3.75079E-03  0.00000E+00
 3.92793E-03  0.00000E+00
 4.11342E-03  0.00000E+00
 4.30768E-03  0.00000E+00
 4.51111E-03  0.00000E+00
 4.72415E-03  0.00000E+00
 4.94725E-03  0.00000E+00
 5.18088E-03  0.00000E+00
 5.42555E-03  0.00000E+00
 5.68177E-03  0.00000E+00
 5.95010E-03  0.00000E+00
 6.23109E-03  0.00000E+00
 6.52536E-03  0.00000E+00
 6.83352E-03  0.00000E+00
 7.15623E-03  0.00000E+00
 7.49419E-03  0.00000E+00
 7.84810E-03  0.00000E+00
 8.21873E-03  0.00000E+00
 8.60686E-03  0.00000E+00
 9.01332E-03  0.00000E+00
 9.43898E-03  0.00000E+00
 9.88473E-03  0.00000E+00
 1.03515E-02  0.00000E+00
 1.08404E-02  0.00000E+00
 1.13523E-02  0.00000E+00
 1.18885E-02  0.00000E+00
 1.24499E-02  0.00000E+00
 1.30378E-02  0.00000E+00
 1.36535E-02  0.00000E+00
 1.42983E-02  0.00000E+00
 1.49736E-02  0.00000E+00
 1.56807E-02  0.00000E+00
 1.64212E-02  0.00000E+00
 1.71967E-02  0.00000E+00
 1.80088E-02  0.00000E+00
 1.88593E-02  0.00000E+00
 1.97500E-02  0.00000E+00
 2.06827E-02  0.00000E+00
 2.16594E-02  0.00000E+00
 2.26823E-02  0.00000E+00
 2.37534E-02  0.00000E+00
 2.48752E-02  0.00000E+00
 2.60499E-02  0.00000E+00
 2.72801E-02  0.00000E+00
 2.85685E-02  0.00000E+00
 2.99176E-02  0.00000E+00
 3.13305E-02  0.00000E+00
 3.28101E-02  0.00000E+00
 3.43595E-02  0.00000E+00
 3.59822E-02  0.00000E+00
 3.76814E-02  0.00000E+00
 3.94609E-02  0.00000E+00
 4.13245E-02  0.00000E+00
 4.32760E-02  0.00000E+00
 4.53198E-02  0.00000E+00
 4.74600E-02  0.00000E+00
 4.97013E-02  0.00000E+00
 5.20485E-02  0.00000E+00
 5.45064E-02  0.00000E+00
 5.70805E-02  0.00000E+00
 5.97762E-02  0.00000E+00
 6.25991E-02  0.00000E+00
 6.55554E-02  0.00000E+00
 6.86512E-02  0.00000E+00
 7.18933E-02  0.00000E+00
 7.52885E-02  0.00000E+00
 7.88440E-02  0.00000E+00
 8.25674E-02  0.00000E+00
 8.64667E-02  0.00000E+00
 9.05501E-02  0.00000E+00
 9.48263E-02  0.00000E+00
 9.93045E-02  0.00000E+00
 1.03994E-01  0.00000E+00
 1.08905E-01  0.00000E+00
 1.14048E-01  0.00000E+00
 1.19434E-01  0.00000E+00
 1.25075E-01  0.00000E+00
 1.30981E-01  0.00000E+00
 1.37167E-01  0.00000E+00
 1.43645E-01  0.00000E+00
 1.50428E-01  0.00000E+00
 1.57532E-01  0.00000E+00
 1.64972E-01  0.00000E+00
 1.72763E-01  0.00000E+00
 1.80921E-01  0.00000E+00
 1.89465E-01  3.33130E-16
 1.98413E-01  5.30757E-16
 2.07783E-01  1.70063E-15
 2.17596E-01  7.80320E-16
 2.27872E-01  3.29320E-16
 2.38633E-01  8.99467E-17
 2.49902E-01  3.34730E-17
 2.61704E-01  1.75255E-17
 2.74063E-01  4.84526E-18
 2.87006E-01  1.26241E-18
 3.00560E-01  5.20371E-19
 3.14754E-01  1.68800E-19
 3.29618E-01  6.04133E-20
 3.45184E-01  2.32826E-20
 3.61486E-01  7.78976E-21
 3.78557E-01  2.53366E-21
 3.96434E-01  1.16498E-21
 4.15156E-01  6.34273E-22
 4.34762E-01  5.77556E-22
 4.55294E-01  3.23874E-22
 4.76795E-01  3.17802E-22
 4.99312E-01  3.30696E-22
 5.22892E-01  7.84559E-22
 5.47585E-01  1.77607E-21
 5.73445E-01  8.88524E-21
 6.00526E-01  9.29861E-20
 6.28886E-01  1.95256E-18
 6.58586E-01  1.32014E-16
 6.89687E-01  2.90799E-14
 7.22258E-01  2.79768E-11
 7.56367E-01  4.24148E-06
 7.92086E-01  4.67124E-05
 8.29493E-01  5.68010E-05
 8.68666E-01  6.05725E-05
 9.09689E-01  7.05061E-05
 9.52649E-01  7.53061E-05
 9.82753E-01  6.93909E-05
 9.82868E-01  6.92104E-05
 9.82982E-01  6.91868E-05
 9.83097E-01  6.91631E-05
 9.83212E-01  6.91395E-05
 9.83327E-01  6.91158E-05
 9.83442E-01  6.90921E-05
 9.83557E-01  6.90684E-05
 9.83671E-01  6.90447E-05
 9.83786E-01  6.90210E-05
 9.83901E-01  6.89973E-05
 9.84016E-01  6.89736E-05
 9.84131E-01  6.89499E-05
 9.84246E-01  6.89261E-05
 9.84362E-01  6.89024E-05
 9.84477E-01  6.88786E-05
 9.84592E-01  6.88548E-05
 9.84707E-01  6.88310E-05
 9.84822E-01  6.88072E-05
 9.84937E-01  6.87834E-05
 9.85053E-01  6.87596E-05
 9.85168E-01  6.87358E-05
 9.85283E-01  6.87120E-05
 9.85398E-01  6.86881E-05
 9.85514E-01  6.86643E-05
 9.85629E-01  6.86404E-05
 9.85745E-01  6.86166E-05
 9.85860E-01  6.85927E-05
 9.85975E-01  6.85688E-05
 9.86091E-01  6.85449E-05
 9.86206E-01  6.85210E-05
 9.86322E-01  6.84971E-05
 9.86438E-01  6.84732E-05
 9.86553E-01  6.84493E-05
 9.86669E-01  6.84253E-05
 9.86784E-01  6.84014E-05
 9.86900E-01  6.83774E-05
 9.87016E-01  6.83534E-05
 9.87132E-01  6.83295E-05
 9.87247E-01  6.83055E-05
 9.87363E-01  6.82815E-05
 9.87479E-01  6.82575E-05
 9.87595E-01  6.82334E-05
 9.87711E-01  6.82094E-05
 9.87826E-01  6.81854E-05
 9.87942E-01  6.81613E-05
 9.88058E-01  6.92454E-05
 9.88174E-01  6.81132E-05
 9.88290E-01  6.80892E-05
 9.88406E-01  6.80651E-05
 9.88522E-01  6.80410E-05
 9.88639E-01  6.80169E-05
 9.88755E-01  6.79928E-05
 9.88871E-01  6.79687E-05
 9.88987E-01  6.79445E-05
 9.89103E-01  6.79204E-05
 9.89219E-01  6.78962E-05
 9.89336E-01  6.78721E-05
 9.89452E-01  6.78479E-05
 9.89568E-01  6.78237E-05
 9.89684E-01  6.77996E-05
 9.89801E-01  6.77754E-05
 9.89917E-01  6.77512E-05
 9.90034E-01  6.77269E-05
 9.90150E-01  6.77027E-05
 9.90267E-01  6.76785E-05
 9.90383E-01  6.76542E-05
 9.90500E-01  6.76475E-05
 9.90616E-01  6.76057E-05
 9.90733E-01  6.75815E-05
 9.90849E-01  6.75572E-05
 9.90966E-01  6.75329E-05
 9.91083E-01  6.75195E-05
 9.91199E-01  6.74843E-05
 9.91316E-01  6.74600E-05
 9.91433E-01  6.74356E-05
 9.91549E-01  7.02281E-05
 9.91666E-01  6.73869E-05
 9.91783E-01  6.73626E-05
 9.91900E-01  6.73382E-05
 9.92017E-01  6.73138E-05
 9.92134E-01  6.72895E-05
 9.92251E-01  6.72651E-05
 9.92368E-01  6.72407E-05
 9.92485E-01  6.72163E-05
 9.92602E-01  6.71918E-05
 9.92719E-01  6.71674E-05
 9.92836E-01  6.71430E-05
 9.92953E-01  6.71185E-05
 9.93070E-01  6.70940E-05
 9.93187E-01  6.70696E-05
 9.93304E-01  6.70451E-05
 9.93421E-01  6.72219E-05
 9.93539E-01  6.69961E-05
 9.93656E-01  6.69716E-05
 9.93773E-01  6.69471E-05
 9.93891E-01  6.69256E-05
 9.94008E-01  6.68980E-05
 9.94125E-01  6.68734E-05
 9.94243E-01  6.68489E-05
 9.94360E-01  6.68243E-05
 9.94478E-01  6.67997E-05
 9.94595E-01  6.67752E-05
 9.94713E-01  6.67506E-05
 9.94830E-01  6.67260E-05
 9.94948E-01  6.67019E-05
 9.95065E-01  6.66767E-05
 9.95183E-01  6.66521E-05
 9.95301E-01  6.66274E-05
 9.95418E-01  6.66028E-05
 9.95536E-01  6.65781E-05
 9.95654E-01  6.65534E-05
 9.95771E-01  6.65288E-05
 9.95889E-01  6.65300E-05
 9.96007E-01  6.64794E-05
 9.96125E-01  6.64547E-05
 9.96243E-01  6.64299E-05
 9.96361E-01  6.64052E-05
 9.96479E-01  6.63805E-05
 9.96597E-01  6.63557E-05
 9.96715E-01  6.63309E-05
 9.96833E-01  6.63062E-05
 9.96951E-01  6.64463E-05
 9.97069E-01  6.62566E-05
 9.97187E-01  6.62318E-05
 9.97305E-01  6.62070E-05
 9.97423E-01  6.61822E-05
 9.97541E-01  6.61573E-05
 9.97638E-01  6.61370E-05
 9.97659E-01  6.61416E-05
 9.97778E-01  6.61666E-05
 9.97896E-01  6.61916E-05
 9.98014E-01  6.62165E-05
 9.98133E-01  6.62415E-05
 9.98251E-01  6.62665E-05
 9.98369E-01  6.62916E-05
 9.98488E-01  6.63166E-05
 9.98606E-01  6.69898E-05
 9.98725E-01  6.63666E-05
 9.98843E-01  6.63917E-05
 9.98962E-01  6.64167E-05
 9.99080E-01  6.64418E-05
 9.99199E-01  6.64669E-05
 9.99317E-01  6.64983E-05
 9.99436E-01  6.65486E-05
 9.99555E-01  6.65421E-05
 9.99673E-01  6.65672E-05
 9.99792E-01  6.65923E-05
 9.99911E-01  6.66174E-05
 1.00003E+00  6.66426E-05
 1.00015E+00  6.66677E-05
 1.00027E+00  6.66928E-05
 1.00039E+00  6.67180E-05
 1.00050E+00  6.67431E-05
 1.00062E+00  6.67683E-05
 1.00074E+00  6.67935E-05
 1.00086E+00  6.68187E-05
 1.00098E+00  6.68438E-05
 1.00110E+00  6.68690E-05
 1.00122E+00  6.68942E-05
 1.00134E+00  6.69195E-05
 1.00146E+00  6.74276E-05
 1.00158E+00  6.69699E-05
 1.00170E+00  6.69951E-05
 1.00181E+00  6.73036E-05
 1.00193E+00  6.82641E-05
 1.00205E+00  6.70709E-05
 1.00217E+00  6.70962E-05
 1.00229E+00  6.71214E-05
 1.00241E+00  6.71467E-05
 1.00253E+00  6.71720E-05
 1.00265E+00  6.71973E-05
 1.00277E+00  6.72226E-05
 1.00289E+00  6.73296E-05
 1.00301E+00  6.72733E-05
 1.00313E+00  6.85695E-05
 1.00325E+00  6.73239E-05
 1.00337E+00  6.73493E-05
 1.00349E+00  6.73747E-05
 1.00361E+00  6.74000E-05
 1.00373E+00  6.74254E-05
 1.00385E+00  6.74508E-05
 1.00397E+00  6.74762E-05
 1.00408E+00  6.75016E-05
 1.00420E+00  6.75270E-05
 1.00432E+00  6.75524E-05
 1.00444E+00  6.75778E-05
 1.00456E+00  6.77217E-05
 1.00468E+00  6.76287E-05
 1.00480E+00  6.76541E-05
 1.00492E+00  6.76796E-05
 1.00504E+00  6.77050E-05
 1.00516E+00  6.77305E-05
 1.00528E+00  6.77560E-05
 1.00540E+00  6.77815E-05
 1.00552E+00  6.78070E-05
 1.00564E+00  6.78325E-05
 1.00576E+00  6.78580E-05
 1.00588E+00  6.78928E-05
 1.00600E+00  6.79743E-05
 1.00612E+00  6.79346E-05
 1.00624E+00  6.79917E-05
 1.00637E+00  6.82776E-05
 1.00649E+00  6.80112E-05
 1.00661E+00  6.89467E-05
 1.00673E+00  6.80624E-05
 1.00685E+00  6.80880E-05
 1.00697E+00  6.97479E-05
 1.00709E+00  6.82874E-05
 1.00721E+00  7.18875E-05
 1.00733E+00  7.17829E-05
 1.00745E+00  7.32224E-05
 1.00757E+00  7.30696E-05
 1.00769E+00  8.68289E-05
 1.00781E+00  7.28978E-05
 1.00793E+00  7.44671E-05
 1.00805E+00  7.79175E-05
 1.00817E+00  8.24945E-05
 1.00829E+00  8.57515E-05
 1.00841E+00  8.77096E-05
 1.00854E+00  9.39972E-05
 1.00866E+00  9.55797E-05
 1.00878E+00  1.28613E-04
 1.00890E+00  1.18097E-04
 1.00902E+00  1.39116E-04
 1.00914E+00  1.43693E-04
 1.00926E+00  1.95452E-04
 1.00938E+00  2.44527E-04
 1.00950E+00  3.07152E-04
 1.00962E+00  2.94190E-04
 1.00974E+00  4.05645E-04
 1.00987E+00  4.91713E-04
 1.00999E+00  5.12327E-04
 1.01011E+00  7.48293E-04
 1.01023E+00  7.82420E-04
 1.01035E+00  7.94199E-04
 1.01047E+00  9.86340E-04
 1.01059E+00  1.07557E-03
 1.01071E+00  1.33113E-03
 1.01084E+00  1.39592E-03
 1.01096E+00  1.68985E-03
 1.01108E+00  1.86098E-03
 1.01120E+00  1.87937E-03
 1.01132E+00  2.09749E-03
 1.01144E+00  2.34273E-03
 1.01156E+00  2.59318E-03
 1.01169E+00  2.73696E-03
 1.01181E+00  2.89281E-03
 1.01193E+00  2.97379E-03
 1.01205E+00  2.87890E-03
 1.01217E+00  2.73861E-03
 1.01229E+00  2.63914E-03
 1.01242E+00  2.68215E-03
 1.01254E+00  2.19157E-03
 1.01266E+00  2.32843E-03
 1.01278E+00  2.31675E-03
 1.01290E+00  2.28615E-03
 1.01303E+00  2.25036E-03
 1.01315E+00  2.42170E-03
 1.01327E+00  2.35373E-03
 1.01339E+00  2.57174E-03
 1.01351E+00  2.66928E-03
 1.01364E+00  2.32073E-03
 1.01376E+00  2.18246E-03
 1.01388E+00  1.97139E-03
 1.01400E+00  1.75087E-03
 1.01412E+00  1.77230E-03
 1.01425E+00  1.47253E-03
 1.01437E+00  1.38484E-03
 1.01449E+00  1.29905E-03
 1.01461E+00  1.16354E-03
 1.01473E+00  1.19760E-03
 1.01486E+00  1.13483E-03
 1.01498E+00  1.08988E-03
 1.01510E+00  9.84991E-04
 1.01522E+00  1.06700E-03
 1.01535E+00  9.95003E-04
 1.01547E+00  9.20458E-04
 1.01559E+00  9.89172E-04
 1.01571E+00  1.00160E-03
 1.01584E+00  9.06124E-04
 1.01596E+00  9.70346E-04
 1.01608E+00  9.04524E-04
 1.01620E+00  8.82340E-04
 1.01633E+00  8.67524E-04
 1.01645E+00  8.72535E-04
 1.01657E+00  8.73090E-04
 1.01670E+00  1.00185E-03
 1.01682E+00  9.05438E-04
 1.01694E+00  9.07706E-04
 1.01706E+00  8.37080E-04
 1.01719E+00  9.36801E-04
 1.01731E+00  8.67494E-04
 1.01743E+00  7.88847E-04
 1.01756E+00  8.77764E-04
 1.01768E+00  8.47198E-04
 1.01780E+00  9.37777E-04
 1.01792E+00  8.96504E-04
 1.01805E+00  9.60102E-04
 1.01817E+00  9.46568E-04
 1.01829E+00  9.50069E-04
 1.01842E+00  8.46444E-04
 1.01854E+00  9.04027E-04
 1.01866E+00  8.11527E-04
 1.01879E+00  9.41500E-04
 1.01891E+00  8.91321E-04
 1.01903E+00  9.24344E-04
 1.01916E+00  8.83337E-04
 1.01928E+00  9.68624E-04
 1.01940E+00  9.02627E-04
 1.01953E+00  9.76455E-04
 1.01965E+00  9.72853E-04
 1.01977E+00  9.07396E-04
 1.01990E+00  9.36744E-04
 1.02002E+00  9.09701E-04
 1.02014E+00  9.29619E-04
 1.02027E+00  1.00186E-03
 1.02039E+00  9.65337E-04
 1.02052E+00  8.87502E-04
 1.02064E+00  9.33406E-04
 1.02076E+00  9.70126E-04
 1.02089E+00  8.90346E-04
 1.02101E+00  9.54892E-04
 1.02113E+00  9.14744E-04
 1.02126E+00  8.81585E-04
 1.02138E+00  9.49129E-04
 1.02151E+00  8.94943E-04
 1.02163E+00  1.05919E-03
 1.02175E+00  9.62646E-04
 1.02188E+00  9.34649E-04
 1.02200E+00  9.33335E-04
 1.02213E+00  9.96391E-04
 1.02225E+00  9.02496E-04
 1.02237E+00  9.75669E-04
 1.02250E+00  9.03019E-04
 1.02262E+00  9.11871E-04
 1.02275E+00  8.40735E-04
 1.02287E+00  9.70265E-04
 1.02300E+00  9.15238E-04
 1.02312E+00  8.89194E-04
 1.02324E+00  8.98682E-04
 1.02337E+00  8.90000E-04
 1.02349E+00  8.83546E-04
 1.02362E+00  8.84512E-04
 1.02374E+00  9.66961E-04
 1.02387E+00  8.90499E-04
 1.02399E+00  9.37438E-04
 1.02412E+00  8.75857E-04
 1.02424E+00  9.10149E-04
 1.02437E+00  9.34454E-04
 1.02449E+00  8.52397E-04
 1.02461E+00  9.01131E-04
 1.02474E+00  8.33458E-04
 1.02486E+00  8.20694E-04
 1.02499E+00  8.91454E-04
 1.02511E+00  8.69739E-04
 1.02524E+00  9.28583E-04
 1.02536E+00  8.93323E-04
 1.02549E+00  8.67225E-04
 1.02561E+00  8.16370E-04
 1.02574E+00  9.11239E-04
 1.02586E+00  8.11643E-04
 1.02599E+00  7.73275E-04
 1.02611E+00  7.10456E-04
 1.02624E+00  7.86808E-04
 1.02636E+00  8.20918E-04
 1.02649E+00  7.96051E-04
 1.02661E+00  7.47507E-04
 1.02674E+00  7.20686E-04
 1.02686E+00  7.98827E-04
 1.02699E+00  7.46441E-04
 1.02711E+00  7.27609E-04
 1.02724E+00  7.27431E-04
 1.02737E+00  7.78599E-04
 1.02749E+00  7.34989E-04
 1.02762E+00  7.61451E-04
 1.02774E+00  7.11619E-04
 1.02787E+00  7.08098E-04
 1.02799E+00  7.30144E-04
 1.02812E+00  7.26148E-04
 1.02824E+00  7.13852E-04
 1.02837E+00  6.96454E-04
 1.02849E+00  6.51373E-04
 1.02862E+00  6.27431E-04
 1.02875E+00  6.30478E-04
 1.02887E+00  6.20305E-04
 1.02900E+00  6.53243E-04
 1.02912E+00  6.62724E-04
 1.02925E+00  6.11419E-04
 1.02938E+00  5.66671E-04
 1.02950E+00  5.42487E-04
 1.02963E+00  5.60783E-04
 1.02975E+00  5.56747E-04
 1.02988E+00  5.75275E-04
 1.03000E+00  5.81898E-04
 1.03013E+00  5.00456E-04
 1.03026E+00  5.15170E-04
 1.03038E+00  5.20472E-04
 1.03051E+00  5.12868E-04
 1.03064E+00  5.13319E-04
 1.03076E+00  4.32525E-04
 1.03089E+00  4.67263E-04
 1.03101E+00  4.96021E-04
 1.03114E+00  5.07868E-04
 1.03127E+00  5.02883E-04
 1.03139E+00  4.55145E-04
 1.03152E+00  4.59968E-04
 1.03165E+00  4.42162E-04
 1.03177E+00  4.23617E-04
 1.03190E+00  3.86378E-04
 1.03202E+00  4.45443E-04
 1.03215E+00  4.29083E-04
 1.03228E+00  3.69385E-04
 1.03240E+00  4.36108E-04
 1.03253E+00  3.88375E-04
 1.03266E+00  3.59453E-04
 1.03278E+00  3.36339E-04
 1.03291E+00  3.92734E-04
 1.03304E+00  3.30838E-04
 1.03316E+00  3.44330E-04
 1.03329E+00  3.29739E-04
 1.03342E+00  3.18688E-04
 1.03355E+00  3.07391E-04
 1.03367E+00  3.08077E-04
 1.03380E+00  3.23133E-04
 1.03393E+00  2.75580E-04
 1.03405E+00  2.92799E-04
 1.03418E+00  2.91073E-04
 1.03431E+00  2.78944E-04
 1.03443E+00  2.70687E-04
 1.03456E+00  2.49600E-04
 1.03469E+00  2.44746E-04
 1.03482E+00  2.43144E-04
 1.03494E+00  2.37270E-04
 1.03507E+00  2.31336E-04
 1.03520E+00  2.37324E-04
 1.03532E+00  2.20715E-04
 1.03545E+00  2.23816E-04
 1.03558E+00  2.17174E-04
 1.03571E+00  2.09669E-04
 1.03583E+00  2.16393E-04
 1.03596E+00  2.00229E-04
 1.03609E+00  1.82754E-04
 1.03622E+00  1.90810E-04
 1.03634E+00  1.74534E-04
 1.03647E+00  1.79483E-04
 1.03660E+00  1.75531E-04
 1.03673E+00  1.60622E-04
 1.03685E+00  1.75051E-04
 1.03698E+00  1.62492E-04
 1.03711E+00  1.69754E-04
 1.03724E+00  1.57123E-04
 1.03737E+00  1.44418E-04
 1.03749E+00  1.47290E-04
 1.03762E+00  1.50309E-04
 1.03775E+00  1.37015E-04
 1.03788E+00  1.50967E-04
 1.03801E+00  1.31322E-04
 1.03813E+00  1.26538E-04
 1.03826E+00  1.29003E-04
 1.03839E+00  1.14129E-04
 1.03852E+00  1.17617E-04
 1.03865E+00  1.12450E-04
 1.03877E+00  1.20555E-04
 1.03890E+00  1.16684E-04
 1.03903E+00  1.13452E-04
 1.03916E+00  1.20283E-04
 1.03929E+00  1.06610E-04
 1.03942E+00  1.03436E-04
 1.03954E+00  1.06002E-04
 1.03967E+00  1.13431E-04
 1.03980E+00  1.01834E-04
 1.03993E+00  9.65569E-05
 1.04006E+00  1.00206E-04
 1.04019E+00  1.03881E-04
 1.04031E+00  1.00794E-04
 1.04044E+00  1.01140E-04
 1.04057E+00  9.44979E-05
 1.04070E+00  9.99905E-05
 1.04083E+00  9.59479E-05
 1.04096E+00  8.96891E-05
 1.04109E+00  9.19296E-05
 1.04121E+00  9.48558E-05
 1.04134E+00  9.17639E-05
 1.04147E+00  9.03491E-05
 1.04160E+00  8.54729E-05
 1.04173E+00  8.80871E-05
 1.04186E+00  8.80144E-05
 1.04199E+00  8.65413E-05
 1.04212E+00  8.44137E-05
 1.04225E+00  8.39579E-05
 1.04238E+00  8.42290E-05
 1.04250E+00  8.21701E-05
 1.04263E+00  8.46170E-05
 1.04276E+00  8.25375E-05
 1.04289E+00  8.37007E-05
 1.04302E+00  8.41736E-05
 1.04315E+00  8.20471E-05
 1.04328E+00  8.42816E-05
 1.04341E+00  8.15816E-05
 1.04354E+00  1.42986E-04
 1.04475E+00  7.62456E-05
 1.09409E+00  8.11963E-05
 1.14576E+00  8.25870E-05
 1.19987E+00  8.38709E-05
 1.25653E+00  8.64328E-05
 1.31587E+00  9.40031E-05
 1.37801E+00  9.45266E-05
 1.44309E+00  8.96325E-05
 1.51124E+00  8.50237E-05
 1.58261E+00  7.90446E-05
 1.65735E+00  7.36387E-05
 1.73562E+00  6.80968E-05
 1.81758E+00  6.47909E-05
 1.90342E+00  6.19491E-05
 1.99331E+00  6.08571E-05
 2.08744E+00  6.12778E-05
 2.18602E+00  6.31848E-05
 2.28926E+00  6.29996E-05
 2.39737E+00  6.34905E-05
 2.51058E+00  6.34878E-05
 2.62915E+00  6.41226E-05
 2.75331E+00  6.42634E-05
 2.88333E+00  6.33669E-05
 3.01950E+00  6.56520E-05
 3.16210E+00  8.99242E-05
 3.31143E+00  1.05727E-04
 3.46781E+00  1.08218E-04
 3.63158E+00  1.06716E-04
 3.80308E+00  1.10589E-04
 3.98268E+00  1.05954E-04
 4.17076E+00  1.07514E-04
 4.36773E+00  1.04903E-04
 4.57399E+00  1.04897E-04
 4.79000E+00  1.02293E-04
 5.01621E+00  1.02076E-04
 5.25310E+00  9.91980E-05
 5.50118E+00  9.77192E-05
 5.76097E+00  9.75210E-05
 6.03304E+00  9.59883E-05
 6.31795E+00  9.50589E-05
 6.61632E+00  9.45057E-05
 6.92877E+00  9.05005E-05
 7.25599E+00  9.20407E-05
 7.59865E+00  9.43740E-05
 7.95750E+00  9.50971E-05
 8.33329E+00  9.25277E-05
 8.72683E+00  9.05754E-05
 9.13896E+00  8.85233E-05
 9.57055E+00  8.84462E-05
 1.00225E+01  8.80462E-05
 1.04958E+01  8.48403E-05
 1.09915E+01  8.32404E-05
 1.15106E+01  8.09622E-05
 1.20542E+01  8.10940E-05
 1.26234E+01  7.96617E-05
 1.32196E+01  7.88910E-05
 1.38439E+01  7.83523E-05
 1.44976E+01  7.53300E-05
 1.51823E+01  7.16351E-05
 1.58993E+01  6.57558E-05
 1.66501E+01  6.37722E-05
 1.74364E+01  6.16010E-05
 1.82599E+01  5.72912E-05
 1.91222E+01  5.36442E-05
 2.00253E+01  4.72580E-05
 2.09710E+01  4.55919E-05
 2.19613E+01  4.45554E-05
 2.29984E+01  4.20542E-05
 2.40845E+01  3.83994E-05
 2.52219E+01  3.76655E-05
 2.64131E+01  3.47364E-05
 2.76604E+01  3.18429E-05
 2.89667E+01  2.93183E-05
 3.03346E+01  2.74083E-05
 3.17672E+01  2.66653E-05
 3.32674E+01  2.37531E-05
 3.48385E+01  2.28612E-05
 3.64837E+01  2.15779E-05
 3.82067E+01  1.74476E-05
 4.00110E+01  1.68008E-05
 4.19005E+01  1.60621E-05
 4.38793E+01  1.53982E-05
 4.59515E+01  1.42226E-05
 4.81216E+01  1.26643E-05
 5.03941E+01  1.27953E-05
 5.27740E+01  1.23288E-05
 5.52662E+01  9.91957E-06
 5.78762E+01  1.01216E-05
 6.06094E+01  8.90462E-06
 6.34717E+01  8.61493E-06
 6.64692E+01  8.29698E-06
 6.96082E+01  7.20765E-06
 7.28954E+01  6.69217E-06
 7.63379E+01  6.90498E-06
 7.99430E+01  6.94659E-06
 8.37183E+01  5.77699E-06
 8.76720E+01  6.86217E-06
 9.18123E+01  8.06469E-06
 9.61481E+01  1.27739E-05
 1.00689E+02  1.49597E-05
 1.05444E+02  2.19410E-05
 1.10423E+02  3.62317E-05
 1.15638E+02  6.15766E-05
 1.21099E+02  1.02515E-04
 1.26818E+02  1.64074E-04
 1.32807E+02  2.82037E-04
 1.39079E+02  4.50166E-04
 1.45647E+02  6.99687E-04
 1.52525E+02  1.11093E-03
 1.59728E+02  1.67897E-03
 1.67271E+02  2.47777E-03
 1.75171E+02  3.62631E-03
 1.83443E+02  5.14777E-03
 1.92107E+02  7.25987E-03
 2.01179E+02  9.98151E-03
 2.10679E+02  1.35429E-02
 2.20629E+02  1.79573E-02
 2.31048E+02  2.33214E-02
 2.41959E+02  2.96214E-02
 2.53386E+02  3.72201E-02
 2.65352E+02  4.54821E-02
 2.77883E+02  5.41580E-02
 2.91007E+02  6.37060E-02
 3.04749E+02  7.37270E-02
 3.19141E+02  8.26117E-02
 3.34213E+02  9.14552E-02
 3.49996E+02  9.94051E-02
 3.66525E+02  1.06461E-01
 3.83834E+02  1.12314E-01
 4.01960E+02  1.16664E-01
 4.20943E+02  1.19291E-01
 4.40822E+02  1.20800E-01
 4.61640E+02  1.21118E-01
 4.83441E+02  1.20265E-01
 5.06272E+02  1.17064E-01
 5.30181E+02  1.14009E-01
 5.55218E+02  1.09736E-01
 5.81439E+02  1.04412E-01
 6.08897E+02  9.90793E-02
 6.37653E+02  9.26533E-02
 6.67766E+02  8.66809E-02
 6.99301E+02  8.04423E-02
 7.32326E+02  7.39646E-02
 7.66910E+02  6.80340E-02
 8.03128E+02  6.17522E-02
 8.41055E+02  5.60225E-02
 8.80774E+02  5.03733E-02
 9.22369E+02  4.51830E-02
 9.65928E+02  4.08288E-02
 1.01154E+03  3.64945E-02
 1.05931E+03  3.24023E-02
 1.10934E+03  2.91161E-02
 1.16173E+03  2.54150E-02
 1.21659E+03  2.27655E-02
 1.27405E+03  2.00407E-02
 1.33421E+03  1.73761E-02
 1.39722E+03  1.53976E-02
 1.46321E+03  1.33270E-02
 1.53231E+03  1.16739E-02
 1.60467E+03  1.01288E-02
 1.68045E+03  8.56726E-03
 1.75981E+03  7.49525E-03
 1.84292E+03  6.54195E-03
 1.92995E+03  5.53585E-03
 2.02109E+03  4.71413E-03
 2.11654E+03  4.14293E-03
 2.21649E+03  3.49445E-03
 2.32117E+03  2.99070E-03
 2.43078E+03  2.50902E-03
 2.54558E+03  2.18933E-03
 2.66579E+03  1.74546E-03
 2.79169E+03  1.57513E-03
 2.92352E+03  1.31838E-03
 3.06159E+03  1.06267E-03
 3.20617E+03  9.14070E-04
 3.35759E+03  7.87990E-04
 3.51615E+03  6.37896E-04
 3.68220E+03  5.19399E-04
 3.85609E+03  4.90394E-04
 4.03820E+03  3.61150E-04
 4.22890E+03  3.60039E-04
 4.42861E+03  2.91700E-04
 4.63775E+03  2.36545E-04
 4.85677E+03  1.79326E-04
 5.08613E+03  1.87546E-04
 5.32633E+03  1.35830E-04
 5.57786E+03  1.12806E-04
 5.84128E+03  1.33630E-04
 6.11714E+03  1.07646E-04
 6.40602E+03  1.23975E-04
 6.70854E+03  6.49499E-05
 7.02536E+03  4.94713E-05
 7.35713E+03  2.59438E-05
 7.70457E+03  1.35452E-05
 8.06842E+03  2.84494E-05
