 8.52779E-05  0.00000E+00
 8.93052E-05  0.00000E+00
 9.35227E-05  0.00000E+00
 9.79393E-05  0.00000E+00
 1.02564E-04  0.00000E+00
 1.07408E-04  0.00000E+00
 1.12480E-04  0.00000E+00
 1.17792E-04  0.00000E+00
 1.23355E-04  0.00000E+00
 1.29181E-04  0.00000E+00
 1.35281E-04  0.00000E+00
 1.41670E-04  0.00000E+00
 1.48360E-04  0.00000E+00
 1.55367E-04  0.00000E+00
 1.62704E-04  0.00000E+00
 1.70388E-04  0.00000E+00
 1.78434E-04  0.00000E+00
 1.86861E-04  0.00000E+00
 1.95685E-04  0.00000E+00
 2.04927E-04  0.00000E+00
 2.14604E-04  0.00000E+00
 2.24739E-04  0.00000E+00
 2.35352E-04  0.00000E+00
 2.46467E-04  0.00000E+00
 2.58106E-04  0.00000E+00
 2.70295E-04  0.00000E+00
 2.83060E-04  0.00000E+00
 2.96428E-04  0.00000E+00
 3.10427E-04  0.00000E+00
 3.25087E-04  0.00000E+00
 3.40439E-04  0.00000E+00
 3.56516E-04  0.00000E+00
 3.73353E-04  0.00000E+00
 3.90984E-04  0.00000E+00
 4.09449E-04  0.00000E+00
 4.28785E-04  0.00000E+00
 4.49034E-04  0.00000E+00
 4.70240E-04  0.00000E+00
 4.92447E-04  0.00000E+00
 5.15703E-04  0.00000E+00
 5.40057E-04  0.00000E+00
 5.65562E-04  0.00000E+00
 5.92270E-04  0.00000E+00
 6.20240E-04  0.00000E+00
 6.49531E-04  0.00000E+00
 6.80206E-04  0.00000E+00
 7.12329E-04  0.00000E+00
 7.45968E-04  0.00000E+00
 7.81197E-04  0.00000E+00
 8.18089E-04  0.00000E+00
 8.56723E-04  0.00000E+00
 8.97182E-04  0.00000E+00
 9.39552E-04  0.00000E+00
 9.83923E-04  0.00000E+00
 1.03039E-03  0.00000E+00
 1.07905E-03  0.00000E+00
 1.13001E-03  0.00000E+00
 1.18337E-03  0.00000E+00
 1.23926E-03  0.00000E+00
 1.29778E-03  0.00000E+00
 1.35907E-03  0.00000E+00
 1.42325E-03  0.00000E+00
 1.49046E-03  0.00000E+00
 1.56085E-03  0.00000E+00
 1.63456E-03  0.00000E+00
 1.71176E-03  0.00000E+00
 1.79259E-03  0.00000E+00
 1.87725E-03  0.00000E+00
 1.96590E-03  0.00000E+00
 2.05874E-03  0.00000E+00
 2.15597E-03  0.00000E+00
 2.25778E-03  0.00000E+00
 2.36441E-03  0.00000E+00
 2.47607E-03  0.00000E+00
 2.59300E-03  0.00000E+00
 2.71546E-03  0.00000E+00
 2.84369E-03  0.00000E+00
 2.97799E-03  0.00000E+00
 3.11862E-03  0.00000E+00
 3.26590E-03  0.00000E+00
 3.42013E-03  0.00000E+00
 3.58165E-03  0.00000E+00
 3.75079E-03  0.00000E+00
 3.92793E-03  0.00000E+00
 4.11342E-03  0.00000E+00
 4.30768E-03  0.00000E+00
 4.51111E-03  0.00000E+00
 4.72415E-03  0.00000E+00
 4.94725E-03  0.00000E+00
 5.18088E-03  0.00000E+00
 5.42555E-03  0.00000E+00
 5.68177E-03  0.00000E+00
 5.95010E-03  0.00000E+00
 6.23109E-03  0.00000E+00
 6.52536E-03  0.00000E+00
 6.83352E-03  0.00000E+00
 7.15623E-03  0.00000E+00
 7.49419E-03  0.00000E+00
 7.84810E-03  0.00000E+00
 8.21873E-03  0.00000E+00
 8.60686E-03  0.00000E+00
 9.01332E-03  0.00000E+00
 9.43898E-03  0.00000E+00
 9.88473E-03  0.00000E+00
 1.03515E-02  0.00000E+00
 1.08404E-02  0.00000E+00
 1.13523E-02  0.00000E+00
 1.18885E-02  0.00000E+00
 1.24499E-02  0.00000E+00
 1.30378E-02  0.00000E+00
 1.36535E-02  0.00000E+00
 1.42983E-02  0.00000E+00
 1.49736E-02  0.00000E+00
 1.56807E-02  0.00000E+00
 1.64212E-02  0.00000E+00
 1.71967E-02  0.00000E+00
 1.80088E-02  0.00000E+00
 1.88593E-02  0.00000E+00
 1.97500E-02  0.00000E+00
 2.06827E-02  0.00000E+00
 2.16594E-02  0.00000E+00
 2.26823E-02  0.00000E+00
 2.37534E-02  0.00000E+00
 2.48752E-02  0.00000E+00
 2.60499E-02  0.00000E+00
 2.72801E-02  0.00000E+00
 2.85685E-02  0.00000E+00
 2.99176E-02  0.00000E+00
 3.13305E-02  0.00000E+00
 3.28101E-02  0.00000E+00
 3.43595E-02  0.00000E+00
 3.59822E-02  0.00000E+00
 3.76814E-02  0.00000E+00
 3.94609E-02  0.00000E+00
 4.13245E-02  0.00000E+00
 4.32760E-02  0.00000E+00
 4.53198E-02  0.00000E+00
 4.74600E-02  0.00000E+00
 4.97013E-02  0.00000E+00
 5.20485E-02  0.00000E+00
 5.45064E-02  0.00000E+00
 5.70805E-02  0.00000E+00
 5.97762E-02  0.00000E+00
 6.25991E-02  0.00000E+00
 6.55554E-02  0.00000E+00
 6.86512E-02  0.00000E+00
 7.18933E-02  0.00000E+00
 7.52885E-02  0.00000E+00
 7.88440E-02  0.00000E+00
 8.25674E-02  0.00000E+00
 8.64667E-02  0.00000E+00
 9.05501E-02  0.00000E+00
 9.48263E-02  0.00000E+00
 9.93045E-02  0.00000E+00
 1.03994E-01  0.00000E+00
 1.08905E-01  0.00000E+00
 1.14048E-01  0.00000E+00
 1.19434E-01  0.00000E+00
 1.25075E-01  0.00000E+00
 1.30981E-01  0.00000E+00
 1.37167E-01  0.00000E+00
 1.43645E-01  0.00000E+00
 1.50428E-01  0.00000E+00
 1.57532E-01  0.00000E+00
 1.64972E-01  0.00000E+00
 1.72763E-01  0.00000E+00
 1.80921E-01  0.00000E+00
 1.89465E-01  2.20827E-16
 1.98413E-01  6.11682E-16
 2.07783E-01  1.26682E-15
 2.17596E-01  5.71389E-16
 2.27872E-01  2.53741E-16
 2.38633E-01  6.29523E-17
 2.49902E-01  2.60462E-17
 2.61704E-01  1.28629E-17
 2.74063E-01  3.53294E-18
 2.87006E-01  8.77968E-19
 3.00560E-01  3.33209E-19
 3.14754E-01  1.18463E-19
 3.29618E-01  4.00120E-20
 3.45184E-01  1.64018E-20
 3.61486E-01  5.54443E-21
 3.78557E-01  1.95991E-21
 3.96434E-01  9.16983E-22
 4.15156E-01  5.14397E-22
 4.34762E-01  5.20713E-22
 4.55294E-01  2.88800E-22
 4.76795E-01  2.92974E-22
 4.99312E-01  3.36396E-22
 5.22892E-01  7.02495E-22
 5.47585E-01  1.64218E-21
 5.73445E-01  8.54321E-21
 6.00526E-01  9.80879E-20
 6.28886E-01  2.34242E-18
 6.58586E-01  1.53213E-16
 6.89687E-01  3.53109E-14
 7.22258E-01  3.69570E-11
 7.56367E-01  1.66163E-06
 7.92086E-01  1.87202E-05
 8.29493E-01  2.40876E-05
 8.68666E-01  2.62047E-05
 9.09689E-01  3.11726E-05
 9.52649E-01  3.21502E-05
 9.82753E-01  3.08674E-05
 9.82868E-01  2.92009E-05
 9.82982E-01  2.91895E-05
 9.83097E-01  2.91780E-05
 9.83212E-01  2.91666E-05
 9.83327E-01  2.91552E-05
 9.83442E-01  2.91437E-05
 9.83557E-01  2.91323E-05
 9.83671E-01  2.91208E-05
 9.83786E-01  2.91093E-05
 9.83901E-01  2.90979E-05
 9.84016E-01  2.90864E-05
 9.84131E-01  2.90749E-05
 9.84246E-01  2.90634E-05
 9.84362E-01  2.90520E-05
 9.84477E-01  2.90405E-05
 9.84592E-01  2.90290E-05
 9.84707E-01  2.90175E-05
 9.84822E-01  2.90060E-05
 9.84937E-01  2.89945E-05
 9.85053E-01  2.89830E-05
 9.85168E-01  2.89714E-05
 9.85283E-01  2.89599E-05
 9.85398E-01  2.89484E-05
 9.85514E-01  2.89369E-05
 9.85629E-01  2.89253E-05
 9.85745E-01  2.89138E-05
 9.85860E-01  2.89023E-05
 9.85975E-01  2.88907E-05
 9.86091E-01  2.88792E-05
 9.86206E-01  2.88676E-05
 9.86322E-01  2.88560E-05
 9.86438E-01  2.88445E-05
 9.86553E-01  2.88329E-05
 9.86669E-01  2.88213E-05
 9.86784E-01  2.88098E-05
 9.86900E-01  2.87982E-05
 9.87016E-01  2.87866E-05
 9.87132E-01  2.87750E-05
 9.87247E-01  2.87634E-05
 9.87363E-01  2.87518E-05
 9.87479E-01  2.87402E-05
 9.87595E-01  2.87286E-05
 9.87711E-01  2.87171E-05
 9.87826E-01  2.87053E-05
 9.87942E-01  2.86937E-05
 9.88058E-01  2.86821E-05
 9.88174E-01  2.86705E-05
 9.88290E-01  2.86588E-05
 9.88406E-01  2.86472E-05
 9.88522E-01  2.86355E-05
 9.88639E-01  2.86239E-05
 9.88755E-01  2.86122E-05
 9.88871E-01  2.86006E-05
 9.88987E-01  2.85889E-05
 9.89103E-01  2.85773E-05
 9.89219E-01  3.04953E-05
 9.89336E-01  2.85610E-05
 9.89452E-01  2.85422E-05
 9.89568E-01  2.85305E-05
 9.89684E-01  2.85308E-05
 9.89801E-01  2.85072E-05
 9.89917E-01  2.84955E-05
 9.90034E-01  2.86138E-05
 9.90150E-01  2.84720E-05
 9.90267E-01  2.84603E-05
 9.90383E-01  2.84486E-05
 9.90500E-01  2.84371E-05
 9.90616E-01  2.84252E-05
 9.90733E-01  2.84139E-05
 9.90849E-01  2.84017E-05
 9.90966E-01  2.83900E-05
 9.91083E-01  2.83782E-05
 9.91199E-01  2.83665E-05
 9.91316E-01  2.83547E-05
 9.91433E-01  2.83430E-05
 9.91549E-01  2.83312E-05
 9.91666E-01  2.83194E-05
 9.91783E-01  2.83076E-05
 9.91900E-01  2.82959E-05
 9.92017E-01  2.82841E-05
 9.92134E-01  2.84727E-05
 9.92251E-01  2.82605E-05
 9.92368E-01  2.83131E-05
 9.92485E-01  2.82390E-05
 9.92602E-01  2.82251E-05
 9.92719E-01  2.83088E-05
 9.92836E-01  2.83508E-05
 9.92953E-01  2.81897E-05
 9.93070E-01  2.81788E-05
 9.93187E-01  2.81660E-05
 9.93304E-01  2.81542E-05
 9.93421E-01  2.81424E-05
 9.93539E-01  2.81351E-05
 9.93656E-01  2.81187E-05
 9.93773E-01  2.81068E-05
 9.93891E-01  2.80950E-05
 9.94008E-01  2.80831E-05
 9.94125E-01  2.80713E-05
 9.94243E-01  2.80594E-05
 9.94360E-01  2.87813E-05
 9.94478E-01  2.80356E-05
 9.94595E-01  2.80238E-05
 9.94713E-01  2.80119E-05
 9.94830E-01  2.80000E-05
 9.94948E-01  2.79881E-05
 9.95065E-01  2.79762E-05
 9.95183E-01  2.79643E-05
 9.95301E-01  2.79524E-05
 9.95418E-01  2.79405E-05
 9.95536E-01  2.79285E-05
 9.95654E-01  2.82025E-05
 9.95771E-01  2.79047E-05
 9.95889E-01  2.78928E-05
 9.96007E-01  2.78808E-05
 9.96125E-01  2.78689E-05
 9.96243E-01  2.80778E-05
 9.96361E-01  2.83873E-05
 9.96479E-01  2.78330E-05
 9.96597E-01  2.94274E-05
 9.96715E-01  2.78091E-05
 9.96833E-01  2.77971E-05
 9.96951E-01  2.77852E-05
 9.97069E-01  2.77732E-05
 9.97187E-01  2.77612E-05
 9.97305E-01  2.77492E-05
 9.97423E-01  2.77372E-05
 9.97541E-01  2.77252E-05
 9.97638E-01  2.77154E-05
 9.97659E-01  2.77187E-05
 9.97778E-01  2.77365E-05
 9.97896E-01  2.77545E-05
 9.98014E-01  2.77721E-05
 9.98133E-01  2.77900E-05
 9.98251E-01  2.78078E-05
 9.98369E-01  2.78257E-05
 9.98488E-01  2.78435E-05
 9.98606E-01  2.95298E-05
 9.98725E-01  2.78792E-05
 9.98843E-01  2.78971E-05
 9.98962E-01  2.79150E-05
 9.99080E-01  2.83410E-05
 9.99199E-01  2.79508E-05
 9.99317E-01  2.81026E-05
 9.99436E-01  2.79866E-05
 9.99555E-01  3.04993E-05
 9.99673E-01  2.80224E-05
 9.99792E-01  2.80403E-05
 9.99911E-01  2.80582E-05
 1.00003E+00  2.80886E-05
 1.00015E+00  2.81089E-05
 1.00027E+00  2.81121E-05
 1.00039E+00  2.81300E-05
 1.00050E+00  2.81480E-05
 1.00062E+00  2.81659E-05
 1.00074E+00  2.81839E-05
 1.00086E+00  2.82089E-05
 1.00098E+00  2.82199E-05
 1.00110E+00  2.82378E-05
 1.00122E+00  2.82568E-05
 1.00134E+00  2.82738E-05
 1.00146E+00  2.82918E-05
 1.00158E+00  2.92284E-05
 1.00170E+00  2.83279E-05
 1.00181E+00  2.83460E-05
 1.00193E+00  2.83639E-05
 1.00205E+00  2.83819E-05
 1.00217E+00  3.01156E-05
 1.00229E+00  2.84180E-05
 1.00241E+00  2.84361E-05
 1.00253E+00  2.84559E-05
 1.00265E+00  2.84970E-05
 1.00277E+00  2.84903E-05
 1.00289E+00  2.85257E-05
 1.00301E+00  2.85264E-05
 1.00313E+00  3.08398E-05
 1.00325E+00  2.85626E-05
 1.00337E+00  2.99418E-05
 1.00349E+00  2.85988E-05
 1.00361E+00  2.92511E-05
 1.00373E+00  3.08150E-05
 1.00385E+00  2.86710E-05
 1.00397E+00  2.86950E-05
 1.00408E+00  2.86895E-05
 1.00420E+00  2.87076E-05
 1.00432E+00  2.87258E-05
 1.00444E+00  2.88488E-05
 1.00456E+00  2.87621E-05
 1.00468E+00  2.87802E-05
 1.00480E+00  2.88421E-05
 1.00492E+00  2.88166E-05
 1.00504E+00  2.88348E-05
 1.00516E+00  3.15643E-05
 1.00528E+00  2.88712E-05
 1.00540E+00  2.88894E-05
 1.00552E+00  2.89495E-05
 1.00564E+00  2.95289E-05
 1.00576E+00  2.89440E-05
 1.00588E+00  3.19297E-05
 1.00600E+00  2.89805E-05
 1.00612E+00  2.90275E-05
 1.00624E+00  2.90699E-05
 1.00637E+00  2.93110E-05
 1.00649E+00  2.90535E-05
 1.00661E+00  3.29488E-05
 1.00673E+00  3.16675E-05
 1.00685E+00  3.10585E-05
 1.00697E+00  2.91266E-05
 1.00709E+00  3.07923E-05
 1.00721E+00  3.37415E-05
 1.00733E+00  2.92105E-05
 1.00745E+00  2.92014E-05
 1.00757E+00  3.07368E-05
 1.00769E+00  2.97895E-05
 1.00781E+00  2.92617E-05
 1.00793E+00  3.12588E-05
 1.00805E+00  2.93485E-05
 1.00817E+00  3.19458E-05
 1.00829E+00  3.02348E-05
 1.00841E+00  2.97564E-05
 1.00854E+00  2.93649E-05
 1.00866E+00  3.04494E-05
 1.00878E+00  3.98965E-05
 1.00890E+00  3.65633E-05
 1.00902E+00  3.17298E-05
 1.00914E+00  3.42005E-05
 1.00926E+00  3.88566E-05
 1.00938E+00  3.17627E-05
 1.00950E+00  3.77882E-05
 1.00962E+00  5.10174E-05
 1.00974E+00  5.97296E-05
 1.00987E+00  5.65992E-05
 1.00999E+00  5.90781E-05
 1.01011E+00  8.67514E-05
 1.01023E+00  8.76667E-05
 1.01035E+00  1.19285E-04
 1.01047E+00  1.46400E-04
 1.01059E+00  1.84775E-04
 1.01071E+00  1.97687E-04
 1.01084E+00  3.13355E-04
 1.01096E+00  3.68135E-04
 1.01108E+00  4.65598E-04
 1.01120E+00  5.66308E-04
 1.01132E+00  7.43145E-04
 1.01144E+00  9.74027E-04
 1.01156E+00  1.17564E-03
 1.01169E+00  1.40407E-03
 1.01181E+00  1.59972E-03
 1.01193E+00  1.82400E-03
 1.01205E+00  2.01051E-03
 1.01217E+00  2.10229E-03
 1.01229E+00  2.05024E-03
 1.01242E+00  2.13573E-03
 1.01254E+00  1.89190E-03
 1.01266E+00  1.75683E-03
 1.01278E+00  1.60630E-03
 1.01290E+00  1.51544E-03
 1.01303E+00  1.25952E-03
 1.01315E+00  1.10626E-03
 1.01327E+00  1.04309E-03
 1.01339E+00  1.11523E-03
 1.01351E+00  1.08582E-03
 1.01364E+00  9.35909E-04
 1.01376E+00  9.22014E-04
 1.01388E+00  9.85689E-04
 1.01400E+00  8.65456E-04
 1.01412E+00  7.36382E-04
 1.01425E+00  7.30514E-04
 1.01437E+00  7.02032E-04
 1.01449E+00  7.43714E-04
 1.01461E+00  6.18825E-04
 1.01473E+00  5.35159E-04
 1.01486E+00  5.20509E-04
 1.01498E+00  5.69574E-04
 1.01510E+00  4.91212E-04
 1.01522E+00  6.04697E-04
 1.01535E+00  5.30409E-04
 1.01547E+00  4.73446E-04
 1.01559E+00  4.68755E-04
 1.01571E+00  4.41203E-04
 1.01584E+00  4.59077E-04
 1.01596E+00  4.64892E-04
 1.01608E+00  4.62996E-04
 1.01620E+00  4.76659E-04
 1.01633E+00  4.04549E-04
 1.01645E+00  4.75730E-04
 1.01657E+00  4.93743E-04
 1.01670E+00  4.41774E-04
 1.01682E+00  4.56521E-04
 1.01694E+00  4.54936E-04
 1.01706E+00  4.29686E-04
 1.01719E+00  4.93932E-04
 1.01731E+00  3.51961E-04
 1.01743E+00  4.48755E-04
 1.01756E+00  5.04270E-04
 1.01768E+00  4.30180E-04
 1.01780E+00  4.04520E-04
 1.01792E+00  3.98644E-04
 1.01805E+00  3.65002E-04
 1.01817E+00  3.77584E-04
 1.01829E+00  4.00622E-04
 1.01842E+00  4.26202E-04
 1.01854E+00  4.27726E-04
 1.01866E+00  3.83613E-04
 1.01879E+00  3.72028E-04
 1.01891E+00  3.96205E-04
 1.01903E+00  4.00483E-04
 1.01916E+00  4.29299E-04
 1.01928E+00  3.58798E-04
 1.01940E+00  3.53538E-04
 1.01953E+00  3.80668E-04
 1.01965E+00  3.21726E-04
 1.01977E+00  3.98797E-04
 1.01990E+00  3.46764E-04
 1.02002E+00  3.05002E-04
 1.02014E+00  3.78229E-04
 1.02027E+00  3.42502E-04
 1.02039E+00  3.71026E-04
 1.02052E+00  3.46165E-04
 1.02064E+00  3.46442E-04
 1.02076E+00  3.18190E-04
 1.02089E+00  3.10229E-04
 1.02101E+00  3.37648E-04
 1.02113E+00  3.28277E-04
 1.02126E+00  4.01674E-04
 1.02138E+00  2.66176E-04
 1.02151E+00  3.04602E-04
 1.02163E+00  2.96986E-04
 1.02175E+00  2.87813E-04
 1.02188E+00  3.38394E-04
 1.02200E+00  2.62214E-04
 1.02213E+00  2.37608E-04
 1.02225E+00  2.59924E-04
 1.02237E+00  2.32324E-04
 1.02250E+00  2.51427E-04
 1.02262E+00  2.49310E-04
 1.02275E+00  2.46561E-04
 1.02287E+00  2.82796E-04
 1.02300E+00  2.71252E-04
 1.02312E+00  3.00260E-04
 1.02324E+00  2.34362E-04
 1.02337E+00  2.34605E-04
 1.02349E+00  2.49255E-04
 1.02362E+00  1.97756E-04
 1.02374E+00  2.22970E-04
 1.02387E+00  2.10146E-04
 1.02399E+00  2.02379E-04
 1.02412E+00  2.12991E-04
 1.02424E+00  1.92560E-04
 1.02437E+00  1.87582E-04
 1.02449E+00  1.77805E-04
 1.02461E+00  2.05603E-04
 1.02474E+00  1.87846E-04
 1.02486E+00  1.82034E-04
 1.02499E+00  2.02126E-04
 1.02511E+00  1.92767E-04
 1.02524E+00  1.63970E-04
 1.02536E+00  1.81598E-04
 1.02549E+00  1.46282E-04
 1.02561E+00  1.33634E-04
 1.02574E+00  1.63933E-04
 1.02586E+00  1.49862E-04
 1.02599E+00  1.40697E-04
 1.02611E+00  1.65333E-04
 1.02624E+00  1.27856E-04
 1.02636E+00  1.32068E-04
 1.02649E+00  1.32229E-04
 1.02661E+00  1.17434E-04
 1.02674E+00  1.19903E-04
 1.02686E+00  1.26981E-04
 1.02699E+00  1.07344E-04
 1.02711E+00  1.11352E-04
 1.02724E+00  1.15427E-04
 1.02737E+00  1.17743E-04
 1.02749E+00  8.74354E-05
 1.02762E+00  9.25937E-05
 1.02774E+00  1.05426E-04
 1.02787E+00  8.52092E-05
 1.02799E+00  1.04153E-04
 1.02812E+00  8.78722E-05
 1.02824E+00  9.39733E-05
 1.02837E+00  8.79927E-05
 1.02849E+00  9.39062E-05
 1.02862E+00  9.36498E-05
 1.02875E+00  6.81009E-05
 1.02887E+00  8.64771E-05
 1.02900E+00  6.96141E-05
 1.02912E+00  6.91709E-05
 1.02925E+00  6.62928E-05
 1.02938E+00  5.71822E-05
 1.02950E+00  6.81764E-05
 1.02963E+00  6.41983E-05
 1.02975E+00  6.25465E-05
 1.02988E+00  6.81121E-05
 1.03000E+00  6.02409E-05
 1.03013E+00  6.10834E-05
 1.03026E+00  6.95993E-05
 1.03038E+00  6.19150E-05
 1.03051E+00  5.42552E-05
 1.03064E+00  5.70995E-05
 1.03076E+00  5.89047E-05
 1.03089E+00  5.29977E-05
 1.03101E+00  5.31161E-05
 1.03114E+00  5.52853E-05
 1.03127E+00  5.11912E-05
 1.03139E+00  4.69742E-05
 1.03152E+00  4.72684E-05
 1.03165E+00  5.01105E-05
 1.03177E+00  5.29243E-05
 1.03190E+00  5.07455E-05
 1.03202E+00  5.22703E-05
 1.03215E+00  4.93868E-05
 1.03228E+00  4.41511E-05
 1.03240E+00  4.17972E-05
 1.03253E+00  4.33623E-05
 1.03266E+00  4.56008E-05
 1.03278E+00  4.32645E-05
 1.03291E+00  4.58089E-05
 1.03304E+00  4.19226E-05
 1.03316E+00  4.11461E-05
 1.03329E+00  4.13507E-05
 1.03342E+00  4.17833E-05
 1.03355E+00  3.98743E-05
 1.03367E+00  4.43976E-05
 1.03380E+00  4.06207E-05
 1.03393E+00  4.19757E-05
 1.03405E+00  4.02882E-05
 1.03418E+00  3.91436E-05
 1.03431E+00  3.85145E-05
 1.03443E+00  3.58883E-05
 1.03456E+00  3.91105E-05
 1.03469E+00  3.89074E-05
 1.03482E+00  4.26195E-05
 1.03494E+00  3.67323E-05
 1.03507E+00  3.65016E-05
 1.03520E+00  3.76772E-05
 1.03532E+00  3.68186E-05
 1.03545E+00  3.65692E-05
 1.03558E+00  3.70210E-05
 1.03571E+00  3.69449E-05
 1.03583E+00  3.53669E-05
 1.03596E+00  3.63367E-05
 1.03609E+00  3.63058E-05
 1.03622E+00  3.62910E-05
 1.03634E+00  3.59372E-05
 1.03647E+00  3.55413E-05
 1.03660E+00  3.55527E-05
 1.03673E+00  3.45844E-05
 1.03685E+00  3.52402E-05
 1.03698E+00  3.48692E-05
 1.03711E+00  3.60361E-05
 1.03724E+00  3.52767E-05
 1.03737E+00  3.57487E-05
 1.03749E+00  3.49319E-05
 1.03762E+00  3.57721E-05
 1.03775E+00  3.49844E-05
 1.03788E+00  3.45408E-05
 1.03801E+00  3.52664E-05
 1.03813E+00  3.51256E-05
 1.03826E+00  3.53663E-05
 1.03839E+00  3.50275E-05
 1.03852E+00  3.55033E-05
 1.03865E+00  3.52464E-05
 1.03877E+00  3.46420E-05
 1.03890E+00  3.44178E-05
 1.03903E+00  3.45179E-05
 1.03916E+00  3.51187E-05
 1.03929E+00  3.47404E-05
 1.03942E+00  3.51306E-05
 1.03954E+00  3.47181E-05
 1.03967E+00  3.43630E-05
 1.03980E+00  3.43808E-05
 1.03993E+00  3.50977E-05
 1.04006E+00  3.44188E-05
 1.04019E+00  3.45664E-05
 1.04031E+00  3.46687E-05
 1.04044E+00  3.46154E-05
 1.04057E+00  3.45895E-05
 1.04070E+00  3.47245E-05
 1.04083E+00  3.46981E-05
 1.04096E+00  3.45114E-05
 1.04109E+00  3.52110E-05
 1.04121E+00  3.44176E-05
 1.04134E+00  3.45449E-05
 1.04147E+00  3.50510E-05
 1.04160E+00  3.50561E-05
 1.04173E+00  3.48030E-05
 1.04186E+00  3.45333E-05
 1.04199E+00  3.49363E-05
 1.04212E+00  3.45592E-05
 1.04225E+00  3.45886E-05
 1.04238E+00  3.46418E-05
 1.04250E+00  3.46877E-05
 1.04263E+00  3.46890E-05
 1.04276E+00  3.46690E-05
 1.04289E+00  3.49825E-05
 1.04302E+00  3.48012E-05
 1.04315E+00  3.48871E-05
 1.04328E+00  3.48247E-05
 1.04341E+00  3.48190E-05
 1.04354E+00  3.58015E-05
 1.04475E+00  3.49498E-05
 1.09409E+00  3.94267E-05
 1.14576E+00  4.24220E-05
 1.19987E+00  4.48093E-05
 1.25653E+00  4.66108E-05
 1.31587E+00  4.78582E-05
 1.37801E+00  4.79713E-05
 1.44309E+00  4.50192E-05
 1.51124E+00  4.23537E-05
 1.58261E+00  3.73221E-05
 1.65735E+00  3.39647E-05
 1.73562E+00  3.05545E-05
 1.81758E+00  2.88084E-05
 1.90342E+00  2.69500E-05
 1.99331E+00  2.65608E-05
 2.08744E+00  2.75109E-05
 2.18602E+00  2.91975E-05
 2.28926E+00  2.97740E-05
 2.39737E+00  3.13784E-05
 2.51058E+00  3.28117E-05
 2.62915E+00  3.37232E-05
 2.75331E+00  3.42995E-05
 2.88333E+00  3.61051E-05
 3.01950E+00  3.72734E-05
 3.16210E+00  5.31483E-05
 3.31143E+00  6.63200E-05
 3.46781E+00  6.83409E-05
 3.63158E+00  6.88380E-05
 3.80308E+00  7.38530E-05
 3.98268E+00  7.30467E-05
 4.17076E+00  7.50951E-05
 4.36773E+00  7.50178E-05
 4.57399E+00  7.61614E-05
 4.79000E+00  7.60851E-05
 5.01621E+00  7.63583E-05
 5.25310E+00  7.61911E-05
 5.50118E+00  7.65092E-05
 5.76097E+00  7.72914E-05
 6.03304E+00  7.72152E-05
 6.31795E+00  7.64968E-05
 6.61632E+00  7.75943E-05
 6.92877E+00  7.68218E-05
 7.25599E+00  8.02575E-05
 7.59865E+00  8.17141E-05
 7.95750E+00  8.22102E-05
 8.33329E+00  8.24200E-05
 8.72683E+00  8.38122E-05
 9.13896E+00  8.25216E-05
 9.57055E+00  8.10439E-05
 1.00225E+01  7.95782E-05
 1.04958E+01  8.09419E-05
 1.09915E+01  8.02751E-05
 1.15106E+01  7.80757E-05
 1.20542E+01  7.96915E-05
 1.26234E+01  8.07595E-05
 1.32196E+01  7.93940E-05
 1.38439E+01  7.97726E-05
 1.44976E+01  7.56599E-05
 1.51823E+01  7.30524E-05
 1.58993E+01  6.88938E-05
 1.66501E+01  6.91297E-05
 1.74364E+01  6.51085E-05
 1.82599E+01  6.13900E-05
 1.91222E+01  5.69776E-05
 2.00253E+01  5.16627E-05
 2.09710E+01  5.13794E-05
 2.19613E+01  5.02255E-05
 2.29984E+01  4.88698E-05
 2.40845E+01  4.63675E-05
 2.52219E+01  4.35652E-05
 2.64131E+01  4.04093E-05
 2.76604E+01  3.95322E-05
 2.89667E+01  3.49767E-05
 3.03346E+01  3.16493E-05
 3.17672E+01  3.11462E-05
 3.32674E+01  3.03181E-05
 3.48385E+01  2.86776E-05
 3.64837E+01  2.51124E-05
 3.82067E+01  2.33590E-05
 4.00110E+01  2.23846E-05
 4.19005E+01  2.11207E-05
 4.38793E+01  1.89824E-05
 4.59515E+01  1.63567E-05
 4.81216E+01  1.70961E-05
 5.03941E+01  1.87925E-05
 5.27740E+01  1.70334E-05
 5.52662E+01  1.55885E-05
 5.78762E+01  1.31356E-05
 6.06094E+01  1.07889E-05
 6.34717E+01  1.33049E-05
 6.64692E+01  1.15901E-05
 6.96082E+01  1.13211E-05
 7.28954E+01  9.19508E-06
 7.63379E+01  8.89283E-06
 7.99430E+01  7.55060E-06
 8.37183E+01  7.53367E-06
 8.76720E+01  7.53006E-06
 9.18123E+01  1.21545E-05
 9.61481E+01  1.26513E-05
 1.00689E+02  2.28644E-05
 1.05444E+02  3.55421E-05
 1.10423E+02  6.00677E-05
 1.15638E+02  9.93402E-05
 1.21099E+02  1.65704E-04
 1.26818E+02  2.80985E-04
 1.32807E+02  4.75691E-04
 1.39079E+02  8.00945E-04
 1.45647E+02  1.24893E-03
 1.52525E+02  1.99494E-03
 1.59728E+02  3.03110E-03
 1.67271E+02  4.58074E-03
 1.75171E+02  6.79427E-03
 1.83443E+02  9.70474E-03
 1.92107E+02  1.36361E-02
 2.01179E+02  1.90359E-02
 2.10679E+02  2.60845E-02
 2.20629E+02  3.48460E-02
 2.31048E+02  4.56001E-02
 2.41959E+02  5.87146E-02
 2.53386E+02  7.48288E-02
 2.65352E+02  9.26618E-02
 2.77883E+02  1.12997E-01
 2.91007E+02  1.34655E-01
 3.04749E+02  1.57921E-01
 3.19141E+02  1.81828E-01
 3.34213E+02  2.05602E-01
 3.49996E+02  2.28598E-01
 3.66525E+02  2.50020E-01
 3.83834E+02  2.69468E-01
 4.01960E+02  2.86988E-01
 4.20943E+02  3.00524E-01
 4.40822E+02  3.10941E-01
 4.61640E+02  3.17556E-01
 4.83441E+02  3.21767E-01
 5.06272E+02  3.21100E-01
 5.30181E+02  3.18547E-01
 5.55218E+02  3.12444E-01
 5.81439E+02  3.03450E-01
 6.08897E+02  2.92645E-01
 6.37653E+02  2.79743E-01
 6.67766E+02  2.64692E-01
 6.99301E+02  2.50332E-01
 7.32326E+02  2.32945E-01
 7.66910E+02  2.15940E-01
 8.03128E+02  1.99088E-01
 8.41055E+02  1.82983E-01
 8.80774E+02  1.66515E-01
 9.22369E+02  1.51617E-01
 9.65928E+02  1.36839E-01
 1.01154E+03  1.23548E-01
 1.05931E+03  1.10736E-01
 1.10934E+03  9.86692E-02
 1.16173E+03  8.74947E-02
 1.21659E+03  7.68976E-02
 1.27405E+03  6.73856E-02
 1.33421E+03  6.02086E-02
 1.39722E+03  5.20339E-02
 1.46321E+03  4.52205E-02
 1.53231E+03  3.97941E-02
 1.60467E+03  3.44330E-02
 1.68045E+03  2.94597E-02
 1.75981E+03  2.59082E-02
 1.84292E+03  2.17272E-02
 1.92995E+03  1.86667E-02
 2.02109E+03  1.53081E-02
 2.11654E+03  1.35220E-02
 2.21649E+03  1.14136E-02
 2.32117E+03  9.49790E-03
 2.43078E+03  8.41732E-03
 2.54558E+03  7.12407E-03
 2.66579E+03  5.69613E-03
 2.79169E+03  4.90869E-03
 2.92352E+03  4.18316E-03
 3.06159E+03  3.35428E-03
 3.20617E+03  3.08263E-03
 3.35759E+03  2.07075E-03
 3.51615E+03  1.94215E-03
 3.68220E+03  1.83131E-03
 3.85609E+03  1.42318E-03
 4.03820E+03  1.13220E-03
 4.22890E+03  1.00827E-03
 4.42861E+03  6.89946E-04
 4.63775E+03  7.62647E-04
 4.85677E+03  6.47920E-04
 5.08613E+03  5.21004E-04
 5.32633E+03  3.04977E-04
 5.57786E+03  4.15923E-04
 5.84128E+03  2.42591E-04
 6.11714E+03  9.58443E-05
 6.40602E+03  2.44442E-04
 6.70854E+03  1.75085E-04
 7.02536E+03  7.30469E-05
 7.35713E+03  8.95822E-05
 7.70457E+03  8.04416E-05
 8.06842E+03  6.97949E-05
