 8.52779E-05  0.00000E+00
 8.93052E-05  0.00000E+00
 9.35227E-05  0.00000E+00
 9.79393E-05  0.00000E+00
 1.02564E-04  0.00000E+00
 1.07408E-04  0.00000E+00
 1.12480E-04  0.00000E+00
 1.17792E-04  0.00000E+00
 1.23355E-04  0.00000E+00
 1.29181E-04  0.00000E+00
 1.35281E-04  0.00000E+00
 1.41670E-04  0.00000E+00
 1.48360E-04  0.00000E+00
 1.55367E-04  0.00000E+00
 1.62704E-04  0.00000E+00
 1.70388E-04  0.00000E+00
 1.78434E-04  0.00000E+00
 1.86861E-04  0.00000E+00
 1.95685E-04  0.00000E+00
 2.04927E-04  0.00000E+00
 2.14604E-04  0.00000E+00
 2.24739E-04  0.00000E+00
 2.35352E-04  0.00000E+00
 2.46467E-04  0.00000E+00
 2.58106E-04  0.00000E+00
 2.70295E-04  0.00000E+00
 2.83060E-04  0.00000E+00
 2.96428E-04  0.00000E+00
 3.10427E-04  0.00000E+00
 3.25087E-04  0.00000E+00
 3.40439E-04  0.00000E+00
 3.56516E-04  0.00000E+00
 3.73353E-04  0.00000E+00
 3.90984E-04  0.00000E+00
 4.09449E-04  0.00000E+00
 4.28785E-04  0.00000E+00
 4.49034E-04  0.00000E+00
 4.70240E-04  0.00000E+00
 4.92447E-04  0.00000E+00
 5.15703E-04  0.00000E+00
 5.40057E-04  0.00000E+00
 5.65562E-04  0.00000E+00
 5.92270E-04  0.00000E+00
 6.20240E-04  0.00000E+00
 6.49531E-04  0.00000E+00
 6.80206E-04  0.00000E+00
 7.12329E-04  0.00000E+00
 7.45968E-04  0.00000E+00
 7.81197E-04  0.00000E+00
 8.18089E-04  0.00000E+00
 8.56723E-04  0.00000E+00
 8.97182E-04  0.00000E+00
 9.39552E-04  0.00000E+00
 9.83923E-04  0.00000E+00
 1.03039E-03  0.00000E+00
 1.07905E-03  0.00000E+00
 1.13001E-03  0.00000E+00
 1.18337E-03  0.00000E+00
 1.23926E-03  0.00000E+00
 1.29778E-03  0.00000E+00
 1.35907E-03  0.00000E+00
 1.42325E-03  0.00000E+00
 1.49046E-03  0.00000E+00
 1.56085E-03  0.00000E+00
 1.63456E-03  0.00000E+00
 1.71176E-03  0.00000E+00
 1.79259E-03  0.00000E+00
 1.87725E-03  0.00000E+00
 1.96590E-03  0.00000E+00
 2.05874E-03  0.00000E+00
 2.15597E-03  0.00000E+00
 2.25778E-03  0.00000E+00
 2.36441E-03  0.00000E+00
 2.47607E-03  0.00000E+00
 2.59300E-03  0.00000E+00
 2.71546E-03  0.00000E+00
 2.84369E-03  0.00000E+00
 2.97799E-03  0.00000E+00
 3.11862E-03  0.00000E+00
 3.26590E-03  0.00000E+00
 3.42013E-03  0.00000E+00
 3.58165E-03  0.00000E+00
 3.75079E-03  0.00000E+00
 3.92793E-03  0.00000E+00
 4.11342E-03  0.00000E+00
 4.30768E-03  0.00000E+00
 4.51111E-03  0.00000E+00
 4.72415E-03  0.00000E+00
 4.94725E-03  0.00000E+00
 5.18088E-03  0.00000E+00
 5.42555E-03  0.00000E+00
 5.68177E-03  0.00000E+00
 5.95010E-03  0.00000E+00
 6.23109E-03  0.00000E+00
 6.52536E-03  0.00000E+00
 6.83352E-03  0.00000E+00
 7.15623E-03  0.00000E+00
 7.49419E-03  0.00000E+00
 7.84810E-03  0.00000E+00
 8.21873E-03  0.00000E+00
 8.60686E-03  0.00000E+00
 9.01332E-03  0.00000E+00
 9.43898E-03  0.00000E+00
 9.88473E-03  0.00000E+00
 1.03515E-02  0.00000E+00
 1.08404E-02  0.00000E+00
 1.13523E-02  0.00000E+00
 1.18885E-02  0.00000E+00
 1.24499E-02  0.00000E+00
 1.30378E-02  0.00000E+00
 1.36535E-02  0.00000E+00
 1.42983E-02  0.00000E+00
 1.49736E-02  0.00000E+00
 1.56807E-02  0.00000E+00
 1.64212E-02  0.00000E+00
 1.71967E-02  0.00000E+00
 1.80088E-02  0.00000E+00
 1.88593E-02  0.00000E+00
 1.97500E-02  0.00000E+00
 2.06827E-02  0.00000E+00
 2.16594E-02  0.00000E+00
 2.26823E-02  0.00000E+00
 2.37534E-02  0.00000E+00
 2.48752E-02  0.00000E+00
 2.60499E-02  0.00000E+00
 2.72801E-02  0.00000E+00
 2.85685E-02  0.00000E+00
 2.99176E-02  0.00000E+00
 3.13305E-02  0.00000E+00
 3.28101E-02  0.00000E+00
 3.43595E-02  0.00000E+00
 3.59822E-02  0.00000E+00
 3.76814E-02  0.00000E+00
 3.94609E-02  0.00000E+00
 4.13245E-02  0.00000E+00
 4.32760E-02  0.00000E+00
 4.53198E-02  0.00000E+00
 4.74600E-02  0.00000E+00
 4.97013E-02  0.00000E+00
 5.20485E-02  0.00000E+00
 5.45064E-02  0.00000E+00
 5.70805E-02  0.00000E+00
 5.97762E-02  0.00000E+00
 6.25991E-02  0.00000E+00
 6.55554E-02  0.00000E+00
 6.86512E-02  0.00000E+00
 7.18933E-02  0.00000E+00
 7.52885E-02  0.00000E+00
 7.88440E-02  0.00000E+00
 8.25674E-02  0.00000E+00
 8.64667E-02  0.00000E+00
 9.05501E-02  0.00000E+00
 9.48263E-02  0.00000E+00
 9.93045E-02  0.00000E+00
 1.03994E-01  0.00000E+00
 1.08905E-01  0.00000E+00
 1.14048E-01  0.00000E+00
 1.19434E-01  0.00000E+00
 1.25075E-01  0.00000E+00
 1.30981E-01  0.00000E+00
 1.37167E-01  0.00000E+00
 1.43645E-01  0.00000E+00
 1.50428E-01  0.00000E+00
 1.57532E-01  0.00000E+00
 1.64972E-01  0.00000E+00
 1.72763E-01  0.00000E+00
 1.80921E-01  0.00000E+00
 1.89465E-01  5.53065E-16
 1.98413E-01  1.23778E-15
 2.07783E-01  3.04860E-15
 2.17596E-01  1.04577E-15
 2.27872E-01  4.54363E-16
 2.38633E-01  1.11633E-16
 2.49902E-01  5.99994E-17
 2.61704E-01  2.30884E-17
 2.74063E-01  7.16055E-18
 2.87006E-01  1.89731E-18
 3.00560E-01  6.19866E-19
 3.14754E-01  1.99406E-19
 3.29618E-01  6.77926E-20
 3.45184E-01  2.83188E-20
 3.61486E-01  8.56411E-21
 3.78557E-01  3.18723E-21
 3.96434E-01  1.46509E-21
 4.15156E-01  8.23454E-22
 4.34762E-01  7.40988E-22
 4.55294E-01  4.32875E-22
 4.76795E-01  3.84582E-22
 4.99312E-01  4.28623E-22
 5.22892E-01  9.48973E-22
 5.47585E-01  2.09905E-21
 5.73445E-01  1.14178E-20
 6.00526E-01  1.11274E-19
 6.28886E-01  2.44596E-18
 6.58586E-01  1.66973E-16
 6.89687E-01  3.82180E-14
 7.22258E-01  3.67495E-11
 7.56367E-01  4.28017E-06
 7.92086E-01  4.75671E-05
 8.29493E-01  5.91047E-05
 8.68666E-01  6.25206E-05
 9.09689E-01  7.36204E-05
 9.52649E-01  7.99268E-05
 9.82753E-01  7.31545E-05
 9.82868E-01  7.30565E-05
 9.82982E-01  7.30298E-05
 9.83097E-01  7.30032E-05
 9.83212E-01  7.29765E-05
 9.83327E-01  7.29498E-05
 9.83442E-01  7.29232E-05
 9.83557E-01  7.28965E-05
 9.83671E-01  7.28698E-05
 9.83786E-01  7.28431E-05
 9.83901E-01  7.28163E-05
 9.84016E-01  7.27896E-05
 9.84131E-01  7.27629E-05
 9.84246E-01  7.27361E-05
 9.84362E-01  7.27093E-05
 9.84477E-01  7.26826E-05
 9.84592E-01  7.26558E-05
 9.84707E-01  7.26290E-05
 9.84822E-01  7.26022E-05
 9.84937E-01  7.25754E-05
 9.85053E-01  7.25486E-05
 9.85168E-01  7.25217E-05
 9.85283E-01  7.24949E-05
 9.85398E-01  7.24680E-05
 9.85514E-01  7.24411E-05
 9.85629E-01  7.24143E-05
 9.85745E-01  7.23874E-05
 9.85860E-01  7.23605E-05
 9.85975E-01  7.23337E-05
 9.86091E-01  7.23067E-05
 9.86206E-01  7.22797E-05
 9.86322E-01  7.22528E-05
 9.86438E-01  7.22258E-05
 9.86553E-01  7.21989E-05
 9.86669E-01  7.21719E-05
 9.86784E-01  7.21449E-05
 9.86900E-01  7.21546E-05
 9.87016E-01  7.20909E-05
 9.87132E-01  7.23585E-05
 9.87247E-01  7.20369E-05
 9.87363E-01  7.20098E-05
 9.87479E-01  7.19828E-05
 9.87595E-01  7.19557E-05
 9.87711E-01  7.29631E-05
 9.87826E-01  7.19016E-05
 9.87942E-01  7.18745E-05
 9.88058E-01  7.18474E-05
 9.88174E-01  7.18203E-05
 9.88290E-01  7.17932E-05
 9.88406E-01  7.17661E-05
 9.88522E-01  7.17389E-05
 9.88639E-01  7.17118E-05
 9.88755E-01  7.16846E-05
 9.88871E-01  7.16576E-05
 9.88987E-01  7.16303E-05
 9.89103E-01  7.16031E-05
 9.89219E-01  7.15759E-05
 9.89336E-01  7.15486E-05
 9.89452E-01  7.15214E-05
 9.89568E-01  7.14942E-05
 9.89684E-01  7.14670E-05
 9.89801E-01  7.14397E-05
 9.89917E-01  7.14124E-05
 9.90034E-01  7.14122E-05
 9.90150E-01  7.13579E-05
 9.90267E-01  7.13306E-05
 9.90383E-01  7.13032E-05
 9.90500E-01  7.12759E-05
 9.90616E-01  7.12486E-05
 9.90733E-01  7.12213E-05
 9.90849E-01  7.11939E-05
 9.90966E-01  7.11665E-05
 9.91083E-01  7.11392E-05
 9.91199E-01  7.11118E-05
 9.91316E-01  7.10844E-05
 9.91433E-01  7.10570E-05
 9.91549E-01  7.10296E-05
 9.91666E-01  7.10021E-05
 9.91783E-01  7.09747E-05
 9.91900E-01  7.09473E-05
 9.92017E-01  7.09355E-05
 9.92134E-01  7.08923E-05
 9.92251E-01  7.08648E-05
 9.92368E-01  7.08374E-05
 9.92485E-01  7.08099E-05
 9.92602E-01  7.07823E-05
 9.92719E-01  7.07548E-05
 9.92836E-01  7.07273E-05
 9.92953E-01  7.06997E-05
 9.93070E-01  7.06722E-05
 9.93187E-01  7.06446E-05
 9.93304E-01  7.06170E-05
 9.93421E-01  7.05895E-05
 9.93539E-01  7.05619E-05
 9.93656E-01  7.05342E-05
 9.93773E-01  7.05066E-05
 9.93891E-01  7.04790E-05
 9.94008E-01  7.04514E-05
 9.94125E-01  7.04237E-05
 9.94243E-01  7.03960E-05
 9.94360E-01  7.03684E-05
 9.94478E-01  7.03407E-05
 9.94595E-01  7.03130E-05
 9.94713E-01  7.02853E-05
 9.94830E-01  7.02576E-05
 9.94948E-01  7.02298E-05
 9.95065E-01  7.02021E-05
 9.95183E-01  7.01744E-05
 9.95301E-01  7.01466E-05
 9.95418E-01  7.01188E-05
 9.95536E-01  7.00910E-05
 9.95654E-01  7.00633E-05
 9.95771E-01  7.00354E-05
 9.95889E-01  7.00076E-05
 9.96007E-01  6.99798E-05
 9.96125E-01  6.99520E-05
 9.96243E-01  6.99241E-05
 9.96361E-01  6.98963E-05
 9.96479E-01  6.98684E-05
 9.96597E-01  6.98405E-05
 9.96715E-01  6.98126E-05
 9.96833E-01  6.97847E-05
 9.96951E-01  6.97655E-05
 9.97069E-01  6.97289E-05
 9.97187E-01  6.97010E-05
 9.97305E-01  6.96730E-05
 9.97423E-01  6.97342E-05
 9.97541E-01  6.97908E-05
 9.97638E-01  6.96260E-05
 9.97659E-01  6.95996E-05
 9.97778E-01  7.55466E-05
 9.97896E-01  6.96587E-05
 9.98014E-01  6.96883E-05
 9.98133E-01  6.97178E-05
 9.98251E-01  6.99600E-05
 9.98369E-01  6.98272E-05
 9.98488E-01  6.98066E-05
 9.98606E-01  6.98362E-05
 9.98725E-01  6.98658E-05
 9.98843E-01  6.98954E-05
 9.98962E-01  6.99250E-05
 9.99080E-01  7.01589E-05
 9.99199E-01  6.99862E-05
 9.99317E-01  7.00139E-05
 9.99436E-01  7.00436E-05
 9.99555E-01  7.00733E-05
 9.99673E-01  7.01030E-05
 9.99792E-01  7.01327E-05
 9.99911E-01  7.01624E-05
 1.00003E+00  7.01921E-05
 1.00015E+00  7.02218E-05
 1.00027E+00  7.02515E-05
 1.00039E+00  7.20724E-05
 1.00050E+00  7.03111E-05
 1.00062E+00  7.03408E-05
 1.00074E+00  7.03706E-05
 1.00086E+00  7.04003E-05
 1.00098E+00  7.04301E-05
 1.00110E+00  7.04610E-05
 1.00122E+00  7.04897E-05
 1.00134E+00  7.05196E-05
 1.00146E+00  7.37754E-05
 1.00158E+00  7.07641E-05
 1.00170E+00  7.06091E-05
 1.00181E+00  7.06397E-05
 1.00193E+00  7.06688E-05
 1.00205E+00  7.06987E-05
 1.00217E+00  7.07561E-05
 1.00229E+00  7.07586E-05
 1.00241E+00  7.07996E-05
 1.00253E+00  7.08753E-05
 1.00265E+00  7.60330E-05
 1.00277E+00  7.53690E-05
 1.00289E+00  7.09081E-05
 1.00301E+00  7.09382E-05
 1.00313E+00  7.09910E-05
 1.00325E+00  7.10961E-05
 1.00337E+00  7.10282E-05
 1.00349E+00  7.12258E-05
 1.00361E+00  7.11480E-05
 1.00373E+00  7.38573E-05
 1.00385E+00  7.11724E-05
 1.00397E+00  7.12682E-05
 1.00408E+00  7.12178E-05
 1.00420E+00  7.13461E-05
 1.00432E+00  7.12738E-05
 1.00444E+00  7.41085E-05
 1.00456E+00  7.42908E-05
 1.00468E+00  7.13775E-05
 1.00480E+00  7.18330E-05
 1.00492E+00  7.40835E-05
 1.00504E+00  7.32625E-05
 1.00516E+00  7.14892E-05
 1.00528E+00  7.57014E-05
 1.00540E+00  7.17393E-05
 1.00552E+00  7.16996E-05
 1.00564E+00  7.19015E-05
 1.00576E+00  7.28964E-05
 1.00588E+00  7.73582E-05
 1.00600E+00  7.82184E-05
 1.00612E+00  7.53425E-05
 1.00624E+00  7.47380E-05
 1.00637E+00  7.68774E-05
 1.00649E+00  7.31164E-05
 1.00661E+00  8.53539E-05
 1.00673E+00  7.72320E-05
 1.00685E+00  9.63402E-05
 1.00697E+00  8.23741E-05
 1.00709E+00  9.16722E-05
 1.00721E+00  7.86400E-05
 1.00733E+00  9.47336E-05
 1.00745E+00  1.01363E-04
 1.00757E+00  1.19955E-04
 1.00769E+00  1.14680E-04
 1.00781E+00  9.83810E-05
 1.00793E+00  1.48856E-04
 1.00805E+00  1.14246E-04
 1.00817E+00  1.22546E-04
 1.00829E+00  1.37118E-04
 1.00841E+00  1.46579E-04
 1.00854E+00  1.52164E-04
 1.00866E+00  1.85231E-04
 1.00878E+00  1.75378E-04
 1.00890E+00  2.12189E-04
 1.00902E+00  2.22305E-04
 1.00914E+00  2.91539E-04
 1.00926E+00  3.38729E-04
 1.00938E+00  2.84848E-04
 1.00950E+00  3.70486E-04
 1.00962E+00  4.47789E-04
 1.00974E+00  5.55157E-04
 1.00987E+00  5.64124E-04
 1.00999E+00  6.64142E-04
 1.01011E+00  8.91864E-04
 1.01023E+00  9.60386E-04
 1.01035E+00  1.18098E-03
 1.01047E+00  1.48829E-03
 1.01059E+00  1.67947E-03
 1.01071E+00  1.94993E-03
 1.01084E+00  2.01803E-03
 1.01096E+00  2.47101E-03
 1.01108E+00  2.87498E-03
 1.01120E+00  2.97283E-03
 1.01132E+00  3.32533E-03
 1.01144E+00  3.39766E-03
 1.01156E+00  3.54389E-03
 1.01169E+00  3.75928E-03
 1.01181E+00  3.50389E-03
 1.01193E+00  3.47132E-03
 1.01205E+00  3.17898E-03
 1.01217E+00  2.75448E-03
 1.01229E+00  2.68248E-03
 1.01242E+00  2.66338E-03
 1.01254E+00  2.49041E-03
 1.01266E+00  2.45280E-03
 1.01278E+00  2.49464E-03
 1.01290E+00  2.55186E-03
 1.01303E+00  2.41377E-03
 1.01315E+00  2.82950E-03
 1.01327E+00  2.77490E-03
 1.01339E+00  2.82294E-03
 1.01351E+00  3.18563E-03
 1.01364E+00  3.06071E-03
 1.01376E+00  2.98492E-03
 1.01388E+00  2.82845E-03
 1.01400E+00  2.65740E-03
 1.01412E+00  2.52447E-03
 1.01425E+00  2.30819E-03
 1.01437E+00  2.14066E-03
 1.01449E+00  1.84627E-03
 1.01461E+00  1.61415E-03
 1.01473E+00  1.54198E-03
 1.01486E+00  1.42398E-03
 1.01498E+00  1.35231E-03
 1.01510E+00  1.20305E-03
 1.01522E+00  1.20113E-03
 1.01535E+00  1.12898E-03
 1.01547E+00  1.21454E-03
 1.01559E+00  1.03391E-03
 1.01571E+00  1.09620E-03
 1.01584E+00  9.37201E-04
 1.01596E+00  1.03305E-03
 1.01608E+00  9.93340E-04
 1.01620E+00  1.16569E-03
 1.01633E+00  9.46065E-04
 1.01645E+00  1.10029E-03
 1.01657E+00  1.01524E-03
 1.01670E+00  9.85652E-04
 1.01682E+00  1.03018E-03
 1.01694E+00  8.97254E-04
 1.01706E+00  1.05639E-03
 1.01719E+00  1.02701E-03
 1.01731E+00  9.48149E-04
 1.01743E+00  9.93676E-04
 1.01756E+00  9.91910E-04
 1.01768E+00  1.07469E-03
 1.01780E+00  8.35292E-04
 1.01792E+00  9.99054E-04
 1.01805E+00  1.09741E-03
 1.01817E+00  1.09160E-03
 1.01829E+00  1.08033E-03
 1.01842E+00  1.00780E-03
 1.01854E+00  1.12506E-03
 1.01866E+00  9.34406E-04
 1.01879E+00  1.03708E-03
 1.01891E+00  1.07434E-03
 1.01903E+00  1.03463E-03
 1.01916E+00  1.02352E-03
 1.01928E+00  9.92799E-04
 1.01940E+00  1.11925E-03
 1.01953E+00  1.04652E-03
 1.01965E+00  1.03683E-03
 1.01977E+00  1.01732E-03
 1.01990E+00  1.02363E-03
 1.02002E+00  1.13478E-03
 1.02014E+00  9.96335E-04
 1.02027E+00  1.04297E-03
 1.02039E+00  9.95151E-04
 1.02052E+00  1.03624E-03
 1.02064E+00  1.01643E-03
 1.02076E+00  1.06762E-03
 1.02089E+00  9.26651E-04
 1.02101E+00  8.78248E-04
 1.02113E+00  9.57224E-04
 1.02126E+00  1.04063E-03
 1.02138E+00  1.03816E-03
 1.02151E+00  9.76700E-04
 1.02163E+00  1.09112E-03
 1.02175E+00  9.39129E-04
 1.02188E+00  9.02120E-04
 1.02200E+00  1.02565E-03
 1.02213E+00  1.04889E-03
 1.02225E+00  9.16177E-04
 1.02237E+00  1.02581E-03
 1.02250E+00  1.19875E-03
 1.02262E+00  9.51332E-04
 1.02275E+00  9.49429E-04
 1.02287E+00  9.38571E-04
 1.02300E+00  1.03971E-03
 1.02312E+00  9.81061E-04
 1.02324E+00  1.04848E-03
 1.02337E+00  9.87648E-04
 1.02349E+00  8.91339E-04
 1.02362E+00  1.02613E-03
 1.02374E+00  8.74066E-04
 1.02387E+00  9.76960E-04
 1.02399E+00  9.18283E-04
 1.02412E+00  9.29546E-04
 1.02424E+00  9.39076E-04
 1.02437E+00  8.99854E-04
 1.02449E+00  9.26701E-04
 1.02461E+00  9.57967E-04
 1.02474E+00  8.51823E-04
 1.02486E+00  9.41680E-04
 1.02499E+00  8.17325E-04
 1.02511E+00  8.93124E-04
 1.02524E+00  7.40424E-04
 1.02536E+00  8.80767E-04
 1.02549E+00  8.06346E-04
 1.02561E+00  9.05500E-04
 1.02574E+00  9.01819E-04
 1.02586E+00  9.15424E-04
 1.02599E+00  7.67487E-04
 1.02611E+00  8.50237E-04
 1.02624E+00  7.91263E-04
 1.02636E+00  8.46347E-04
 1.02649E+00  8.34221E-04
 1.02661E+00  7.16481E-04
 1.02674E+00  7.08694E-04
 1.02686E+00  8.16269E-04
 1.02699E+00  7.11199E-04
 1.02711E+00  6.78997E-04
 1.02724E+00  7.39782E-04
 1.02737E+00  6.64051E-04
 1.02749E+00  7.55624E-04
 1.02762E+00  7.14180E-04
 1.02774E+00  7.90643E-04
 1.02787E+00  8.79671E-04
 1.02799E+00  6.84293E-04
 1.02812E+00  7.42803E-04
 1.02824E+00  6.47477E-04
 1.02837E+00  6.85069E-04
 1.02849E+00  6.61230E-04
 1.02862E+00  7.00540E-04
 1.02875E+00  7.50990E-04
 1.02887E+00  6.17562E-04
 1.02900E+00  6.74219E-04
 1.02912E+00  6.49010E-04
 1.02925E+00  6.15548E-04
 1.02938E+00  6.30636E-04
 1.02950E+00  6.51127E-04
 1.02963E+00  6.23007E-04
 1.02975E+00  6.26371E-04
 1.02988E+00  5.66833E-04
 1.03000E+00  5.67629E-04
 1.03013E+00  5.55559E-04
 1.03026E+00  5.13086E-04
 1.03038E+00  5.87558E-04
 1.03051E+00  5.80431E-04
 1.03064E+00  6.43535E-04
 1.03076E+00  6.06694E-04
 1.03089E+00  4.53785E-04
 1.03101E+00  4.56349E-04
 1.03114E+00  5.04163E-04
 1.03127E+00  4.91286E-04
 1.03139E+00  5.52111E-04
 1.03152E+00  4.97336E-04
 1.03165E+00  5.04785E-04
 1.03177E+00  4.76991E-04
 1.03190E+00  4.73407E-04
 1.03202E+00  4.36832E-04
 1.03215E+00  5.10467E-04
 1.03228E+00  4.73930E-04
 1.03240E+00  4.14928E-04
 1.03253E+00  4.48681E-04
 1.03266E+00  4.39396E-04
 1.03278E+00  4.44625E-04
 1.03291E+00  4.75964E-04
 1.03304E+00  3.89542E-04
 1.03316E+00  3.86359E-04
 1.03329E+00  3.54041E-04
 1.03342E+00  3.66326E-04
 1.03355E+00  4.15047E-04
 1.03367E+00  3.98574E-04
 1.03380E+00  3.80446E-04
 1.03393E+00  3.52373E-04
 1.03405E+00  4.03986E-04
 1.03418E+00  3.33646E-04
 1.03431E+00  2.69594E-04
 1.03443E+00  3.54945E-04
 1.03456E+00  2.88287E-04
 1.03469E+00  3.36847E-04
 1.03482E+00  2.73314E-04
 1.03494E+00  3.18865E-04
 1.03507E+00  3.20028E-04
 1.03520E+00  3.07877E-04
 1.03532E+00  2.82178E-04
 1.03545E+00  2.43600E-04
 1.03558E+00  2.91305E-04
 1.03571E+00  2.77068E-04
 1.03583E+00  2.47255E-04
 1.03596E+00  2.67516E-04
 1.03609E+00  2.81671E-04
 1.03622E+00  2.76019E-04
 1.03634E+00  2.35776E-04
 1.03647E+00  2.53448E-04
 1.03660E+00  2.40645E-04
 1.03673E+00  2.24440E-04
 1.03685E+00  2.24803E-04
 1.03698E+00  2.19351E-04
 1.03711E+00  1.86784E-04
 1.03724E+00  2.23960E-04
 1.03737E+00  2.14016E-04
 1.03749E+00  2.15613E-04
 1.03762E+00  1.82746E-04
 1.03775E+00  2.11085E-04
 1.03788E+00  2.09754E-04
 1.03801E+00  1.91683E-04
 1.03813E+00  1.96568E-04
 1.03826E+00  1.56069E-04
 1.03839E+00  2.16519E-04
 1.03852E+00  1.54903E-04
 1.03865E+00  1.72455E-04
 1.03877E+00  1.70462E-04
 1.03890E+00  1.39954E-04
 1.03903E+00  1.54029E-04
 1.03916E+00  1.49132E-04
 1.03929E+00  1.62335E-04
 1.03942E+00  1.23844E-04
 1.03954E+00  1.68445E-04
 1.03967E+00  1.66599E-04
 1.03980E+00  1.31080E-04
 1.03993E+00  1.35849E-04
 1.04006E+00  1.38048E-04
 1.04019E+00  1.46242E-04
 1.04031E+00  1.46375E-04
 1.04044E+00  1.29564E-04
 1.04057E+00  1.24195E-04
 1.04070E+00  1.17488E-04
 1.04083E+00  1.18872E-04
 1.04096E+00  1.30867E-04
 1.04109E+00  1.14634E-04
 1.04121E+00  1.24170E-04
 1.04134E+00  1.14708E-04
 1.04147E+00  1.27716E-04
 1.04160E+00  1.08245E-04
 1.04173E+00  1.12543E-04
 1.04186E+00  1.16746E-04
 1.04199E+00  1.09598E-04
 1.04212E+00  1.12551E-04
 1.04225E+00  1.00223E-04
 1.04238E+00  1.15776E-04
 1.04250E+00  1.04228E-04
 1.04263E+00  9.36859E-05
 1.04276E+00  1.06995E-04
 1.04289E+00  1.04439E-04
 1.04302E+00  1.04460E-04
 1.04315E+00  1.08735E-04
 1.04328E+00  9.49147E-05
 1.04341E+00  1.00392E-04
 1.04354E+00  3.61749E-04
 1.04475E+00  8.15580E-05
 1.09409E+00  8.85138E-05
 1.14576E+00  9.06372E-05
 1.19987E+00  9.38858E-05
 1.25653E+00  9.70970E-05
 1.31587E+00  1.05065E-04
 1.37801E+00  1.03793E-04
 1.44309E+00  9.83719E-05
 1.51124E+00  9.28182E-05
 1.58261E+00  8.40664E-05
 1.65735E+00  7.81519E-05
 1.73562E+00  7.04224E-05
 1.81758E+00  6.60041E-05
 1.90342E+00  6.36229E-05
 1.99331E+00  6.32078E-05
 2.08744E+00  6.37932E-05
 2.18602E+00  6.69917E-05
 2.28926E+00  6.67121E-05
 2.39737E+00  6.85179E-05
 2.51058E+00  6.81440E-05
 2.62915E+00  7.00910E-05
 2.75331E+00  7.11534E-05
 2.88333E+00  7.21485E-05
 3.01950E+00  7.34688E-05
 3.16210E+00  1.03301E-04
 3.31143E+00  1.22351E-04
 3.46781E+00  1.24129E-04
 3.63158E+00  1.26142E-04
 3.80308E+00  1.30802E-04
 3.98268E+00  1.28053E-04
 4.17076E+00  1.30082E-04
 4.36773E+00  1.30416E-04
 4.57399E+00  1.29566E-04
 4.79000E+00  1.26846E-04
 5.01621E+00  1.29495E-04
 5.25310E+00  1.26830E-04
 5.50118E+00  1.23196E-04
 5.76097E+00  1.25592E-04
 6.03304E+00  1.23056E-04
 6.31795E+00  1.23735E-04
 6.61632E+00  1.23841E-04
 6.92877E+00  1.21019E-04
 7.25599E+00  1.24941E-04
 7.59865E+00  1.28755E-04
 7.95750E+00  1.29228E-04
 8.33329E+00  1.28065E-04
 8.72683E+00  1.25797E-04
 9.13896E+00  1.26620E-04
 9.57055E+00  1.23696E-04
 1.00225E+01  1.23344E-04
 1.04958E+01  1.21862E-04
 1.09915E+01  1.18041E-04
 1.15106E+01  1.18669E-04
 1.20542E+01  1.15781E-04
 1.26234E+01  1.20810E-04
 1.32196E+01  1.20603E-04
 1.38439E+01  1.14129E-04
 1.44976E+01  1.12403E-04
 1.51823E+01  1.06723E-04
 1.58993E+01  1.02245E-04
 1.66501E+01  9.66329E-05
 1.74364E+01  8.98596E-05
 1.82599E+01  8.65844E-05
 1.91222E+01  8.23909E-05
 2.00253E+01  7.40156E-05
 2.09710E+01  7.24089E-05
 2.19613E+01  7.12964E-05
 2.29984E+01  6.39456E-05
 2.40845E+01  6.04900E-05
 2.52219E+01  5.88511E-05
 2.64131E+01  5.75606E-05
 2.76604E+01  5.27774E-05
 2.89667E+01  4.82938E-05
 3.03346E+01  4.77010E-05
 3.17672E+01  4.51896E-05
 3.32674E+01  4.04374E-05
 3.48385E+01  3.84766E-05
 3.64837E+01  3.25547E-05
 3.82067E+01  2.93549E-05
 4.00110E+01  2.86482E-05
 4.19005E+01  2.49627E-05
 4.38793E+01  2.38850E-05
 4.59515E+01  2.22763E-05
 4.81216E+01  2.51694E-05
 5.03941E+01  2.19481E-05
 5.27740E+01  1.95034E-05
 5.52662E+01  1.78922E-05
 5.78762E+01  1.90403E-05
 6.06094E+01  1.48150E-05
 6.34717E+01  1.63951E-05
 6.64692E+01  1.45804E-05
 6.96082E+01  1.34320E-05
 7.28954E+01  1.10347E-05
 7.63379E+01  1.10400E-05
 7.99430E+01  9.30027E-06
 8.37183E+01  1.11665E-05
 8.76720E+01  1.01597E-05
 9.18123E+01  1.05056E-05
 9.61481E+01  1.03850E-05
 1.00689E+02  1.80448E-05
 1.05444E+02  2.36466E-05
 1.10423E+02  3.93993E-05
 1.15638E+02  6.34931E-05
 1.21099E+02  1.13741E-04
 1.26818E+02  2.03477E-04
 1.32807E+02  3.32631E-04
 1.39079E+02  5.51100E-04
 1.45647E+02  9.22009E-04
 1.52525E+02  1.46497E-03
 1.59728E+02  2.25863E-03
 1.67271E+02  3.38402E-03
 1.75171E+02  5.08539E-03
 1.83443E+02  7.37602E-03
 1.92107E+02  1.06061E-02
 2.01179E+02  1.50170E-02
 2.10679E+02  2.07978E-02
 2.20629E+02  2.82724E-02
 2.31048E+02  3.73986E-02
 2.41959E+02  4.91894E-02
 2.53386E+02  6.31997E-02
 2.65352E+02  7.94311E-02
 2.77883E+02  9.78309E-02
 2.91007E+02  1.18656E-01
 3.04749E+02  1.40852E-01
 3.19141E+02  1.63768E-01
 3.34213E+02  1.86845E-01
 3.49996E+02  2.09653E-01
 3.66525E+02  2.31547E-01
 3.83834E+02  2.52187E-01
 4.01960E+02  2.71494E-01
 4.20943E+02  2.85941E-01
 4.40822E+02  2.98356E-01
 4.61640E+02  3.08313E-01
 4.83441E+02  3.13641E-01
 5.06272E+02  3.15683E-01
 5.30181E+02  3.14822E-01
 5.55218E+02  3.10317E-01
 5.81439E+02  3.03622E-01
 6.08897E+02  2.94465E-01
 6.37653E+02  2.82764E-01
 6.67766E+02  2.69063E-01
 6.99301E+02  2.54895E-01
 7.32326E+02  2.39883E-01
 7.66910E+02  2.23244E-01
 8.03128E+02  2.07560E-01
 8.41055E+02  1.91315E-01
 8.80774E+02  1.74881E-01
 9.22369E+02  1.59027E-01
 9.65928E+02  1.44107E-01
 1.01154E+03  1.30358E-01
 1.05931E+03  1.17687E-01
 1.10934E+03  1.05303E-01
 1.16173E+03  9.35096E-02
 1.21659E+03  8.31795E-02
 1.27405E+03  7.25832E-02
 1.33421E+03  6.40765E-02
 1.39722E+03  5.65130E-02
 1.46321E+03  4.95592E-02
 1.53231E+03  4.30369E-02
 1.60467E+03  3.71660E-02
 1.68045E+03  3.23753E-02
 1.75981E+03  2.74338E-02
 1.84292E+03  2.39222E-02
 1.92995E+03  2.04700E-02
 2.02109E+03  1.72105E-02
 2.11654E+03  1.46972E-02
 2.21649E+03  1.25473E-02
 2.32117E+03  1.03888E-02
 2.43078E+03  8.86819E-03
 2.54558E+03  7.73860E-03
 2.66579E+03  6.33654E-03
 2.79169E+03  5.35113E-03
 2.92352E+03  4.59676E-03
 3.06159E+03  3.80662E-03
 3.20617E+03  3.15067E-03
 3.35759E+03  2.68287E-03
 3.51615E+03  2.40785E-03
 3.68220E+03  1.97569E-03
 3.85609E+03  1.74783E-03
 4.03820E+03  1.40057E-03
 4.22890E+03  1.14412E-03
 4.42861E+03  8.60876E-04
 4.63775E+03  7.40175E-04
 4.85677E+03  5.90669E-04
 5.08613E+03  6.10683E-04
 5.32633E+03  6.20132E-04
 5.57786E+03  3.75351E-04
 5.84128E+03  4.36739E-04
 6.11714E+03  2.90043E-04
 6.40602E+03  1.63635E-04
 6.70854E+03  2.08329E-04
 7.02536E+03  8.95872E-05
 7.35713E+03  1.20818E-04
 7.70457E+03  1.40564E-04
 8.06842E+03  1.03093E-04
