 8.52779E-05  0.00000E+00
 8.93052E-05  0.00000E+00
 9.35227E-05  0.00000E+00
 9.79393E-05  0.00000E+00
 1.02564E-04  0.00000E+00
 1.07408E-04  0.00000E+00
 1.12480E-04  0.00000E+00
 1.17792E-04  0.00000E+00
 1.23355E-04  0.00000E+00
 1.29181E-04  0.00000E+00
 1.35281E-04  0.00000E+00
 1.41670E-04  0.00000E+00
 1.48360E-04  0.00000E+00
 1.55367E-04  0.00000E+00
 1.62704E-04  0.00000E+00
 1.70388E-04  0.00000E+00
 1.78434E-04  0.00000E+00
 1.86861E-04  0.00000E+00
 1.95685E-04  0.00000E+00
 2.04927E-04  0.00000E+00
 2.14604E-04  0.00000E+00
 2.24739E-04  0.00000E+00
 2.35352E-04  0.00000E+00
 2.46467E-04  0.00000E+00
 2.58106E-04  0.00000E+00
 2.70295E-04  0.00000E+00
 2.83060E-04  0.00000E+00
 2.96428E-04  0.00000E+00
 3.10427E-04  0.00000E+00
 3.25087E-04  0.00000E+00
 3.40439E-04  0.00000E+00
 3.56516E-04  0.00000E+00
 3.73353E-04  0.00000E+00
 3.90984E-04  0.00000E+00
 4.09449E-04  0.00000E+00
 4.28785E-04  0.00000E+00
 4.49034E-04  0.00000E+00
 4.70240E-04  0.00000E+00
 4.92447E-04  0.00000E+00
 5.15703E-04  0.00000E+00
 5.40057E-04  0.00000E+00
 5.65562E-04  0.00000E+00
 5.92270E-04  0.00000E+00
 6.20240E-04  0.00000E+00
 6.49531E-04  0.00000E+00
 6.80206E-04  0.00000E+00
 7.12329E-04  0.00000E+00
 7.45968E-04  0.00000E+00
 7.81197E-04  0.00000E+00
 8.18089E-04  0.00000E+00
 8.56723E-04  0.00000E+00
 8.97182E-04  0.00000E+00
 9.39552E-04  0.00000E+00
 9.83923E-04  0.00000E+00
 1.03039E-03  0.00000E+00
 1.07905E-03  0.00000E+00
 1.13001E-03  0.00000E+00
 1.18337E-03  0.00000E+00
 1.23926E-03  0.00000E+00
 1.29778E-03  0.00000E+00
 1.35907E-03  0.00000E+00
 1.42325E-03  0.00000E+00
 1.49046E-03  0.00000E+00
 1.56085E-03  0.00000E+00
 1.63456E-03  0.00000E+00
 1.71176E-03  0.00000E+00
 1.79259E-03  0.00000E+00
 1.87725E-03  0.00000E+00
 1.96590E-03  0.00000E+00
 2.05874E-03  0.00000E+00
 2.15597E-03  0.00000E+00
 2.25778E-03  0.00000E+00
 2.36441E-03  0.00000E+00
 2.47607E-03  0.00000E+00
 2.59300E-03  0.00000E+00
 2.71546E-03  0.00000E+00
 2.84369E-03  0.00000E+00
 2.97799E-03  0.00000E+00
 3.11862E-03  0.00000E+00
 3.26590E-03  0.00000E+00
 3.42013E-03  0.00000E+00
 3.58165E-03  0.00000E+00
 3.75079E-03  0.00000E+00
 3.92793E-03  0.00000E+00
 4.11342E-03  0.00000E+00
 4.30768E-03  0.00000E+00
 4.51111E-03  0.00000E+00
 4.72415E-03  0.00000E+00
 4.94725E-03  0.00000E+00
 5.18088E-03  0.00000E+00
 5.42555E-03  0.00000E+00
 5.68177E-03  0.00000E+00
 5.95010E-03  0.00000E+00
 6.23109E-03  0.00000E+00
 6.52536E-03  0.00000E+00
 6.83352E-03  0.00000E+00
 7.15623E-03  0.00000E+00
 7.49419E-03  0.00000E+00
 7.84810E-03  0.00000E+00
 8.21873E-03  0.00000E+00
 8.60686E-03  0.00000E+00
 9.01332E-03  0.00000E+00
 9.43898E-03  0.00000E+00
 9.88473E-03  0.00000E+00
 1.03515E-02  0.00000E+00
 1.08404E-02  0.00000E+00
 1.13523E-02  0.00000E+00
 1.18885E-02  0.00000E+00
 1.24499E-02  0.00000E+00
 1.30378E-02  0.00000E+00
 1.36535E-02  0.00000E+00
 1.42983E-02  0.00000E+00
 1.49736E-02  0.00000E+00
 1.56807E-02  0.00000E+00
 1.64212E-02  0.00000E+00
 1.71967E-02  0.00000E+00
 1.80088E-02  0.00000E+00
 1.88593E-02  0.00000E+00
 1.97500E-02  0.00000E+00
 2.06827E-02  0.00000E+00
 2.16594E-02  0.00000E+00
 2.26823E-02  0.00000E+00
 2.37534E-02  0.00000E+00
 2.48752E-02  0.00000E+00
 2.60499E-02  0.00000E+00
 2.72801E-02  0.00000E+00
 2.85685E-02  0.00000E+00
 2.99176E-02  0.00000E+00
 3.13305E-02  0.00000E+00
 3.28101E-02  0.00000E+00
 3.43595E-02  0.00000E+00
 3.59822E-02  0.00000E+00
 3.76814E-02  0.00000E+00
 3.94609E-02  0.00000E+00
 4.13245E-02  0.00000E+00
 4.32760E-02  0.00000E+00
 4.53198E-02  0.00000E+00
 4.74600E-02  0.00000E+00
 4.97013E-02  0.00000E+00
 5.20485E-02  0.00000E+00
 5.45064E-02  0.00000E+00
 5.70805E-02  0.00000E+00
 5.97762E-02  0.00000E+00
 6.25991E-02  0.00000E+00
 6.55554E-02  0.00000E+00
 6.86512E-02  0.00000E+00
 7.18933E-02  0.00000E+00
 7.52885E-02  0.00000E+00
 7.88440E-02  0.00000E+00
 8.25674E-02  0.00000E+00
 8.64667E-02  0.00000E+00
 9.05501E-02  0.00000E+00
 9.48263E-02  0.00000E+00
 9.93045E-02  0.00000E+00
 1.03994E-01  0.00000E+00
 1.08905E-01  0.00000E+00
 1.14048E-01  0.00000E+00
 1.19434E-01  0.00000E+00
 1.25075E-01  0.00000E+00
 1.30981E-01  0.00000E+00
 1.37167E-01  0.00000E+00
 1.43645E-01  0.00000E+00
 1.50428E-01  0.00000E+00
 1.57532E-01  0.00000E+00
 1.64972E-01  0.00000E+00
 1.72763E-01  0.00000E+00
 1.80921E-01  0.00000E+00
 1.89465E-01  1.85045E-16
 1.98413E-01  4.45337E-16
 2.07783E-01  1.09482E-15
 2.17596E-01  3.84819E-16
 2.27872E-01  1.64651E-16
 2.38633E-01  3.86022E-17
 2.49902E-01  1.72566E-17
 2.61704E-01  7.29931E-18
 2.74063E-01  2.28023E-18
 2.87006E-01  5.92121E-19
 3.00560E-01  1.82693E-19
 3.14754E-01  5.99003E-20
 3.29618E-01  1.99278E-20
 3.45184E-01  7.57731E-21
 3.61486E-01  2.37704E-21
 3.78557E-01  8.08240E-22
 3.96434E-01  3.47439E-22
 4.15156E-01  1.95609E-22
 4.34762E-01  1.77225E-22
 4.55294E-01  9.54050E-23
 4.76795E-01  9.12436E-23
 4.99312E-01  8.57630E-23
 5.22892E-01  2.09908E-22
 5.47585E-01  4.23525E-22
 5.73445E-01  2.01228E-21
 6.00526E-01  1.99180E-20
 6.28886E-01  4.44839E-19
 6.58586E-01  2.60692E-17
 6.89687E-01  5.79977E-15
 7.22258E-01  5.25320E-12
 7.56367E-01  1.62781E-06
 7.92086E-01  1.91699E-05
 8.29493E-01  2.47420E-05
 8.68666E-01  2.64284E-05
 9.09689E-01  3.13391E-05
 9.52649E-01  3.29593E-05
 9.82753E-01  2.98456E-05
 9.82868E-01  2.98064E-05
 9.82982E-01  2.97942E-05
 9.83097E-01  2.97820E-05
 9.83212E-01  2.97697E-05
 9.83327E-01  2.97575E-05
 9.83442E-01  2.97453E-05
 9.83557E-01  2.97332E-05
 9.83671E-01  2.97208E-05
 9.83786E-01  2.97085E-05
 9.83901E-01  2.96963E-05
 9.84016E-01  2.96840E-05
 9.84131E-01  2.96718E-05
 9.84246E-01  2.96595E-05
 9.84362E-01  2.96472E-05
 9.84477E-01  2.96349E-05
 9.84592E-01  2.96226E-05
 9.84707E-01  2.96104E-05
 9.84822E-01  2.95981E-05
 9.84937E-01  2.95858E-05
 9.85053E-01  2.95737E-05
 9.85168E-01  2.95612E-05
 9.85283E-01  2.95488E-05
 9.85398E-01  2.95365E-05
 9.85514E-01  2.95242E-05
 9.85629E-01  2.95119E-05
 9.85745E-01  2.94995E-05
 9.85860E-01  2.94872E-05
 9.85975E-01  2.94749E-05
 9.86091E-01  2.94625E-05
 9.86206E-01  2.94502E-05
 9.86322E-01  2.94378E-05
 9.86438E-01  2.94255E-05
 9.86553E-01  2.94131E-05
 9.86669E-01  2.94009E-05
 9.86784E-01  2.93884E-05
 9.86900E-01  2.93760E-05
 9.87016E-01  2.93636E-05
 9.87132E-01  2.93512E-05
 9.87247E-01  2.93388E-05
 9.87363E-01  2.93264E-05
 9.87479E-01  2.93140E-05
 9.87595E-01  2.93016E-05
 9.87711E-01  2.92892E-05
 9.87826E-01  2.92768E-05
 9.87942E-01  2.92643E-05
 9.88058E-01  2.92519E-05
 9.88174E-01  2.92395E-05
 9.88290E-01  2.92271E-05
 9.88406E-01  2.92146E-05
 9.88522E-01  2.92022E-05
 9.88639E-01  2.91897E-05
 9.88755E-01  2.91773E-05
 9.88871E-01  2.91648E-05
 9.88987E-01  2.91523E-05
 9.89103E-01  2.91399E-05
 9.89219E-01  2.91275E-05
 9.89336E-01  2.91149E-05
 9.89452E-01  2.91024E-05
 9.89568E-01  2.90899E-05
 9.89684E-01  2.90775E-05
 9.89801E-01  2.90650E-05
 9.89917E-01  2.90525E-05
 9.90034E-01  2.93924E-05
 9.90150E-01  2.90274E-05
 9.90267E-01  2.90149E-05
 9.90383E-01  2.90024E-05
 9.90500E-01  2.90451E-05
 9.90616E-01  2.89773E-05
 9.90733E-01  2.89648E-05
 9.90849E-01  2.89523E-05
 9.90966E-01  2.89397E-05
 9.91083E-01  2.89272E-05
 9.91199E-01  2.89146E-05
 9.91316E-01  2.89020E-05
 9.91433E-01  2.88895E-05
 9.91549E-01  2.88769E-05
 9.91666E-01  2.88643E-05
 9.91783E-01  2.88517E-05
 9.91900E-01  2.88392E-05
 9.92017E-01  2.88266E-05
 9.92134E-01  2.88140E-05
 9.92251E-01  2.88014E-05
 9.92368E-01  2.88217E-05
 9.92485E-01  2.87762E-05
 9.92602E-01  2.87635E-05
 9.92719E-01  2.87509E-05
 9.92836E-01  2.87383E-05
 9.92953E-01  2.87267E-05
 9.93070E-01  2.87130E-05
 9.93187E-01  2.87004E-05
 9.93304E-01  2.86878E-05
 9.93421E-01  2.86751E-05
 9.93539E-01  2.86625E-05
 9.93656E-01  2.86498E-05
 9.93773E-01  2.86371E-05
 9.93891E-01  2.86245E-05
 9.94008E-01  2.86118E-05
 9.94125E-01  2.85991E-05
 9.94243E-01  2.85865E-05
 9.94360E-01  2.85738E-05
 9.94478E-01  2.85611E-05
 9.94595E-01  2.85484E-05
 9.94713E-01  2.85357E-05
 9.94830E-01  2.85229E-05
 9.94948E-01  2.85102E-05
 9.95065E-01  2.84975E-05
 9.95183E-01  2.84848E-05
 9.95301E-01  2.84721E-05
 9.95418E-01  2.84593E-05
 9.95536E-01  2.88528E-05
 9.95654E-01  2.84342E-05
 9.95771E-01  2.84211E-05
 9.95889E-01  2.84084E-05
 9.96007E-01  2.83956E-05
 9.96125E-01  2.83828E-05
 9.96243E-01  2.83701E-05
 9.96361E-01  2.83573E-05
 9.96479E-01  2.83445E-05
 9.96597E-01  2.83318E-05
 9.96715E-01  2.83190E-05
 9.96833E-01  2.83062E-05
 9.96951E-01  2.82934E-05
 9.97069E-01  2.82811E-05
 9.97187E-01  2.82678E-05
 9.97305E-01  2.82550E-05
 9.97423E-01  2.82421E-05
 9.97541E-01  2.82293E-05
 9.97638E-01  2.82188E-05
 9.97659E-01  2.82216E-05
 9.97778E-01  2.82367E-05
 9.97896E-01  2.82662E-05
 9.98014E-01  2.82662E-05
 9.98133E-01  2.82811E-05
 9.98251E-01  2.83634E-05
 9.98369E-01  2.83233E-05
 9.98488E-01  2.83258E-05
 9.98606E-01  2.83407E-05
 9.98725E-01  2.83561E-05
 9.98843E-01  2.84531E-05
 9.98962E-01  2.83854E-05
 9.99080E-01  2.84003E-05
 9.99199E-01  2.84153E-05
 9.99317E-01  2.84302E-05
 9.99436E-01  2.84451E-05
 9.99555E-01  2.84601E-05
 9.99673E-01  2.84750E-05
 9.99792E-01  2.84900E-05
 9.99911E-01  2.85050E-05
 1.00003E+00  2.87740E-05
 1.00015E+00  2.85616E-05
 1.00027E+00  2.85498E-05
 1.00039E+00  2.85648E-05
 1.00050E+00  2.86136E-05
 1.00062E+00  2.85948E-05
 1.00074E+00  2.86100E-05
 1.00086E+00  2.86248E-05
 1.00098E+00  2.86398E-05
 1.00110E+00  2.86548E-05
 1.00122E+00  2.86698E-05
 1.00134E+00  2.86848E-05
 1.00146E+00  2.86999E-05
 1.00158E+00  2.87149E-05
 1.00170E+00  2.87718E-05
 1.00181E+00  2.87450E-05
 1.00193E+00  2.87600E-05
 1.00205E+00  2.87750E-05
 1.00217E+00  2.99805E-05
 1.00229E+00  2.88120E-05
 1.00241E+00  2.91971E-05
 1.00253E+00  2.88353E-05
 1.00265E+00  2.88504E-05
 1.00277E+00  3.14111E-05
 1.00289E+00  2.88805E-05
 1.00301E+00  2.88956E-05
 1.00313E+00  2.89107E-05
 1.00325E+00  2.89960E-05
 1.00337E+00  2.89867E-05
 1.00349E+00  2.89560E-05
 1.00361E+00  2.90928E-05
 1.00373E+00  2.89862E-05
 1.00385E+00  2.90014E-05
 1.00397E+00  2.90193E-05
 1.00408E+00  2.90316E-05
 1.00420E+00  2.90468E-05
 1.00432E+00  2.90619E-05
 1.00444E+00  2.90771E-05
 1.00456E+00  2.90922E-05
 1.00468E+00  2.91447E-05
 1.00480E+00  2.91225E-05
 1.00492E+00  2.91377E-05
 1.00504E+00  2.92088E-05
 1.00516E+00  2.91804E-05
 1.00528E+00  2.91832E-05
 1.00540E+00  2.91984E-05
 1.00552E+00  2.99339E-05
 1.00564E+00  2.92288E-05
 1.00576E+00  2.92610E-05
 1.00588E+00  2.99695E-05
 1.00600E+00  2.96147E-05
 1.00612E+00  2.92980E-05
 1.00624E+00  3.05748E-05
 1.00637E+00  3.16350E-05
 1.00649E+00  2.93353E-05
 1.00661E+00  2.94442E-05
 1.00673E+00  2.93685E-05
 1.00685E+00  2.98536E-05
 1.00697E+00  2.98262E-05
 1.00709E+00  2.95783E-05
 1.00721E+00  2.94868E-05
 1.00733E+00  2.94425E-05
 1.00745E+00  2.95549E-05
 1.00757E+00  3.14740E-05
 1.00769E+00  3.90633E-05
 1.00781E+00  3.06835E-05
 1.00793E+00  3.34436E-05
 1.00805E+00  3.39680E-05
 1.00817E+00  3.02153E-05
 1.00829E+00  3.58564E-05
 1.00841E+00  3.64987E-05
 1.00854E+00  3.63049E-05
 1.00866E+00  3.46410E-05
 1.00878E+00  4.51925E-05
 1.00890E+00  3.45830E-05
 1.00902E+00  4.04044E-05
 1.00914E+00  4.77148E-05
 1.00926E+00  6.05404E-05
 1.00938E+00  7.82049E-05
 1.00950E+00  5.92877E-05
 1.00962E+00  8.36501E-05
 1.00974E+00  8.01805E-05
 1.00987E+00  1.02921E-04
 1.00999E+00  1.02577E-04
 1.01011E+00  1.19422E-04
 1.01023E+00  1.82169E-04
 1.01035E+00  1.89308E-04
 1.01047E+00  1.90314E-04
 1.01059E+00  2.18747E-04
 1.01071E+00  3.02770E-04
 1.01084E+00  3.58336E-04
 1.01096E+00  4.27674E-04
 1.01108E+00  5.03446E-04
 1.01120E+00  5.46001E-04
 1.01132E+00  6.70668E-04
 1.01144E+00  6.96365E-04
 1.01156E+00  8.14248E-04
 1.01169E+00  1.05594E-03
 1.01181E+00  1.22339E-03
 1.01193E+00  1.25917E-03
 1.01205E+00  1.09201E-03
 1.01217E+00  1.19350E-03
 1.01229E+00  1.12403E-03
 1.01242E+00  1.06504E-03
 1.01254E+00  9.94312E-04
 1.01266E+00  9.25685E-04
 1.01278E+00  9.08990E-04
 1.01290E+00  7.43797E-04
 1.01303E+00  7.82517E-04
 1.01315E+00  8.44399E-04
 1.01327E+00  8.15862E-04
 1.01339E+00  9.19323E-04
 1.01351E+00  1.04261E-03
 1.01364E+00  9.06556E-04
 1.01376E+00  9.38626E-04
 1.01388E+00  8.05488E-04
 1.01400E+00  8.23098E-04
 1.01412E+00  6.76134E-04
 1.01425E+00  6.45236E-04
 1.01437E+00  6.04187E-04
 1.01449E+00  5.86671E-04
 1.01461E+00  5.29512E-04
 1.01473E+00  5.48624E-04
 1.01486E+00  5.31872E-04
 1.01498E+00  5.16952E-04
 1.01510E+00  4.50418E-04
 1.01522E+00  4.95532E-04
 1.01535E+00  4.91094E-04
 1.01547E+00  4.89074E-04
 1.01559E+00  4.79775E-04
 1.01571E+00  4.80085E-04
 1.01584E+00  4.30532E-04
 1.01596E+00  4.05287E-04
 1.01608E+00  4.49952E-04
 1.01620E+00  3.98276E-04
 1.01633E+00  4.74727E-04
 1.01645E+00  4.08636E-04
 1.01657E+00  4.32205E-04
 1.01670E+00  3.82462E-04
 1.01682E+00  4.49755E-04
 1.01694E+00  4.51223E-04
 1.01706E+00  4.13973E-04
 1.01719E+00  4.16508E-04
 1.01731E+00  4.10324E-04
 1.01743E+00  4.41808E-04
 1.01756E+00  4.83335E-04
 1.01768E+00  3.77290E-04
 1.01780E+00  4.58255E-04
 1.01792E+00  4.23920E-04
 1.01805E+00  4.31541E-04
 1.01817E+00  4.06691E-04
 1.01829E+00  4.11612E-04
 1.01842E+00  3.96157E-04
 1.01854E+00  4.62736E-04
 1.01866E+00  4.61703E-04
 1.01879E+00  4.16833E-04
 1.01891E+00  3.75275E-04
 1.01903E+00  4.02374E-04
 1.01916E+00  3.72258E-04
 1.01928E+00  4.32744E-04
 1.01940E+00  3.83370E-04
 1.01953E+00  3.95931E-04
 1.01965E+00  4.10550E-04
 1.01977E+00  3.96572E-04
 1.01990E+00  4.17292E-04
 1.02002E+00  4.16271E-04
 1.02014E+00  3.87199E-04
 1.02027E+00  4.15742E-04
 1.02039E+00  3.91800E-04
 1.02052E+00  4.10581E-04
 1.02064E+00  3.46742E-04
 1.02076E+00  3.88806E-04
 1.02089E+00  3.43898E-04
 1.02101E+00  3.65368E-04
 1.02113E+00  3.84567E-04
 1.02126E+00  4.05416E-04
 1.02138E+00  3.57513E-04
 1.02151E+00  4.21940E-04
 1.02163E+00  3.70162E-04
 1.02175E+00  4.12779E-04
 1.02188E+00  3.81029E-04
 1.02200E+00  3.85543E-04
 1.02213E+00  3.77008E-04
 1.02225E+00  3.31447E-04
 1.02237E+00  3.83840E-04
 1.02250E+00  3.39605E-04
 1.02262E+00  3.82616E-04
 1.02275E+00  3.44305E-04
 1.02287E+00  3.74416E-04
 1.02300E+00  3.43454E-04
 1.02312E+00  3.64232E-04
 1.02324E+00  3.47440E-04
 1.02337E+00  3.61318E-04
 1.02349E+00  3.30301E-04
 1.02362E+00  3.29346E-04
 1.02374E+00  3.58973E-04
 1.02387E+00  3.28532E-04
 1.02399E+00  3.37742E-04
 1.02412E+00  3.24791E-04
 1.02424E+00  3.19506E-04
 1.02437E+00  3.43047E-04
 1.02449E+00  3.42351E-04
 1.02461E+00  3.35409E-04
 1.02474E+00  3.29554E-04
 1.02486E+00  3.05982E-04
 1.02499E+00  3.23680E-04
 1.02511E+00  3.79282E-04
 1.02524E+00  2.94139E-04
 1.02536E+00  3.33567E-04
 1.02549E+00  2.74168E-04
 1.02561E+00  3.02758E-04
 1.02574E+00  2.79091E-04
 1.02586E+00  2.54877E-04
 1.02599E+00  2.65250E-04
 1.02611E+00  2.68041E-04
 1.02624E+00  2.94242E-04
 1.02636E+00  2.81190E-04
 1.02649E+00  2.43016E-04
 1.02661E+00  2.60858E-04
 1.02674E+00  2.53589E-04
 1.02686E+00  2.42972E-04
 1.02699E+00  2.36771E-04
 1.02711E+00  2.45564E-04
 1.02724E+00  2.31499E-04
 1.02737E+00  2.44959E-04
 1.02749E+00  2.44629E-04
 1.02762E+00  2.18197E-04
 1.02774E+00  2.16284E-04
 1.02787E+00  2.02937E-04
 1.02799E+00  2.23161E-04
 1.02812E+00  2.17806E-04
 1.02824E+00  2.10180E-04
 1.02837E+00  2.03065E-04
 1.02849E+00  2.02747E-04
 1.02862E+00  2.01538E-04
 1.02875E+00  1.75625E-04
 1.02887E+00  1.73822E-04
 1.02900E+00  1.74432E-04
 1.02912E+00  1.81735E-04
 1.02925E+00  1.97089E-04
 1.02938E+00  1.77353E-04
 1.02950E+00  1.57346E-04
 1.02963E+00  1.66181E-04
 1.02975E+00  1.63735E-04
 1.02988E+00  1.50903E-04
 1.03000E+00  1.59015E-04
 1.03013E+00  1.50184E-04
 1.03026E+00  1.57029E-04
 1.03038E+00  1.40242E-04
 1.03051E+00  1.53104E-04
 1.03064E+00  1.48357E-04
 1.03076E+00  1.31096E-04
 1.03089E+00  1.46746E-04
 1.03101E+00  1.40289E-04
 1.03114E+00  1.20793E-04
 1.03127E+00  1.33132E-04
 1.03139E+00  1.29134E-04
 1.03152E+00  1.16821E-04
 1.03165E+00  9.70303E-05
 1.03177E+00  1.15739E-04
 1.03190E+00  1.21121E-04
 1.03202E+00  1.18709E-04
 1.03215E+00  1.12714E-04
 1.03228E+00  1.06471E-04
 1.03240E+00  1.04650E-04
 1.03253E+00  1.01771E-04
 1.03266E+00  8.92498E-05
 1.03278E+00  8.70273E-05
 1.03291E+00  8.73218E-05
 1.03304E+00  9.42446E-05
 1.03316E+00  8.23556E-05
 1.03329E+00  9.04967E-05
 1.03342E+00  8.93918E-05
 1.03355E+00  7.45053E-05
 1.03367E+00  7.54674E-05
 1.03380E+00  9.77105E-05
 1.03393E+00  6.98080E-05
 1.03405E+00  7.62108E-05
 1.03418E+00  8.73057E-05
 1.03431E+00  8.39284E-05
 1.03443E+00  6.92424E-05
 1.03456E+00  7.07110E-05
 1.03469E+00  7.12120E-05
 1.03482E+00  7.27485E-05
 1.03494E+00  6.52341E-05
 1.03507E+00  6.11950E-05
 1.03520E+00  5.90616E-05
 1.03532E+00  5.43862E-05
 1.03545E+00  5.72568E-05
 1.03558E+00  6.20784E-05
 1.03571E+00  5.64030E-05
 1.03583E+00  5.75695E-05
 1.03596E+00  5.73345E-05
 1.03609E+00  5.02843E-05
 1.03622E+00  5.28006E-05
 1.03634E+00  4.73401E-05
 1.03647E+00  5.27433E-05
 1.03660E+00  5.20074E-05
 1.03673E+00  5.22475E-05
 1.03685E+00  5.61614E-05
 1.03698E+00  4.51641E-05
 1.03711E+00  4.86910E-05
 1.03724E+00  4.50128E-05
 1.03737E+00  4.69218E-05
 1.03749E+00  5.30177E-05
 1.03762E+00  4.13737E-05
 1.03775E+00  4.09649E-05
 1.03788E+00  4.40309E-05
 1.03801E+00  4.13344E-05
 1.03813E+00  4.28651E-05
 1.03826E+00  4.13887E-05
 1.03839E+00  3.93850E-05
 1.03852E+00  4.28157E-05
 1.03865E+00  4.39809E-05
 1.03877E+00  3.85232E-05
 1.03890E+00  4.20372E-05
 1.03903E+00  3.78770E-05
 1.03916E+00  3.95895E-05
 1.03929E+00  4.00518E-05
 1.03942E+00  4.08663E-05
 1.03954E+00  3.69234E-05
 1.03967E+00  3.94861E-05
 1.03980E+00  3.77763E-05
 1.03993E+00  4.42716E-05
 1.04006E+00  3.82345E-05
 1.04019E+00  3.98294E-05
 1.04031E+00  3.63441E-05
 1.04044E+00  3.51821E-05
 1.04057E+00  3.89691E-05
 1.04070E+00  3.65985E-05
 1.04083E+00  3.93552E-05
 1.04096E+00  3.88992E-05
 1.04109E+00  3.74736E-05
 1.04121E+00  3.58106E-05
 1.04134E+00  3.65111E-05
 1.04147E+00  3.54045E-05
 1.04160E+00  3.60250E-05
 1.04173E+00  3.96427E-05
 1.04186E+00  3.65065E-05
 1.04199E+00  3.56110E-05
 1.04212E+00  3.54829E-05
 1.04225E+00  3.59365E-05
 1.04238E+00  3.46334E-05
 1.04250E+00  3.64400E-05
 1.04263E+00  3.53165E-05
 1.04276E+00  3.59435E-05
 1.04289E+00  3.56765E-05
 1.04302E+00  3.42901E-05
 1.04315E+00  3.44053E-05
 1.04328E+00  3.46229E-05
 1.04341E+00  3.55493E-05
 1.04354E+00  4.25334E-05
 1.04475E+00  3.42506E-05
 1.09409E+00  3.66116E-05
 1.14576E+00  3.78819E-05
 1.19987E+00  3.89683E-05
 1.25653E+00  3.94279E-05
 1.31587E+00  4.02126E-05
 1.37801E+00  3.99093E-05
 1.44309E+00  3.82202E-05
 1.51124E+00  3.58110E-05
 1.58261E+00  3.29640E-05
 1.65735E+00  3.02942E-05
 1.73562E+00  2.80993E-05
 1.81758E+00  2.64038E-05
 1.90342E+00  2.53398E-05
 1.99331E+00  2.48320E-05
 2.08744E+00  2.51725E-05
 2.18602E+00  2.60922E-05
 2.28926E+00  2.59385E-05
 2.39737E+00  2.65657E-05
 2.51058E+00  2.64943E-05
 2.62915E+00  2.73738E-05
 2.75331E+00  2.74358E-05
 2.88333E+00  2.77175E-05
 3.01950E+00  2.82365E-05
 3.16210E+00  3.98038E-05
 3.31143E+00  4.65490E-05
 3.46781E+00  4.89787E-05
 3.63158E+00  4.83002E-05
 3.80308E+00  5.11290E-05
 3.98268E+00  4.97981E-05
 4.17076E+00  5.06939E-05
 4.36773E+00  5.08752E-05
 4.57399E+00  5.06502E-05
 4.79000E+00  5.06986E-05
 5.01621E+00  5.07782E-05
 5.25310E+00  5.09789E-05
 5.50118E+00  4.97452E-05
 5.76097E+00  5.05447E-05
 6.03304E+00  5.04171E-05
 6.31795E+00  5.03429E-05
 6.61632E+00  5.08185E-05
 6.92877E+00  4.99286E-05
 7.25599E+00  5.16152E-05
 7.59865E+00  5.34402E-05
 7.95750E+00  5.29041E-05
 8.33329E+00  5.30815E-05
 8.72683E+00  5.25460E-05
 9.13896E+00  5.19806E-05
 9.57055E+00  5.19165E-05
 1.00225E+01  5.23286E-05
 1.04958E+01  5.06830E-05
 1.09915E+01  5.05967E-05
 1.15106E+01  5.03565E-05
 1.20542E+01  5.09011E-05
 1.26234E+01  5.03367E-05
 1.32196E+01  5.02641E-05
 1.38439E+01  4.93740E-05
 1.44976E+01  4.77770E-05
 1.51823E+01  4.50849E-05
 1.58993E+01  4.43973E-05
 1.66501E+01  4.05349E-05
 1.74364E+01  4.13083E-05
 1.82599E+01  3.90982E-05
 1.91222E+01  3.64381E-05
 2.00253E+01  3.23963E-05
 2.09710E+01  3.06780E-05
 2.19613E+01  2.97469E-05
 2.29984E+01  2.88180E-05
 2.40845E+01  2.79377E-05
 2.52219E+01  2.50405E-05
 2.64131E+01  2.37538E-05
 2.76604E+01  2.17659E-05
 2.89667E+01  2.03265E-05
 3.03346E+01  1.99783E-05
 3.17672E+01  1.81069E-05
 3.32674E+01  1.69098E-05
 3.48385E+01  1.62439E-05
 3.64837E+01  1.52964E-05
 3.82067E+01  1.21124E-05
 4.00110E+01  1.14275E-05
 4.19005E+01  1.13125E-05
 4.38793E+01  1.00210E-05
 4.59515E+01  1.09651E-05
 4.81216E+01  8.50284E-06
 5.03941E+01  8.45295E-06
 5.27740E+01  7.76430E-06
 5.52662E+01  6.99924E-06
 5.78762E+01  6.90384E-06
 6.06094E+01  6.18519E-06
 6.34717E+01  5.63286E-06
 6.64692E+01  5.25857E-06
 6.96082E+01  5.19530E-06
 7.28954E+01  4.02250E-06
 7.63379E+01  4.44097E-06
 7.99430E+01  3.80341E-06
 8.37183E+01  3.56592E-06
 8.76720E+01  4.02335E-06
 9.18123E+01  4.00769E-06
 9.61481E+01  4.66501E-06
 1.00689E+02  5.95189E-06
 1.05444E+02  8.13738E-06
 1.10423E+02  1.20780E-05
 1.15638E+02  1.93003E-05
 1.21099E+02  3.25704E-05
 1.26818E+02  5.54923E-05
 1.32807E+02  9.53796E-05
 1.39079E+02  1.68296E-04
 1.45647E+02  2.82213E-04
 1.52525E+02  4.47797E-04
 1.59728E+02  7.07824E-04
 1.67271E+02  1.05902E-03
 1.75171E+02  1.62086E-03
 1.83443E+02  2.45675E-03
 1.92107E+02  3.54348E-03
 2.01179E+02  5.02863E-03
 2.10679E+02  7.11149E-03
 2.20629E+02  9.79764E-03
 2.31048E+02  1.31995E-02
 2.41959E+02  1.75742E-02
 2.53386E+02  2.27071E-02
 2.65352E+02  2.87201E-02
 2.77883E+02  3.58144E-02
 2.91007E+02  4.35506E-02
 3.04749E+02  5.21482E-02
 3.19141E+02  6.07953E-02
 3.34213E+02  6.96722E-02
 3.49996E+02  7.87771E-02
 3.66525E+02  8.72191E-02
 3.83834E+02  9.55236E-02
 4.01960E+02  1.02883E-01
 4.20943E+02  1.08791E-01
 4.40822E+02  1.14381E-01
 4.61640E+02  1.18130E-01
 4.83441E+02  1.21290E-01
 5.06272E+02  1.22677E-01
 5.30181E+02  1.23244E-01
 5.55218E+02  1.21915E-01
 5.81439E+02  1.20575E-01
 6.08897E+02  1.17567E-01
 6.37653E+02  1.13461E-01
 6.67766E+02  1.09341E-01
 6.99301E+02  1.03935E-01
 7.32326E+02  9.87032E-02
 7.66910E+02  9.26108E-02
 8.03128E+02  8.64977E-02
 8.41055E+02  8.00425E-02
 8.80774E+02  7.39465E-02
 9.22369E+02  6.79650E-02
 9.65928E+02  6.22591E-02
 1.01154E+03  5.64639E-02
 1.05931E+03  5.09138E-02
 1.10934E+03  4.58012E-02
 1.16173E+03  4.12011E-02
 1.21659E+03  3.70012E-02
 1.27405E+03  3.24527E-02
 1.33421E+03  2.88550E-02
 1.39722E+03  2.53898E-02
 1.46321E+03  2.21741E-02
 1.53231E+03  1.91905E-02
 1.60467E+03  1.68468E-02
 1.68045E+03  1.44911E-02
 1.75981E+03  1.27653E-02
 1.84292E+03  1.08280E-02
 1.92995E+03  9.38025E-03
 2.02109E+03  8.06132E-03
 2.11654E+03  6.72237E-03
 2.21649E+03  5.95004E-03
 2.32117E+03  4.95898E-03
 2.43078E+03  4.18775E-03
 2.54558E+03  3.59177E-03
 2.66579E+03  2.87260E-03
 2.79169E+03  2.55735E-03
 2.92352E+03  2.13567E-03
 3.06159E+03  1.84904E-03
 3.20617E+03  1.59978E-03
 3.35759E+03  1.23195E-03
 3.51615E+03  1.02360E-03
 3.68220E+03  1.03489E-03
 3.85609E+03  8.08280E-04
 4.03820E+03  6.84305E-04
 4.22890E+03  5.17523E-04
 4.42861E+03  3.91716E-04
 4.63775E+03  3.30792E-04
 4.85677E+03  3.03491E-04
 5.08613E+03  2.27300E-04
 5.32633E+03  2.14939E-04
 5.57786E+03  1.86185E-04
 5.84128E+03  1.49025E-04
 6.11714E+03  1.25738E-04
 6.40602E+03  1.17913E-04
 6.70854E+03  1.00488E-04
 7.02536E+03  9.98520E-05
 7.35713E+03  6.82273E-05
 7.70457E+03  7.15127E-05
 8.06842E+03  3.43196E-05
