 0  9.505E-01   1.202E+01   6.130E-03   2.080E-03   3.643E+01   6.054E+01   4.595E+01   1.755E+10   5.374E+11   2.954E+10   2.612E+08   1.101E+08   5.550E+09   1.678E+10   7.814E-02   4.407E-05   6.006E+01   3.203E+01  -1.887E+00
 1  6.565E-01   9.201E+00   2.959E-03   1.082E-03   3.283E+01   5.508E+01   5.855E+01   3.850E+10   3.524E+11   1.590E+10   4.474E+08   1.369E+08   1.328E+10   3.910E+10   4.205E-02   9.670E-05   6.289E+01   9.012E+00  -1.875E+00
 2  3.556E-01   7.047E+00   1.471E-03   6.896E-04   3.138E+01   5.119E+01   2.725E+01   3.429E+10   1.462E+11   6.878E+09   3.184E+08   7.471E+07   1.117E+10   3.515E+10   1.819E-02   8.612E-05   6.289E+01   4.158E+00  -1.904E+00
 3  5.873E-01   5.615E+00   3.065E-03   8.245E-04   3.999E+01   5.795E+01   5.355E+01   1.847E+10   3.697E+11   1.430E+10   3.135E+08   1.876E+08   4.023E+09   1.788E+10   3.782E-02   4.639E-05   6.289E+01   2.067E+01  -1.730E+00
 4  2.972E-01   4.521E+00   1.625E-03   5.635E-04   3.650E+01   5.161E+01   2.311E+01   1.568E+10   1.367E+11   7.211E+09   2.174E+08   1.130E+08   4.102E+09   1.498E+10   1.907E-02   3.937E-05   6.006E+01   9.120E+00  -1.943E+00
 5  3.838E-01   4.122E+00   1.667E-03   7.644E-04   3.409E+01   4.851E+01   2.598E+01   6.519E+09   1.892E+11   8.769E+09   1.660E+08   9.585E+07   3.134E+09   6.332E+09   2.320E-02   1.637E-05   6.006E+01   2.988E+01  -1.517E+00
 6  1.691E-01   4.164E+00   5.384E-04   4.636E-04   2.622E+01   4.592E+01   1.308E+01   1.473E+10   5.711E+10   2.761E+09   1.100E+08   2.436E+07   7.363E+09   1.413E+10   7.303E-03   3.700E-05   6.586E+01   4.041E+00  -2.027E+00
 7  3.489E-01   3.194E+00   2.188E-03   1.291E-03   2.662E+01   5.543E+01   2.981E+01   3.676E+09   2.369E+11   8.924E+09   1.468E+08   1.567E+08   1.385E+09   3.431E+09   2.361E-02   9.231E-06   6.897E+01   6.904E+01  -2.026E+00
 8  2.534E-01   3.494E+00   1.320E-03   7.970E-04   3.053E+01   4.608E+01   1.979E+01   6.591E+09   1.279E+11   6.731E+09   1.231E+08   6.813E+07   1.784E+09   6.183E+09   1.781E-02   1.655E-05   6.289E+01   2.069E+01  -1.785E+00
 9  1.781E-01   3.581E+00   6.997E-04   5.749E-04   2.412E+01   4.842E+01   1.456E+01   1.338E+10   7.594E+10   3.011E+09   7.628E+07   1.981E+07   4.944E+09   1.297E+10   7.966E-03   3.359E-05   6.586E+01   5.856E+00  -1.814E+00
10  2.095E-01   3.429E+00   9.426E-04   4.270E-04   3.299E+01   4.831E+01   1.769E+01   7.557E+09   9.864E+10   4.564E+09   9.703E+07   2.559E+07   2.217E+09   7.656E+09   1.207E-02   1.898E-05   6.289E+01   1.288E+01  -1.646E+00
11  1.872E-01   3.421E+00   7.252E-04   5.951E-04   2.508E+01   4.598E+01   1.221E+01   1.152E+10   6.250E+10   3.105E+09   6.730E+07   2.208E+07   4.038E+09   1.116E+10   8.213E-03   2.892E-05   6.586E+01   5.600E+00  -1.847E+00
12  1.790E-01   3.348E+00   5.288E-04   4.078E-04   3.021E+01   5.429E+01   2.031E+01   1.282E+10   1.201E+11   3.491E+09   9.641E+07   4.466E+07   3.868E+09   1.237E+10   9.236E-03   3.221E-05   6.897E+01   9.712E+00  -1.848E+00
13  1.628E-01   3.532E+00   2.610E-04   1.569E-04   3.657E+01   4.715E+01   1.340E+01   2.837E+10   4.702E+10   1.965E+09   1.296E+08   2.045E+07   7.942E+09   2.891E+10   5.198E-03   7.125E-05   6.289E+01   1.626E+00  -1.966E+00
14  1.382E-01   3.071E+00   1.789E-04   1.232E-04   4.109E+01   5.136E+01   1.200E+01   1.987E+10   6.511E+10   1.820E+09   1.071E+08   2.478E+07   7.185E+09   1.940E+10   4.814E-03   4.990E-05   6.586E+01   3.355E+00  -1.909E+00
15  1.699E-01   2.863E+00   7.697E-04   5.240E-04   2.724E+01   4.502E+01   1.315E+01   8.264E+09   6.541E+10   3.523E+09   7.377E+07   2.639E+07   2.858E+09   7.965E+09   9.321E-03   2.075E-05   6.289E+01   8.212E+00  -1.940E+00
17  1.690E-01   2.732E+00   7.004E-04   4.735E-04   2.575E+01   4.864E+01   1.206E+01   1.204E+10   6.769E+10   2.832E+09   6.983E+07   1.788E+07   2.815E+09   1.173E+10   7.492E-03   3.024E-05   6.586E+01   5.769E+00  -1.900E+00
18  1.503E-01   2.640E+00   3.744E-04   2.946E-04   2.969E+01   4.708E+01   1.148E+01   1.273E+10   5.821E+10   2.395E+09   8.341E+07   2.189E+07   4.828E+09   1.226E+10   6.335E-03   3.196E-05   6.289E+01   4.748E+00  -1.899E+00
23  1.825E-01   2.303E+00   5.935E-04   2.241E-04   3.939E+01   4.587E+01   1.284E+01   1.521E+10   6.718E+10   3.155E+09   9.713E+07   3.561E+07   3.448E+09   1.546E+10   8.347E-03   3.821E-05   6.006E+01   4.345E+00  -1.810E+00
30  1.729E-01   1.934E+00   9.789E-04   6.608E-04   2.303E+01   4.950E+01   1.092E+01   3.904E+09   7.911E+10   3.331E+09   6.621E+07   2.048E+07   1.565E+09   3.760E+09   8.811E-03   9.806E-06   6.586E+01   2.104E+01  -1.563E+00
31  1.324E-01   2.066E+00   6.355E-04   4.616E-04   2.544E+01   5.060E+01   1.114E+01   9.690E+09   7.039E+10   2.697E+09   6.096E+07   2.335E+07   3.045E+09   9.099E+09   7.134E-03   2.434E-05   6.586E+01   7.736E+00  -1.964E+00
41  1.193E-01   1.858E+00   3.832E-04   1.227E-04   3.909E+01   5.206E+01   1.168E+01   9.685E+09   5.206E+10   1.866E+09   6.384E+07   1.082E+07   2.854E+09   9.735E+09   4.935E-03   2.432E-05   6.586E+01   5.348E+00  -1.784E+00
42  1.163E-01   1.823E+00   3.433E-04   1.760E-04   3.472E+01   5.479E+01   1.030E+01   1.235E+10   7.519E+10   2.034E+09   7.258E+07   2.072E+07   5.230E+09   1.172E+10   5.382E-03   3.102E-05   6.897E+01   6.412E+00  -2.018E+00
43  1.479E-01   1.667E+00   7.616E-04   4.878E-04   2.364E+01   5.098E+01   1.084E+01   5.680E+09   6.924E+10   2.626E+09   5.580E+07   2.235E+07   2.037E+09   5.418E+09   6.947E-03   1.426E-05   6.586E+01   1.278E+01  -1.816E+00
47  3.373E-01   2.011E+00   2.253E-03   5.500E-04   3.938E+01   5.957E+01   3.203E+01   2.802E+09   2.028E+11   8.777E+09   1.351E+08   8.257E+07   1.084E+09   2.668E+09   2.322E-02   7.037E-06   6.586E+01   7.602E+01  -1.494E+00
