5.048409999999999620e+00 3.012799999999999614e+43
6.293219999999999814e+00 2.717754995382281025e+43
7.952969999999999651e+00 2.386768528453858150e+43
9.197789999999999466e+00 2.162769830032020970e+43
1.051179999999999914e+01 1.959793453756847977e+43
1.196400000000000041e+01 1.759909366484581101e+43
1.403870000000000040e+01 1.538616206680232867e+43
1.562930000000000064e+01 1.394216771394240144e+43
1.735820000000000007e+01 1.257796270521949853e+43
1.881050000000000111e+01 1.160300027861883237e+43
2.047030000000000172e+01 1.056161428169897986e+43
2.157679999999999865e+01 1.000853017026060081e+43
2.268329999999999913e+01 9.484409626906301180e+42
2.385889999999999844e+01 8.948089157034218402e+42
2.538040000000000163e+01 8.366239687235133019e+42
2.690180000000000149e+01 7.787719537093224022e+42
2.849239999999999995e+01 7.281993763772650726e+42
3.035960000000000036e+01 6.717540642324581493e+42
3.188109999999999999e+01 6.309142006987565450e+42
3.326420000000000243e+01 5.952375256205537206e+42
3.506219999999999715e+01 5.515822761707657842e+42
3.658370000000000033e+01 5.180483593910270174e+42
3.886580000000000013e+01 4.757845143388413783e+42
4.052559999999999718e+01 4.408900549612089850e+42
4.253110000000000213e+01 4.085547862645714396e+42
4.446750000000000114e+01 3.803034827964665859e+42
4.633469999999999800e+01 3.524116871795916861e+42
4.820190000000000197e+01 3.309865169001370629e+42
4.993079999999999785e+01 3.108639081934203376e+42
