5.255880000000000329e+00 3.053587032655441406e+42
5.670819999999999972e+00 3.786258860555406211e+42
6.154910000000000103e+00 4.779366142585642265e+42
6.708160000000000345e+00 5.768864026742505842e+42
7.192249999999999588e+00 6.687908191404751642e+42
7.676350000000000229e+00 7.513638611412892706e+42
8.229599999999999582e+00 8.479501135498048336e+42
8.713689999999999714e+00 9.150615406699400994e+42
9.266939999999999955e+00 1.009834729772043206e+43
9.820190000000000197e+00 1.080066019343994935e+43
1.023509999999999920e+01 1.129510578463028718e+43
1.071920000000000073e+01 1.170712627286704838e+43
1.120330000000000048e+01 1.229844781519853176e+43
1.182569999999999943e+01 1.291963673559321206e+43
1.258639999999999937e+01 1.339091652147034339e+43
1.341629999999999967e+01 1.369526066432657684e+43
1.410790000000000077e+01 1.400523184720789888e+43
1.542190000000000083e+01 1.413091560621410943e+43
1.680499999999999972e+01 1.413091560621410943e+43
1.825730000000000075e+01 1.369526066432657684e+43
1.977870000000000061e+01 1.303677897782843483e+43
2.109270000000000067e+01 1.235407696612321149e+43
2.295990000000000109e+01 1.139751841781609703e+43
2.482710000000000150e+01 1.051405640776827413e+43
2.648689999999999856e+01 9.612808765637743897e+42
2.793909999999999982e+01 8.988563744533744546e+42
2.918400000000000105e+01 8.329334486341590603e+42
3.049790000000000134e+01 7.787719537093224022e+42
3.229599999999999937e+01 7.184727527617124828e+42
3.347160000000000224e+01 6.747925865553543153e+42
3.513139999999999930e+01 6.253026981914927710e+42
3.651449999999999818e+01 5.820634145508594285e+42
3.810510000000000019e+01 5.418140998567248432e+42
3.921159999999999712e+01 5.180483593910270174e+42
4.114800000000000324e+01 4.757845143388413783e+42
4.343019999999999925e+01 4.291906998705252569e+42
4.515910000000000224e+01 3.995124361091542837e+42
4.661129999999999995e+01 3.735685465352999905e+42
4.813280000000000314e+01 3.524116871795916861e+42
4.896269999999999811e+01 3.415468644478504142e+42
4.993079999999999785e+01 3.265655006563082884e+42
