 5.25588E+00 -1.75146E+01
 5.67082E+00 -1.77481E+01
 6.15491E+00 -1.80010E+01
 6.70816E+00 -1.82053E+01
 7.19225E+00 -1.83658E+01
 7.67635E+00 -1.84922E+01
 8.22960E+00 -1.86235E+01
 8.71369E+00 -1.87062E+01
 9.26694E+00 -1.88132E+01
 9.82019E+00 -1.88862E+01
 1.02351E+01 -1.89348E+01
 1.07192E+01 -1.89737E+01
 1.12033E+01 -1.90272E+01
 1.18257E+01 -1.90807E+01
 1.25864E+01 -1.91196E+01
 1.34163E+01 -1.91440E+01
 1.41079E+01 -1.91683E+01
 1.54219E+01 -1.91780E+01
 1.68050E+01 -1.91780E+01
 1.82573E+01 -1.91440E+01
 1.97787E+01 -1.90905E+01
 2.10927E+01 -1.90321E+01
 2.29599E+01 -1.89446E+01
 2.48271E+01 -1.88570E+01
 2.64869E+01 -1.87597E+01
 2.79391E+01 -1.86868E+01
 2.91840E+01 -1.86041E+01
 3.04979E+01 -1.85311E+01
 3.22960E+01 -1.84436E+01
 3.34716E+01 -1.83755E+01
 3.51314E+01 -1.82928E+01
 3.65145E+01 -1.82150E+01
 3.81051E+01 -1.81372E+01
 3.92116E+01 -1.80885E+01
 4.11480E+01 -1.79961E+01
 4.34302E+01 -1.78842E+01
 4.51591E+01 -1.78064E+01
 4.66113E+01 -1.77335E+01
 4.81328E+01 -1.76702E+01
 4.89627E+01 -1.76362E+01
 4.99308E+01 -1.75875E+01
 5.04841E+00 -2.00000E+01
 6.29322E+00 -1.98881E+01
 7.95297E+00 -1.97471E+01
 9.19779E+00 -1.96401E+01
 1.05118E+01 -1.95331E+01
 1.19640E+01 -1.94163E+01
 1.40387E+01 -1.92704E+01
 1.56293E+01 -1.91634E+01
 1.73582E+01 -1.90516E+01
 1.88105E+01 -1.89640E+01
 2.04703E+01 -1.88619E+01
 2.15768E+01 -1.88035E+01
 2.26833E+01 -1.87451E+01
 2.38589E+01 -1.86819E+01
 2.53804E+01 -1.86089E+01
 2.69018E+01 -1.85311E+01
 2.84924E+01 -1.84582E+01
 3.03596E+01 -1.83706E+01
 3.18811E+01 -1.83025E+01
 3.32642E+01 -1.82393E+01
 3.50622E+01 -1.81566E+01
 3.65837E+01 -1.80885E+01
 3.88658E+01 -1.79961E+01
 4.05256E+01 -1.79134E+01
 4.25311E+01 -1.78307E+01
 4.44675E+01 -1.77529E+01
 4.63347E+01 -1.76702E+01
 4.82019E+01 -1.76021E+01
 4.99308E+01 -1.75340E+01
