-1.49918E+03  0.00000E+00
-1.46920E+03  5.20710E-09
-1.43921E+03  5.85760E-09
-1.40923E+03  6.50298E-09
-1.37925E+03  9.51913E-09
-1.34926E+03  1.90204E-08
-1.31928E+03  3.99067E-08
-1.28930E+03  7.51201E-08
-1.25931E+03  1.20964E-07
-1.22933E+03  1.64284E-07
-1.19935E+03  1.88026E-07
-1.16936E+03  1.84082E-07
-1.13938E+03  1.60799E-07
-1.10939E+03  1.39805E-07
-1.07941E+03  1.57951E-07
-1.04943E+03  2.93517E-07
-1.01944E+03  7.25525E-07
-9.89460E+02  1.91188E-06
-9.59476E+02  5.30713E-06
-9.29493E+02  1.55555E-05
-8.99509E+02  4.47434E-05
-8.69525E+02  1.16865E-04
-8.39542E+02  2.69246E-04
-8.09558E+02  5.54200E-04
-7.79575E+02  1.05346E-03
-7.49591E+02  1.91558E-03
-7.19607E+02  3.44082E-03
-6.89624E+02  6.30902E-03
-6.59640E+02  1.20358E-02
-6.29656E+02  2.33742E-02
-5.99673E+02  4.38340E-02
-5.69689E+02  7.57048E-02
-5.39705E+02  1.17624E-01
-5.09722E+02  1.63621E-01
-4.79738E+02  2.05781E-01
-4.49755E+02  2.37378E-01
-4.19771E+02  2.54891E-01
-3.89787E+02  2.57585E-01
-3.59804E+02  2.47888E-01
-3.29820E+02  2.32888E-01
-2.99836E+02  2.25914E-01
-2.69853E+02  2.44434E-01
-2.39869E+02  3.02635E-01
-2.09885E+02  4.00120E-01
-1.79902E+02  5.13937E-01
-1.49918E+02  6.06863E-01
-1.19935E+02  6.46039E-01
-8.99509E+01  6.22851E-01
-5.99673E+01  5.56888E-01
-2.99836E+01  4.81772E-01
 1.34110E-12  4.26841E-01
 2.99836E+01  4.04687E-01
 5.99673E+01  4.09857E-01
 8.99509E+01  4.24329E-01
 1.19935E+02  4.28553E-01
 1.49918E+02  4.11458E-01
 1.79902E+02  3.76924E-01
 2.09885E+02  3.37267E-01
 2.39869E+02  3.02765E-01
 2.69853E+02  2.75576E-01
 2.99836E+02  2.51610E-01
 3.29820E+02  2.26678E-01
 3.59804E+02  2.00623E-01
 3.89787E+02  1.75787E-01
 4.19771E+02  1.53520E-01
 4.49755E+02  1.32385E-01
 4.79738E+02  1.10180E-01
 5.09722E+02  8.57542E-02
 5.39705E+02  6.08236E-02
 5.69689E+02  3.86596E-02
 5.99673E+02  2.18095E-02
 6.29656E+02  1.08720E-02
 6.59640E+02  4.77835E-03
 6.89624E+02  1.84749E-03
 7.19607E+02  6.25636E-04
 7.49591E+02  1.84285E-04
 7.79575E+02  4.69381E-05
 8.09558E+02  1.05083E-05
 8.39542E+02  2.51017E-06
 8.69525E+02  1.36190E-06
 8.99509E+02  1.65519E-06
 9.29493E+02  2.07743E-06
 9.59476E+02  2.18480E-06
 9.89460E+02  1.87237E-06
 1.01944E+03  1.31379E-06
 1.04943E+03  7.76845E-07
 1.07941E+03  4.14253E-07
 1.10939E+03  2.21706E-07
 1.13938E+03  1.29053E-07
 1.16936E+03  8.07850E-08
 1.19935E+03  5.26210E-08
 1.22933E+03  3.79701E-08
 1.25931E+03  3.57788E-08
 1.28930E+03  4.45380E-08
 1.31928E+03  5.94649E-08
 1.34926E+03  7.27626E-08
 1.37925E+03  7.78259E-08
 1.40923E+03  7.13001E-08
 1.43921E+03  5.79063E-08
 1.46920E+03  4.22877E-08
 1.49918E+03  2.81356E-08
