-6.90403E+02  0.00000E+00
-6.76595E+02  4.42836E-08
-6.62787E+02  3.39351E-07
-6.48979E+02  2.18493E-06
-6.35171E+02  1.18614E-05
-6.21363E+02  5.45734E-05
-6.07555E+02  2.14314E-04
-5.93746E+02  7.24367E-04
-5.79938E+02  2.12450E-03
-5.66130E+02  5.44130E-03
-5.52322E+02  1.22211E-02
-5.38514E+02  2.41229E-02
-5.24706E+02  4.19243E-02
-5.10898E+02  6.46373E-02
-4.97090E+02  8.96354E-02
-4.83282E+02  1.14668E-01
-4.69474E+02  1.40207E-01
-4.55666E+02  1.69509E-01
-4.41858E+02  2.07786E-01
-4.28050E+02  2.60749E-01
-4.14242E+02  3.32587E-01
-4.00434E+02  4.28763E-01
-3.86626E+02  5.56693E-01
-3.72818E+02  7.26024E-01
-3.59009E+02  9.45185E-01
-3.45201E+02  1.21640E+00
-3.31393E+02  1.53125E+00
-3.17585E+02  1.87341E+00
-3.03777E+02  2.22464E+00
-2.89969E+02  2.57461E+00
-2.76161E+02  2.92322E+00
-2.62353E+02  3.27512E+00
-2.48545E+02  3.63333E+00
-2.34737E+02  3.99526E+00
-2.20929E+02  4.34540E+00
-2.07121E+02  4.66722E+00
-1.93313E+02  4.95560E+00
-1.79505E+02  5.22684E+00
-1.65697E+02  5.51260E+00
-1.51889E+02  5.84100E+00
-1.38081E+02  6.21215E+00
-1.24273E+02  6.58877E+00
-1.10464E+02  6.91252E+00
-9.66564E+01  7.13474E+00
-8.28483E+01  7.23436E+00
-6.90403E+01  7.22049E+00
-5.52322E+01  7.11913E+00
-4.14242E+01  6.96528E+00
-2.76161E+01  6.78886E+00
-1.38081E+01  6.61090E+00
 4.09782E-13  6.43567E+00
 1.38081E+01  6.24857E+00
 2.76161E+01  6.03294E+00
 4.14242E+01  5.78889E+00
 5.52322E+01  5.55194E+00
 6.90403E+01  5.38999E+00
 8.28483E+01  5.37521E+00
 9.66564E+01  5.54055E+00
 1.10464E+02  5.85300E+00
 1.24273E+02  6.21698E+00
 1.38081E+02  6.51292E+00
 1.51889E+02  6.64527E+00
 1.65697E+02  6.57439E+00
 1.79505E+02  6.31593E+00
 1.93313E+02  5.90853E+00
 2.07121E+02  5.41144E+00
 2.20929E+02  4.86049E+00
 2.34737E+02  4.27273E+00
 2.48545E+02  3.67495E+00
 2.62353E+02  3.11390E+00
 2.76161E+02  2.64147E+00
 2.89969E+02  2.28360E+00
 3.03777E+02  2.03859E+00
 3.17585E+02  1.87739E+00
 3.31393E+02  1.76638E+00
 3.45201E+02  1.67835E+00
 3.59009E+02  1.60035E+00
 3.72818E+02  1.52757E+00
 3.86626E+02  1.45345E+00
 4.00434E+02  1.36525E+00
 4.14242E+02  1.24721E+00
 4.28050E+02  1.08985E+00
 4.41858E+02  8.97588E-01
 4.55666E+02  6.91289E-01
 4.69474E+02  4.98014E-01
 4.83282E+02  3.37709E-01
 4.97090E+02  2.17097E-01
 5.10898E+02  1.32705E-01
 5.24706E+02  7.68551E-02
 5.38514E+02  4.20135E-02
 5.52322E+02  2.17851E-02
 5.66130E+02  1.09630E-02
 5.79938E+02  5.51667E-03
 5.93746E+02  2.89382E-03
 6.07555E+02  1.67239E-03
 6.21363E+02  1.18795E-03
 6.35171E+02  1.08559E-03
 6.48979E+02  1.18738E-03
 6.62787E+02  1.52844E-03
 6.76595E+02  1.25853E-03
 6.90403E+02  7.86327E-04
