-7.93147E+02  0.00000E+00
-7.77284E+02  1.47217E-04
-7.61421E+02  5.87885E-04
-7.45558E+02  1.98012E-03
-7.29695E+02  5.61838E-03
-7.13832E+02  1.34824E-02
-6.97969E+02  2.75838E-02
-6.82106E+02  4.87206E-02
-6.66243E+02  7.55198E-02
-6.50380E+02  1.04994E-01
-6.34517E+02  1.34265E-01
-6.18654E+02  1.61632E-01
-6.02792E+02  1.85858E-01
-5.86929E+02  2.05174E-01
-5.71066E+02  2.17728E-01
-5.55203E+02  2.23420E-01
-5.39340E+02  2.25166E-01
-5.23477E+02  2.28147E-01
-5.07614E+02  2.37571E-01
-4.91751E+02  2.57564E-01
-4.75888E+02  2.91833E-01
-4.60025E+02  3.44952E-01
-4.44162E+02  4.22696E-01
-4.28299E+02  5.30393E-01
-4.12436E+02  6.70819E-01
-3.96573E+02  8.42667E-01
-3.80710E+02  1.04079E+00
-3.64848E+02  1.25957E+00
-3.48985E+02  1.49585E+00
-3.33122E+02  1.74697E+00
-3.17259E+02  2.00402E+00
-3.01396E+02  2.24729E+00
-2.85533E+02  2.45343E+00
-2.69670E+02  2.61095E+00
-2.53807E+02  2.72851E+00
-2.37944E+02  2.82950E+00
-2.22081E+02  2.93578E+00
-2.06218E+02  3.06105E+00
-1.90355E+02  3.21447E+00
-1.74492E+02  3.40691E+00
-1.58629E+02  3.64945E+00
-1.42766E+02  3.94755E+00
-1.26903E+02  4.29054E+00
-1.11041E+02  4.63587E+00
-9.51776E+01  4.90484E+00
-7.93147E+01  5.01864E+00
-6.34517E+01  4.94591E+00
-4.75888E+01  4.73325E+00
-3.17259E+01  4.47593E+00
-1.58629E+01  4.25576E+00
-1.67638E-13  4.10130E+00
 1.58629E+01  3.99152E+00
 3.17259E+01  3.89663E+00
 4.75888E+01  3.80881E+00
 6.34517E+01  3.73951E+00
 7.93147E+01  3.69110E+00
 9.51776E+01  3.63299E+00
 1.11041E+02  3.51465E+00
 1.26903E+02  3.29971E+00
 1.42766E+02  2.98945E+00
 1.58629E+02  2.62251E+00
 1.74492E+02  2.25036E+00
 1.90355E+02  1.91259E+00
 2.06218E+02  1.62602E+00
 2.22081E+02  1.39193E+00
 2.37944E+02  1.20203E+00
 2.53807E+02  1.04371E+00
 2.69670E+02  9.03126E-01
 2.85533E+02  7.70814E-01
 3.01396E+02  6.45451E-01
 3.17259E+02  5.30397E-01
 3.33122E+02  4.29653E-01
 3.48985E+02  3.43969E-01
 3.64848E+02  2.72036E-01
 3.80710E+02  2.10404E-01
 3.96573E+02  1.56346E-01
 4.12436E+02  1.09286E-01
 4.28299E+02  7.03457E-02
 4.44162E+02  4.11614E-02
 4.60025E+02  2.17544E-02
 4.75888E+02  1.04675E-02
 4.91751E+02  4.74930E-03
 5.07614E+02  2.21884E-03
 5.23477E+02  1.33005E-03
 5.39340E+02  1.12905E-03
 5.55203E+02  1.14186E-03
 5.71066E+02  1.11648E-03
 5.86929E+02  9.45290E-04
 6.02792E+02  6.72491E-04
 6.18654E+02  4.02992E-04
 6.34517E+02  2.11645E-04
 6.50380E+02  1.07926E-04
 6.66243E+02  6.07276E-05
 6.82106E+02  4.13419E-05
 6.97969E+02  3.17319E-05
 7.13832E+02  2.49329E-05
 7.29695E+02  1.93496E-05
 7.45558E+02  1.48574E-05
 7.61421E+02  1.14309E-05
 7.77284E+02  8.81998E-06
 7.93147E+02  6.60359E-06
