-6.26508E+02  0.00000E+00
-6.13978E+02  1.32478E-04
-6.01448E+02  7.45141E-05
-5.88917E+02  4.66812E-05
-5.76387E+02  4.26415E-05
-5.63857E+02  6.17363E-05
-5.51327E+02  1.12029E-04
-5.38797E+02  2.22428E-04
-5.26267E+02  4.89249E-04
-5.13736E+02  1.16496E-03
-5.01206E+02  2.73654E-03
-4.88676E+02  5.86488E-03
-4.76146E+02  1.10893E-02
-4.63616E+02  1.84274E-02
-4.51086E+02  2.72180E-02
-4.38555E+02  3.63939E-02
-4.26025E+02  4.49387E-02
-4.13495E+02  5.21611E-02
-4.00965E+02  5.76695E-02
-3.88435E+02  6.12593E-02
-3.75905E+02  6.30826E-02
-3.63375E+02  6.39949E-02
-3.50844E+02  6.55590E-02
-3.38314E+02  6.94444E-02
-3.25784E+02  7.66492E-02
-3.13254E+02  8.72217E-02
-3.00724E+02  1.00577E-01
-2.88194E+02  1.16022E-01
-2.75663E+02  1.33145E-01
-2.63133E+02  1.51848E-01
-2.50603E+02  1.72232E-01
-2.38073E+02  1.94131E-01
-2.25543E+02  2.17109E-01
-2.13013E+02  2.39628E-01
-2.00483E+02  2.59638E-01
-1.87952E+02  2.75310E-01
-1.75422E+02  2.84671E-01
-1.62892E+02  2.85891E-01
-1.50362E+02  2.77884E-01
-1.37832E+02  2.61592E-01
-1.25302E+02  2.40563E-01
-1.12771E+02  2.19795E-01
-1.00241E+02  2.04076E-01
-8.77111E+01  1.97476E-01
-7.51809E+01  2.02302E-01
-6.26508E+01  2.18367E-01
-5.01206E+01  2.43396E-01
-3.75905E+01  2.75244E-01
-2.50603E+01  3.13429E-01
-1.25302E+01  3.58856E-01
 7.12462E-13  4.11143E-01
 1.25302E+01  4.65296E-01
 2.50603E+01  5.12758E-01
 3.75905E+01  5.45708E-01
 5.01206E+01  5.60751E-01
 6.26508E+01  5.58971E-01
 7.51809E+01  5.42831E-01
 8.77111E+01  5.13674E-01
 1.00241E+02  4.72442E-01
 1.12771E+02  4.21928E-01
 1.25302E+02  3.67650E-01
 1.37832E+02  3.15968E-01
 1.50362E+02  2.71756E-01
 1.62892E+02  2.37627E-01
 1.75422E+02  2.14312E-01
 1.87952E+02  2.01149E-01
 2.00483E+02  1.96087E-01
 2.13013E+02  1.95673E-01
 2.25543E+02  1.95655E-01
 2.38073E+02  1.92486E-01
 2.50603E+02  1.84084E-01
 2.63133E+02  1.70033E-01
 2.75663E+02  1.51437E-01
 2.88194E+02  1.30385E-01
 3.00724E+02  1.09223E-01
 3.13254E+02  8.96595E-02
 3.25784E+02  7.23813E-02
 3.38314E+02  5.73064E-02
 3.50844E+02  4.40418E-02
 3.63375E+02  3.22898E-02
 3.75905E+02  2.20917E-02
 3.88435E+02  1.37923E-02
 4.00965E+02  7.70097E-03
 4.13495E+02  3.78663E-03
 4.26025E+02  1.62211E-03
 4.38555E+02  6.02457E-04
 4.51086E+02  1.95516E-04
 4.63616E+02  5.78284E-05
 4.76146E+02  1.78691E-05
 4.88676E+02  7.75166E-06
 5.01206E+02  5.62945E-06
 5.13736E+02  5.40375E-06
 5.26267E+02  5.38892E-06
 5.38797E+02  5.34529E-06
 5.51327E+02  5.80297E-06
 5.63857E+02  7.33566E-06
 5.76387E+02  9.65714E-06
 5.88917E+02  1.14189E-05
 6.01448E+02  1.13185E-05
 6.13978E+02  9.16632E-06
 6.26508E+02  5.97282E-06
