-7.26818E+02  0.00000E+00
-7.12281E+02  1.97175E-05
-6.97745E+02  4.08027E-05
-6.83209E+02  7.55081E-05
-6.68672E+02  1.23245E-04
-6.54136E+02  1.88468E-04
-6.39600E+02  3.01991E-04
-6.25063E+02  5.48099E-04
-6.10527E+02  1.08364E-03
-5.95990E+02  2.14235E-03
-5.81454E+02  4.01309E-03
-5.66918E+02  6.98498E-03
-5.52381E+02  1.13000E-02
-5.37845E+02  1.71973E-02
-5.23309E+02  2.52042E-02
-5.08772E+02  3.64287E-02
-4.94236E+02  5.28998E-02
-4.79700E+02  7.81493E-02
-4.65163E+02  1.17709E-01
-4.50627E+02  1.78895E-01
-4.36091E+02  2.68421E-01
-4.21554E+02  3.87808E-01
-4.07018E+02  5.29105E-01
-3.92482E+02  6.73694E-01
-3.77945E+02  7.96767E-01
-3.63409E+02  8.76049E-01
-3.48872E+02  9.01649E-01
-3.34336E+02  8.80841E-01
-3.19800E+02  8.34233E-01
-3.05263E+02  7.85811E-01
-2.90727E+02  7.52609E-01
-2.76191E+02  7.40036E-01
-2.61654E+02  7.43849E-01
-2.47118E+02  7.56747E-01
-2.32582E+02  7.73524E-01
-2.18045E+02  7.92565E-01
-2.03509E+02  8.13621E-01
-1.88973E+02  8.35273E-01
-1.74436E+02  8.54748E-01
-1.59900E+02  8.68970E-01
-1.45364E+02  8.76188E-01
-1.30827E+02  8.77333E-01
-1.16291E+02  8.75924E-01
-1.01754E+02  8.76999E-01
-8.72181E+01  8.84941E-01
-7.26818E+01  9.01497E-01
-5.81454E+01  9.24837E-01
-4.36091E+01  9.52331E-01
-2.90727E+01  9.83043E-01
-1.45364E+01  1.01838E+00
 3.95812E-13  1.05937E+00
 1.45364E+01  1.10711E+00
 2.90727E+01  1.16419E+00
 4.36091E+01  1.23482E+00
 5.81454E+01  1.32304E+00
 7.26818E+01  1.42852E+00
 8.72181E+01  1.54216E+00
 1.01754E+02  1.64644E+00
 1.16291E+02  1.72078E+00
 1.30827E+02  1.74972E+00
 1.45364E+02  1.72890E+00
 1.59900E+02  1.66469E+00
 1.74436E+02  1.56886E+00
 1.88973E+02  1.45356E+00
 2.03509E+02  1.32868E+00
 2.18045E+02  1.20141E+00
 2.32582E+02  1.07656E+00
 2.47118E+02  9.57678E-01
 2.61654E+02  8.46721E-01
 2.76191E+02  7.43747E-01
 2.90727E+02  6.46778E-01
 3.05263E+02  5.52543E-01
 3.19800E+02  4.58320E-01
 3.34336E+02  3.64271E-01
 3.48872E+02  2.74629E-01
 3.63409E+02  1.95565E-01
 3.77945E+02  1.31858E-01
 3.92482E+02  8.47681E-02
 4.07018E+02  5.22136E-02
 4.21554E+02  3.09091E-02
 4.36091E+02  1.77898E-02
 4.50627E+02  1.03133E-02
 4.65163E+02  6.43611E-03
 4.79700E+02  4.54460E-03
 4.94236E+02  3.26509E-03
 5.08772E+02  2.41080E-03
 5.23309E+02  1.82699E-03
 5.37845E+02  1.35515E-03
 5.52381E+02  9.49272E-04
 5.66918E+02  6.13507E-04
 5.81454E+02  3.71664E-04
 5.95990E+02  2.28196E-04
 6.10527E+02  1.57193E-04
 6.25063E+02  1.22321E-04
 6.39600E+02  9.53898E-05
 6.54136E+02  6.90631E-05
 6.68672E+02  4.61242E-05
 6.83209E+02  2.77648E-05
 6.97745E+02  1.49978E-05
 7.12281E+02  7.76773E-06
 7.26818E+02  5.01517E-06
