-8.02455E+02  0.00000E+00
-7.86406E+02  1.37467E-06
-7.70357E+02  4.51805E-06
-7.54307E+02  1.53407E-05
-7.38258E+02  4.87067E-05
-7.22209E+02  1.33465E-04
-7.06160E+02  3.03500E-04
-6.90111E+02  5.64110E-04
-6.74062E+02  8.53384E-04
-6.58013E+02  1.05317E-03
-6.41964E+02  1.07891E-03
-6.25915E+02  9.80210E-04
-6.09866E+02  9.76734E-04
-5.93816E+02  1.43351E-03
-5.77767E+02  2.82110E-03
-5.61718E+02  5.74449E-03
-5.45669E+02  1.11354E-02
-5.29620E+02  2.06882E-02
-5.13571E+02  3.71902E-02
-4.97522E+02  6.39539E-02
-4.81473E+02  1.02925E-01
-4.65424E+02  1.52769E-01
-4.49375E+02  2.08999E-01
-4.33326E+02  2.66400E-01
-4.17276E+02  3.21331E-01
-4.01227E+02  3.72798E-01
-3.85178E+02  4.20480E-01
-3.69129E+02  4.66051E-01
-3.53080E+02  5.16306E-01
-3.37031E+02  5.80631E-01
-3.20982E+02  6.72738E-01
-3.04933E+02  8.07766E-01
-2.88884E+02  9.97251E-01
-2.72835E+02  1.24387E+00
-2.56786E+02  1.53857E+00
-2.40736E+02  1.86406E+00
-2.24687E+02  2.19563E+00
-2.08638E+02  2.50510E+00
-1.92589E+02  2.77010E+00
-1.76540E+02  2.97875E+00
-1.60491E+02  3.13968E+00
-1.44442E+02  3.27680E+00
-1.28393E+02  3.42357E+00
-1.12344E+02  3.59941E+00
-9.62946E+01  3.79297E+00
-8.02455E+01  3.95957E+00
-6.41964E+01  4.04276E+00
-4.81473E+01  4.00813E+00
-3.20982E+01  3.86457E+00
-1.60491E+01  3.66696E+00
 4.65661E-15  3.49959E+00
 1.60491E+01  3.38677E+00
 3.20982E+01  3.36062E+00
 4.81473E+01  3.38578E+00
 6.41964E+01  3.38910E+00
 8.02455E+01  3.30736E+00
 9.62946E+01  3.11276E+00
 1.12344E+02  2.82349E+00
 1.28393E+02  2.49061E+00
 1.44442E+02  2.16784E+00
 1.60491E+02  1.88667E+00
 1.76540E+02  1.65180E+00
 1.92589E+02  1.45160E+00
 2.08638E+02  1.27245E+00
 2.24687E+02  1.10875E+00
 2.40736E+02  9.61663E-01
 2.56786E+02  8.33645E-01
 2.72835E+02  7.24679E-01
 2.88884E+02  6.31984E-01
 3.04933E+02  5.53745E-01
 3.20982E+02  4.89043E-01
 3.37031E+02  4.36681E-01
 3.53080E+02  3.93154E-01
 3.69129E+02  3.54618E-01
 3.85178E+02  3.18388E-01
 4.01227E+02  2.83619E-01
 4.17276E+02  2.50428E-01
 4.33326E+02  2.18918E-01
 4.49375E+02  1.89260E-01
 4.65424E+02  1.61264E-01
 4.81473E+02  1.34194E-01
 4.97522E+02  1.08010E-01
 5.13571E+02  8.35173E-02
 5.29620E+02  6.22042E-02
 5.45669E+02  4.51213E-02
 5.61718E+02  3.23718E-02
 5.77767E+02  2.31467E-02
 5.93816E+02  1.63502E-02
 6.09866E+02  1.11443E-02
 6.25915E+02  7.10457E-03
 6.41964E+02  4.12438E-03
 6.58013E+02  2.14836E-03
 6.74062E+02  1.01482E-03
 6.90111E+02  4.68644E-04
 7.06160E+02  2.53870E-04
 7.22209E+02  1.91249E-04
 7.38258E+02  1.85024E-04
 7.54307E+02  1.91307E-04
 7.70357E+02  1.89101E-04
 7.86406E+02  1.73039E-04
 8.02455E+02  1.48787E-04
