-6.90330E+02  0.00000E+00
-6.76523E+02  2.32119E-07
-6.62716E+02  1.20926E-06
-6.48910E+02  5.08837E-06
-6.35103E+02  1.73756E-05
-6.21297E+02  4.85804E-05
-6.07490E+02  1.13153E-04
-5.93683E+02  2.27040E-04
-5.79877E+02  4.16912E-04
-5.66070E+02  7.60258E-04
-5.52264E+02  1.38689E-03
-5.38457E+02  2.42547E-03
-5.24651E+02  4.05372E-03
-5.10844E+02  6.27890E-03
-4.97037E+02  8.79313E-03
-4.83231E+02  1.12571E-02
-4.69424E+02  1.39843E-02
-4.55618E+02  1.68639E-02
-4.41811E+02  1.96691E-02
-4.28004E+02  2.27943E-02
-4.14198E+02  2.72278E-02
-4.00391E+02  3.42968E-02
-3.86585E+02  4.34489E-02
-3.72778E+02  5.42308E-02
-3.58971E+02  6.83929E-02
-3.45165E+02  8.76714E-02
-3.31358E+02  1.09507E-01
-3.17552E+02  1.33641E-01
-3.03745E+02  1.59250E-01
-2.89938E+02  1.78359E-01
-2.76132E+02  1.89853E-01
-2.62325E+02  2.08498E-01
-2.48519E+02  2.35895E-01
-2.34712E+02  2.71725E-01
-2.20905E+02  3.04137E-01
-2.07099E+02  3.33129E-01
-1.93292E+02  3.57200E-01
-1.79486E+02  3.83534E-01
-1.65679E+02  4.11320E-01
-1.51873E+02  4.43303E-01
-1.38066E+02  4.81400E-01
-1.24259E+02  5.07947E-01
-1.10453E+02  5.35147E-01
-9.66461E+01  5.61721E-01
-8.28396E+01  5.76419E-01
-6.90330E+01  5.91469E-01
-5.52264E+01  5.99940E-01
-4.14198E+01  6.09437E-01
-2.76132E+01  6.08352E-01
-1.38066E+01  5.99189E-01
-8.61473E-13  5.99931E-01
 1.38066E+01  6.00950E-01
 2.76132E+01  6.12927E-01
 4.14198E+01  6.31911E-01
 5.52264E+01  6.33861E-01
 6.90330E+01  6.28405E-01
 8.28396E+01  6.39630E-01
 9.66461E+01  6.69178E-01
 1.10453E+02  7.15630E-01
 1.24259E+02  7.58294E-01
 1.38066E+02  7.77082E-01
 1.51873E+02  8.05393E-01
 1.65679E+02  8.08292E-01
 1.79486E+02  7.73367E-01
 1.93292E+02  7.08273E-01
 2.07099E+02  6.26728E-01
 2.20905E+02  5.52877E-01
 2.34712E+02  4.92547E-01
 2.48519E+02  4.53617E-01
 2.62325E+02  4.04887E-01
 2.76132E+02  3.49838E-01
 2.89938E+02  3.18233E-01
 3.03745E+02  3.00671E-01
 3.17552E+02  2.84132E-01
 3.31358E+02  2.65554E-01
 3.45165E+02  2.55050E-01
 3.58971E+02  2.32606E-01
 3.72778E+02  2.14172E-01
 3.86585E+02  1.95622E-01
 4.00391E+02  1.74239E-01
 4.14198E+02  1.56085E-01
 4.28004E+02  1.37296E-01
 4.41811E+02  1.12658E-01
 4.55618E+02  8.94675E-02
 4.69424E+02  7.37238E-02
 4.83231E+02  5.85394E-02
 4.97037E+02  4.13626E-02
 5.10844E+02  2.98737E-02
 5.24651E+02  1.84269E-02
 5.38457E+02  1.28581E-02
 5.52264E+02  9.60046E-03
 5.66070E+02  7.95115E-03
 5.79877E+02  7.74209E-03
 5.93683E+02  5.67086E-03
 6.07490E+02  4.49200E-03
 6.21297E+02  3.74676E-03
 6.35103E+02  3.87974E-03
 6.48910E+02  3.05049E-03
 6.62716E+02  2.42947E-03
 6.76523E+02  1.91593E-03
 6.90330E+02  3.01825E-03
