-1.49913E+03  0.00000E+00
-1.46915E+03  2.80575E-06
-1.43917E+03  3.00553E-06
-1.40918E+03  2.77803E-06
-1.37920E+03  2.61173E-06
-1.34922E+03  3.04253E-06
-1.31924E+03  4.17611E-06
-1.28925E+03  5.67522E-06
-1.25927E+03  7.46306E-06
-1.22929E+03  1.06848E-05
-1.19931E+03  1.76758E-05
-1.16932E+03  2.99083E-05
-1.13934E+03  4.53511E-05
-1.10936E+03  5.97905E-05
-1.07938E+03  7.52033E-05
-1.04939E+03  1.10888E-04
-1.01941E+03  2.07339E-04
-9.89427E+02  4.15722E-04
-9.59444E+02  7.79926E-04
-9.29462E+02  1.34652E-03
-8.99479E+02  2.24789E-03
-8.69497E+02  3.81006E-03
-8.39514E+02  6.47962E-03
-8.09531E+02  1.04649E-02
-7.79549E+02  1.54502E-02
-7.49566E+02  2.08778E-02
-7.19583E+02  2.65816E-02
-6.89601E+02  3.30107E-02
-6.59618E+02  4.09015E-02
-6.29635E+02  5.12039E-02
-5.99653E+02  6.46475E-02
-5.69670E+02  8.20885E-02
-5.39688E+02  1.04592E-01
-5.09705E+02  1.30190E-01
-4.79722E+02  1.55778E-01
-4.49740E+02  1.80142E-01
-4.19757E+02  1.97925E-01
-3.89774E+02  2.11005E-01
-3.59792E+02  2.21787E-01
-3.29809E+02  2.33324E-01
-2.99826E+02  2.43661E-01
-2.69844E+02  2.58944E-01
-2.39861E+02  2.79979E-01
-2.09878E+02  3.09198E-01
-1.79896E+02  3.40458E-01
-1.49913E+02  3.64522E-01
-1.19931E+02  3.72987E-01
-8.99479E+01  3.63913E-01
-5.99653E+01  3.47419E-01
-2.99826E+01  3.33702E-01
-4.93601E-13  3.27614E-01
 2.99826E+01  3.27061E-01
 5.99653E+01  3.32565E-01
 8.99479E+01  3.42447E-01
 1.19931E+02  3.53002E-01
 1.49913E+02  3.59128E-01
 1.79896E+02  3.62102E-01
 2.09878E+02  3.60507E-01
 2.39861E+02  3.47112E-01
 2.69844E+02  3.17094E-01
 2.99826E+02  2.72217E-01
 3.29809E+02  2.17309E-01
 3.59792E+02  1.62208E-01
 3.89774E+02  1.15119E-01
 4.19757E+02  7.96399E-02
 4.49740E+02  5.43697E-02
 4.79722E+02  3.79578E-02
 5.09705E+02  2.63480E-02
 5.39688E+02  1.72950E-02
 5.69670E+02  1.05345E-02
 5.99653E+02  5.86232E-03
 6.29635E+02  2.96252E-03
 6.59618E+02  1.39317E-03
 6.89601E+02  6.80696E-04
 7.19583E+02  4.22338E-04
 7.49566E+02  3.52097E-04
 7.79549E+02  3.27448E-04
 8.09531E+02  2.95246E-04
 8.39514E+02  2.60952E-04
 8.69497E+02  2.52971E-04
 8.99479E+02  2.81945E-04
 9.29462E+02  3.20521E-04
 9.59444E+02  3.24129E-04
 9.89427E+02  2.72601E-04
 1.01941E+03  1.87048E-04
 1.04939E+03  1.06179E-04
 1.07938E+03  5.36769E-05
 1.10936E+03  2.93141E-05
 1.13934E+03  2.09683E-05
 1.16932E+03  1.75872E-05
 1.19931E+03  1.40000E-05
 1.22929E+03  9.87388E-06
 1.25927E+03  6.76586E-06
 1.28925E+03  5.73691E-06
 1.31924E+03  6.53686E-06
 1.34922E+03  7.98731E-06
 1.37920E+03  8.80533E-06
 1.40918E+03  8.21321E-06
 1.43917E+03  6.48018E-06
 1.46915E+03  4.34126E-06
 1.49913E+03  2.51284E-06
