-7.26748E+02  0.00000E+00
-7.12213E+02  1.79074E-04
-6.97678E+02  2.11729E-04
-6.83143E+02  2.54155E-04
-6.68608E+02  3.07735E-04
-6.54073E+02  3.89242E-04
-6.39538E+02  5.08211E-04
-6.25003E+02  7.72324E-04
-6.10468E+02  1.09458E-03
-5.95933E+02  1.72370E-03
-5.81398E+02  2.70032E-03
-5.66863E+02  3.97162E-03
-5.52328E+02  5.93124E-03
-5.37793E+02  7.95530E-03
-5.23258E+02  1.00410E-02
-5.08723E+02  1.30592E-02
-4.94188E+02  1.68123E-02
-4.79654E+02  2.22373E-02
-4.65119E+02  2.92200E-02
-4.50584E+02  3.85066E-02
-4.36049E+02  5.22258E-02
-4.21514E+02  6.90233E-02
-4.06979E+02  9.09608E-02
-3.92444E+02  1.16908E-01
-3.77909E+02  1.41479E-01
-3.63374E+02  1.62627E-01
-3.48839E+02  1.75123E-01
-3.34304E+02  1.75729E-01
-3.19769E+02  1.69367E-01
-3.05234E+02  1.59496E-01
-2.90699E+02  1.48735E-01
-2.76164E+02  1.42942E-01
-2.61629E+02  1.40244E-01
-2.47094E+02  1.36227E-01
-2.32559E+02  1.36068E-01
-2.18024E+02  1.36813E-01
-2.03489E+02  1.38012E-01
-1.88954E+02  1.39207E-01
-1.74419E+02  1.41753E-01
-1.59885E+02  1.49176E-01
-1.45350E+02  1.58115E-01
-1.30815E+02  1.70168E-01
-1.16280E+02  1.83709E-01
-1.01745E+02  2.01257E-01
-8.72097E+01  2.14658E-01
-7.26748E+01  2.33732E-01
-5.81398E+01  2.53958E-01
-4.36049E+01  2.83273E-01
-2.90699E+01  3.19947E-01
-1.45350E+01  3.63513E-01
-3.95812E-13  4.07998E-01
 1.45350E+01  4.50249E-01
 2.90699E+01  4.93879E-01
 4.36049E+01  5.28138E-01
 5.81398E+01  5.43897E-01
 7.26748E+01  5.51912E-01
 8.72097E+01  5.62109E-01
 1.01745E+02  5.63988E-01
 1.16280E+02  5.62338E-01
 1.30815E+02  5.50091E-01
 1.45350E+02  5.25496E-01
 1.59885E+02  4.96873E-01
 1.74419E+02  4.72627E-01
 1.88954E+02  4.39165E-01
 2.03489E+02  4.03798E-01
 2.18024E+02  3.69408E-01
 2.32559E+02  3.34248E-01
 2.47094E+02  3.01375E-01
 2.61629E+02  2.73235E-01
 2.76164E+02  2.52307E-01
 2.90699E+02  2.27582E-01
 3.05234E+02  2.01746E-01
 3.19769E+02  1.74322E-01
 3.34304E+02  1.44019E-01
 3.48839E+02  1.14635E-01
 3.63374E+02  9.53065E-02
 3.77909E+02  7.85036E-02
 3.92444E+02  6.26419E-02
 4.06979E+02  4.77828E-02
 4.21514E+02  3.07290E-02
 4.36049E+02  3.00952E-02
 4.50584E+02  2.76940E-02
 4.65119E+02  2.21368E-02
 4.79654E+02  1.75819E-02
 4.94188E+02  1.31344E-02
 5.08723E+02  7.97164E-03
 5.23258E+02  6.49236E-03
 5.37793E+02  6.60869E-03
 5.52328E+02  4.79282E-03
 5.66863E+02  3.83394E-03
 5.81398E+02  3.35578E-03
 5.95933E+02  3.02965E-03
 6.10468E+02  2.83894E-03
 6.25003E+02  2.88929E-03
 6.39538E+02  2.52657E-03
 6.54073E+02  2.32850E-03
 6.68608E+02  2.05273E-03
 6.83143E+02  1.61133E-03
 6.97678E+02  1.09464E-03
 7.12213E+02  6.85209E-04
 7.26748E+02  5.16497E-04
