-7.93074E+02  0.00000E+00
-7.77212E+02  1.83551E-05
-7.61351E+02  5.54923E-05
-7.45489E+02  1.70187E-04
-7.29628E+02  5.04056E-04
-7.13766E+02  1.30434E-03
-6.97905E+02  2.90423E-03
-6.82043E+02  5.80379E-03
-6.66182E+02  9.77508E-03
-6.50320E+02  1.33643E-02
-6.34459E+02  1.59483E-02
-6.18598E+02  1.73381E-02
-6.02736E+02  1.82556E-02
-5.86875E+02  1.96260E-02
-5.71013E+02  2.13544E-02
-5.55152E+02  2.38319E-02
-5.39290E+02  2.60056E-02
-5.23429E+02  2.84439E-02
-5.07567E+02  3.10324E-02
-4.91706E+02  3.29955E-02
-4.75844E+02  3.53598E-02
-4.59983E+02  4.00145E-02
-4.44121E+02  4.73833E-02
-4.28260E+02  5.64890E-02
-4.12398E+02  6.75151E-02
-3.96537E+02  8.03834E-02
-3.80675E+02  9.45624E-02
-3.64814E+02  1.08714E-01
-3.48952E+02  1.23346E-01
-3.33091E+02  1.40718E-01
-3.17230E+02  1.60565E-01
-3.01368E+02  1.87806E-01
-2.85507E+02  2.22664E-01
-2.69645E+02  2.61239E-01
-2.53784E+02  2.92972E-01
-2.37922E+02  3.18115E-01
-2.22061E+02  3.33105E-01
-2.06199E+02  3.35387E-01
-1.90338E+02  3.30255E-01
-1.74476E+02  3.24704E-01
-1.58615E+02  3.29702E-01
-1.42753E+02  3.45030E-01
-1.26892E+02  3.62854E-01
-1.11030E+02  3.92435E-01
-9.51689E+01  4.38989E-01
-7.93074E+01  4.55992E-01
-6.34459E+01  4.54952E-01
-4.75844E+01  4.48262E-01
-3.17230E+01  4.31483E-01
-1.58615E+01  4.14885E-01
 4.19095E-14  4.03637E-01
 1.58615E+01  4.02509E-01
 3.17230E+01  4.06560E-01
 4.75844E+01  4.13755E-01
 6.34459E+01  4.19091E-01
 7.93074E+01  4.26182E-01
 9.51689E+01  4.21073E-01
 1.11030E+02  4.09607E-01
 1.26892E+02  3.92155E-01
 1.42753E+02  3.68378E-01
 1.58615E+02  3.27625E-01
 1.74476E+02  2.84694E-01
 1.90338E+02  2.47896E-01
 2.06199E+02  2.16435E-01
 2.22061E+02  1.87861E-01
 2.37922E+02  1.62872E-01
 2.53784E+02  1.41675E-01
 2.69645E+02  1.18046E-01
 2.85507E+02  9.99254E-02
 3.01368E+02  8.52871E-02
 3.17230E+02  7.06397E-02
 3.33091E+02  5.93692E-02
 3.48952E+02  5.20969E-02
 3.64814E+02  4.92413E-02
 3.80675E+02  4.35197E-02
 3.96537E+02  3.83686E-02
 4.12398E+02  3.30179E-02
 4.28260E+02  2.13302E-02
 4.44121E+02  1.58492E-02
 4.59983E+02  1.73451E-02
 4.75844E+02  1.53536E-02
 4.91706E+02  1.26866E-02
 5.07567E+02  8.58872E-03
 5.23429E+02  5.44150E-03
 5.39290E+02  4.62272E-03
 5.55152E+02  3.75558E-03
 5.71013E+02  3.19126E-03
 5.86875E+02  2.90323E-03
 6.02736E+02  2.64235E-03
 6.18598E+02  2.27091E-03
 6.34459E+02  1.79040E-03
 6.50320E+02  1.32328E-03
 6.66182E+02  9.79205E-04
 6.82043E+02  8.16833E-04
 6.97905E+02  7.41758E-04
 7.13766E+02  6.84714E-04
 7.29628E+02  5.83789E-04
 7.45489E+02  4.32304E-04
 7.61351E+02  2.72069E-04
 7.77212E+02  1.46735E-04
 7.93074E+02  7.15450E-05
