-6.26434E+02  0.00000E+00
-6.13906E+02  2.47758E-03
-6.01377E+02  2.67333E-03
-5.88848E+02  2.51829E-03
-5.76320E+02  2.48661E-03
-5.63791E+02  2.64311E-03
-5.51262E+02  2.97920E-03
-5.38734E+02  3.62605E-03
-5.26205E+02  4.67811E-03
-5.13676E+02  6.11295E-03
-5.01148E+02  8.12807E-03
-4.88619E+02  1.08817E-02
-4.76090E+02  1.45763E-02
-4.63561E+02  1.96600E-02
-4.51033E+02  2.51352E-02
-4.38504E+02  3.22355E-02
-4.25975E+02  4.15189E-02
-4.13447E+02  5.31905E-02
-4.00918E+02  6.59185E-02
-3.88389E+02  7.36282E-02
-3.75861E+02  7.40518E-02
-3.63332E+02  6.96886E-02
-3.50803E+02  6.26276E-02
-3.38275E+02  5.78533E-02
-3.25746E+02  5.82237E-02
-3.13217E+02  6.22951E-02
-3.00689E+02  7.20451E-02
-2.88160E+02  8.42058E-02
-2.75631E+02  9.41907E-02
-2.63102E+02  1.04651E-01
-2.50574E+02  1.14172E-01
-2.38045E+02  1.32600E-01
-2.25516E+02  1.42954E-01
-2.12988E+02  1.31749E-01
-2.00459E+02  1.34766E-01
-1.87930E+02  1.35259E-01
-1.75402E+02  1.24754E-01
-1.62873E+02  1.15523E-01
-1.50344E+02  1.09587E-01
-1.37816E+02  1.07701E-01
-1.25287E+02  1.15223E-01
-1.12758E+02  1.27648E-01
-1.00230E+02  1.31401E-01
-8.77008E+01  1.28839E-01
-7.51721E+01  1.23666E-01
-6.26434E+01  1.16601E-01
-5.01148E+01  1.13501E-01
-3.75861E+01  1.17392E-01
-2.50574E+01  1.26415E-01
-1.25287E+01  1.32877E-01
-3.81842E-13  1.45898E-01
 1.25287E+01  1.64413E-01
 2.50574E+01  1.85988E-01
 3.75861E+01  2.09474E-01
 5.01148E+01  2.33770E-01
 6.26434E+01  2.55795E-01
 7.51721E+01  2.60217E-01
 8.77008E+01  2.50197E-01
 1.00230E+02  2.36791E-01
 1.12758E+02  2.22104E-01
 1.25287E+02  2.04901E-01
 1.37816E+02  1.89007E-01
 1.50344E+02  1.77862E-01
 1.62873E+02  1.64365E-01
 1.75402E+02  1.51336E-01
 1.87930E+02  1.43707E-01
 2.00459E+02  1.38586E-01
 2.12988E+02  1.32061E-01
 2.25516E+02  1.23312E-01
 2.38045E+02  1.12398E-01
 2.50574E+02  9.94803E-02
 2.63102E+02  8.96433E-02
 2.75631E+02  8.34047E-02
 2.88160E+02  7.70360E-02
 3.00689E+02  7.17432E-02
 3.13217E+02  6.65238E-02
 3.25746E+02  5.99049E-02
 3.38275E+02  5.12787E-02
 3.50803E+02  4.29933E-02
 3.63332E+02  3.36072E-02
 3.75861E+02  2.31693E-02
 3.88389E+02  1.49947E-02
 4.00918E+02  9.60637E-03
 4.13447E+02  7.18523E-03
 4.25975E+02  6.93789E-03
 4.38504E+02  7.50779E-03
 4.51033E+02  7.99119E-03
 4.63561E+02  7.79244E-03
 4.76090E+02  6.90395E-03
 4.88619E+02  5.70995E-03
 5.01148E+02  4.51095E-03
 5.13676E+02  3.47292E-03
 5.26205E+02  2.64091E-03
 5.38734E+02  2.01516E-03
 5.51262E+02  1.63618E-03
 5.63791E+02  1.56979E-03
 5.76320E+02  1.63385E-03
 5.88848E+02  4.24877E-04
 6.01377E+02  2.76264E-04
 6.13906E+02  1.35181E-03
 6.26434E+02  9.96225E-04
