-8.02383E+02  0.00000E+00
-7.86336E+02  9.29435E-05
-7.70288E+02  1.54172E-04
-7.54240E+02  2.04687E-04
-7.38193E+02  2.18612E-04
-7.22145E+02  1.91145E-04
-7.06097E+02  1.45183E-04
-6.90050E+02  1.12722E-04
-6.74002E+02  1.11074E-04
-6.57954E+02  1.32845E-04
-6.41907E+02  2.03916E-04
-6.25859E+02  3.43525E-04
-6.09811E+02  5.70768E-04
-5.93764E+02  9.21685E-04
-5.77716E+02  1.40905E-03
-5.61668E+02  2.06306E-03
-5.45621E+02  3.01459E-03
-5.29573E+02  4.53139E-03
-5.13525E+02  7.02505E-03
-4.97478E+02  1.06551E-02
-4.81430E+02  1.53485E-02
-4.65382E+02  2.10808E-02
-4.49335E+02  2.80075E-02
-4.33287E+02  3.72336E-02
-4.17239E+02  5.02801E-02
-4.01192E+02  6.59950E-02
-3.85144E+02  8.29964E-02
-3.69096E+02  1.00734E-01
-3.53049E+02  1.18022E-01
-3.37001E+02  1.34654E-01
-3.20953E+02  1.46334E-01
-3.04906E+02  1.60982E-01
-2.88858E+02  1.79831E-01
-2.72810E+02  2.02456E-01
-2.56763E+02  2.22099E-01
-2.40715E+02  2.51095E-01
-2.24667E+02  2.80704E-01
-2.08620E+02  3.07722E-01
-1.92572E+02  3.40993E-01
-1.76524E+02  3.73981E-01
-1.60477E+02  4.04071E-01
-1.44429E+02  4.41035E-01
-1.28381E+02  4.85389E-01
-1.12334E+02  5.31873E-01
-9.62860E+01  5.66873E-01
-8.02383E+01  5.87614E-01
-6.41907E+01  6.11616E-01
-4.81430E+01  6.28995E-01
-3.20953E+01  6.54645E-01
-1.60477E+01  6.79480E-01
-3.11993E-13  7.02570E-01
 1.60477E+01  7.15498E-01
 3.20953E+01  7.27980E-01
 4.81430E+01  7.53074E-01
 6.41907E+01  7.80876E-01
 8.02383E+01  7.83820E-01
 9.62860E+01  7.86260E-01
 1.12334E+02  7.69431E-01
 1.28381E+02  7.44881E-01
 1.44429E+02  7.19114E-01
 1.60477E+02  6.73987E-01
 1.76524E+02  6.24033E-01
 1.92572E+02  5.76749E-01
 2.08620E+02  5.43610E-01
 2.24667E+02  5.02287E-01
 2.40715E+02  4.68609E-01
 2.56763E+02  4.29962E-01
 2.72810E+02  3.94165E-01
 2.88858E+02  3.62545E-01
 3.04906E+02  3.32202E-01
 3.20953E+02  2.94198E-01
 3.37001E+02  2.69314E-01
 3.53049E+02  2.45044E-01
 3.69096E+02  2.09689E-01
 3.85144E+02  1.90246E-01
 4.01192E+02  1.58659E-01
 4.17239E+02  1.29773E-01
 4.33287E+02  1.10511E-01
 4.49335E+02  9.22985E-02
 4.65382E+02  8.12452E-02
 4.81430E+02  7.20374E-02
 4.97478E+02  6.18203E-02
 5.13525E+02  4.95741E-02
 5.29573E+02  3.93911E-02
 5.45621E+02  3.24790E-02
 5.61668E+02  2.74974E-02
 5.77716E+02  2.40936E-02
 5.93764E+02  2.04254E-02
 6.09811E+02  1.67336E-02
 6.25859E+02  1.27888E-02
 6.41907E+02  1.00061E-02
 6.57954E+02  7.59713E-03
 6.74002E+02  7.36513E-03
 6.90050E+02  9.16850E-03
 7.06097E+02  9.63944E-03
 7.22145E+02  9.50629E-03
 7.38193E+02  8.61650E-03
 7.54240E+02  6.60257E-03
 7.70288E+02  4.86488E-03
 7.86336E+02  3.99562E-03
 8.02383E+02  3.68800E-03
