 8.59946E-05  3.82183E-12
 9.00557E-05  3.76256E-12
 9.43086E-05  3.74371E-12
 9.87623E-05  4.15388E-12
 1.03426E-04  4.87196E-12
 1.08311E-04  6.01256E-12
 1.13426E-04  6.25867E-12
 1.18782E-04  5.50224E-12
 1.24392E-04  6.94948E-12
 1.30266E-04  6.71129E-12
 1.36418E-04  8.26826E-12
 1.42860E-04  8.07570E-12
 1.49607E-04  7.70296E-12
 1.56672E-04  1.19018E-11
 1.64071E-04  7.37557E-12
 1.71819E-04  1.05494E-11
 1.79934E-04  1.40325E-11
 1.88431E-04  1.16176E-11
 1.97330E-04  1.20718E-11
 2.06649E-04  1.13906E-11
 2.16408E-04  1.45943E-11
 2.26628E-04  1.77069E-11
 2.37330E-04  2.24491E-11
 2.48538E-04  1.78594E-11
 2.60275E-04  1.48532E-11
 2.72567E-04  2.03635E-11
 2.85439E-04  2.41355E-11
 2.98919E-04  2.06151E-11
 3.13035E-04  2.61663E-11
 3.27818E-04  3.28792E-11
 3.43300E-04  2.77032E-11
 3.59512E-04  3.43527E-11
 3.76490E-04  3.52507E-11
 3.94270E-04  3.25383E-11
 4.12889E-04  3.14493E-11
 4.32388E-04  3.79342E-11
 4.52808E-04  3.39854E-11
 4.74192E-04  4.16247E-11
 4.96585E-04  3.91425E-11
 5.20037E-04  5.32905E-11
 5.44596E-04  4.94540E-11
 5.70314E-04  6.36971E-11
 5.97247E-04  6.20483E-11
 6.25453E-04  4.69476E-11
 6.54990E-04  6.01912E-11
 6.85922E-04  5.93372E-11
 7.18314E-04  7.10097E-11
 7.52237E-04  8.74294E-11
 7.87762E-04  6.15583E-11
 8.24964E-04  8.87836E-11
 8.63923E-04  7.69500E-11
 9.04722E-04  9.49375E-11
 9.47447E-04  8.88466E-11
 9.92191E-04  9.74217E-11
 1.03905E-03  1.03620E-10
 1.08812E-03  1.07346E-10
 1.13950E-03  1.02881E-10
 1.19332E-03  1.12580E-10
 1.24967E-03  1.32228E-10
 1.30869E-03  1.48815E-10
 1.37049E-03  1.13950E-10
 1.43521E-03  1.47592E-10
 1.50299E-03  1.53362E-10
 1.57397E-03  2.31801E-10
 1.64830E-03  1.80252E-10
 1.72614E-03  2.24506E-10
 1.80766E-03  2.16356E-10
 1.89302E-03  2.02702E-10
 1.98242E-03  2.09220E-10
 2.07604E-03  2.00819E-10
 2.17409E-03  1.94843E-10
 2.27676E-03  2.85018E-10
 2.38428E-03  2.54957E-10
 2.49687E-03  2.77967E-10
 2.61479E-03  2.65203E-10
 2.73827E-03  2.51919E-10
 2.86759E-03  3.00530E-10
 3.00301E-03  3.10878E-10
 3.14483E-03  3.29161E-10
 3.29335E-03  3.12109E-10
 3.44887E-03  3.39924E-10
 3.61175E-03  3.09092E-10
 3.78231E-03  4.44629E-10
 3.96093E-03  4.60581E-10
 4.14799E-03  4.05158E-10
 4.34388E-03  3.64063E-10
 4.54902E-03  5.30539E-10
 4.76385E-03  3.42482E-10
 4.98882E-03  4.93650E-10
 5.22442E-03  4.64248E-10
 5.47114E-03  4.21153E-10
 5.72952E-03  4.73385E-10
 6.00010E-03  4.46305E-10
 6.28345E-03  4.05677E-10
 6.58019E-03  4.27890E-10
 6.89094E-03  4.15313E-10
 7.21637E-03  5.81096E-10
 7.55716E-03  3.85959E-10
 7.91405E-03  3.58057E-10
 8.28779E-03  6.10256E-10
 8.67919E-03  4.79838E-10
 9.08906E-03  4.33262E-10
 9.51829E-03  4.07013E-10
 9.96780E-03  3.35336E-10
 1.04385E-02  3.04854E-10
 1.09315E-02  3.56138E-10
 1.14477E-02  2.87489E-10
 1.19884E-02  2.72064E-10
 1.25545E-02  2.27613E-10
 1.31474E-02  1.81606E-10
 1.37683E-02  1.89719E-10
 1.44185E-02  1.57280E-10
 1.50994E-02  1.74374E-10
 1.58125E-02  9.63933E-11
 1.65592E-02  1.11157E-10
 1.73412E-02  8.80022E-11
 1.81602E-02  1.05082E-10
 1.90178E-02  1.07867E-10
 1.99159E-02  5.82318E-11
 2.08565E-02  4.19086E-11
 2.18414E-02  5.25375E-11
 2.28729E-02  5.22094E-11
 2.39530E-02  3.99567E-11
 2.50842E-02  2.37630E-11
 2.62688E-02  2.33245E-11
 2.75094E-02  1.55043E-11
 2.88085E-02  1.90545E-11
 3.01690E-02  7.94699E-12
 3.15938E-02  6.63933E-12
 3.30858E-02  8.30707E-12
 3.46483E-02  7.59786E-12
 3.62845E-02  2.75331E-11
 3.79981E-02  8.68612E-11
 3.97925E-02  5.80820E-11
 4.16717E-02  7.27367E-11
 4.36397E-02  4.58034E-11
 4.57006E-02  3.76091E-11
 4.78588E-02  5.68234E-11
 5.01190E-02  4.71883E-11
 5.24858E-02  4.90318E-11
 5.49645E-02  3.56996E-11
 5.75602E-02  2.67570E-11
 6.02785E-02  2.86083E-11
 6.31251E-02  2.33592E-11
 6.61062E-02  2.87225E-11
 6.92281E-02  2.71831E-11
 7.24974E-02  3.68010E-11
 7.59211E-02  2.76964E-11
 7.95065E-02  4.20295E-11
 8.32612E-02  3.29606E-11
 8.71933E-02  4.36255E-11
 9.13110E-02  3.12456E-11
 9.56232E-02  2.76759E-11
 1.00139E-01  2.90777E-11
 1.04868E-01  2.38143E-11
 1.09820E-01  2.21699E-11
 1.15007E-01  1.53215E-11
 1.20438E-01  1.05098E-11
 1.26126E-01  8.40549E-12
 1.32082E-01  4.80267E-12
 1.38320E-01  3.12740E-12
 1.44852E-01  1.96377E-12
 1.51692E-01  1.15701E-12
 1.58856E-01  6.80532E-13
 1.66358E-01  3.38267E-13
 1.74214E-01  1.60460E-13
 1.82442E-01  7.87812E-14
 1.91058E-01  6.88839E-14
 2.00080E-01  5.74456E-14
 2.09529E-01  6.64004E-14
 2.19424E-01  2.39628E-14
 2.29787E-01  1.07534E-14
 2.40638E-01  2.68195E-15
 2.52002E-01  1.24299E-15
 2.63903E-01  5.13144E-16
 2.76366E-01  1.69666E-16
 2.89418E-01  4.35635E-17
 3.03085E-01  1.39041E-17
 3.17399E-01  4.80205E-18
 3.32388E-01  1.58371E-18
 3.48085E-01  6.44526E-19
 3.64523E-01  1.97909E-19
 3.81738E-01  7.40447E-20
 3.99766E-01  3.18254E-20
 4.18645E-01  1.56599E-20
 4.38415E-01  1.07096E-20
 4.59120E-01  5.69240E-21
 4.80802E-01  6.10635E-21
 5.03508E-01  7.23628E-21
 5.27286E-01  1.62258E-20
 5.52187E-01  3.93012E-20
 5.78264E-01  2.13421E-19
 6.05573E-01  2.51729E-18
 6.34171E-01  6.14211E-17
 6.64120E-01  4.46115E-15
 6.95483E-01  1.25014E-12
 7.28327E-01  1.47127E-09
 7.62723E-01  1.81350E-05
 7.98743E-01  1.32928E-04
 8.36463E-01  1.55280E-04
 8.75965E-01  1.69661E-04
 9.17333E-01  1.87934E-04
 9.60654E-01  1.88652E-04
 9.91011E-01  1.74669E-04
 9.91127E-01  1.74614E-04
 9.91243E-01  1.74560E-04
 9.91358E-01  1.74505E-04
 9.91474E-01  1.74451E-04
 9.91590E-01  1.74396E-04
 9.91706E-01  1.74342E-04
 9.91822E-01  1.74287E-04
 9.91938E-01  1.74232E-04
 9.92053E-01  1.74178E-04
 9.92169E-01  1.74123E-04
 9.92285E-01  1.74069E-04
 9.92401E-01  1.74014E-04
 9.92517E-01  1.73959E-04
 9.92633E-01  1.73904E-04
 9.92750E-01  1.73850E-04
 9.92866E-01  1.73795E-04
 9.92982E-01  1.73740E-04
 9.93098E-01  1.73685E-04
 9.93214E-01  1.73630E-04
 9.93330E-01  1.73576E-04
 9.93447E-01  1.73521E-04
 9.93563E-01  1.73466E-04
 9.93679E-01  1.73411E-04
 9.93795E-01  1.73356E-04
 9.93912E-01  1.73301E-04
 9.94028E-01  1.73246E-04
 9.94145E-01  1.73191E-04
 9.94261E-01  1.73136E-04
 9.94377E-01  1.73081E-04
 9.94494E-01  1.73026E-04
 9.94610E-01  1.72971E-04
 9.94727E-01  1.72915E-04
 9.94844E-01  1.72860E-04
 9.94960E-01  1.72805E-04
 9.95077E-01  1.72750E-04
 9.95193E-01  1.72695E-04
 9.95310E-01  1.72640E-04
 9.95427E-01  1.72584E-04
 9.95543E-01  1.72529E-04
 9.95660E-01  1.72474E-04
 9.95777E-01  1.72418E-04
 9.95894E-01  1.72363E-04
 9.96011E-01  1.72308E-04
 9.96128E-01  1.72252E-04
 9.96244E-01  1.72198E-04
 9.96361E-01  1.72141E-04
 9.96478E-01  1.72086E-04
 9.96595E-01  1.72031E-04
 9.96712E-01  1.71975E-04
 9.96829E-01  1.71920E-04
 9.96946E-01  1.71864E-04
 9.97063E-01  1.71808E-04
 9.97181E-01  1.71753E-04
 9.97298E-01  1.71697E-04
 9.97415E-01  1.71642E-04
 9.97532E-01  1.71586E-04
 9.97649E-01  1.71530E-04
 9.97767E-01  1.71475E-04
 9.97884E-01  1.71419E-04
 9.98001E-01  1.71363E-04
 9.98118E-01  1.71307E-04
 9.98236E-01  1.71252E-04
 9.98353E-01  1.71196E-04
 9.98471E-01  1.71140E-04
 9.98588E-01  1.71084E-04
 9.98706E-01  1.71028E-04
 9.98823E-01  1.70972E-04
 9.98941E-01  1.70916E-04
 9.99058E-01  1.70861E-04
 9.99176E-01  1.70805E-04
 9.99293E-01  1.70749E-04
 9.99411E-01  1.70693E-04
 9.99529E-01  1.70637E-04
 9.99646E-01  1.70581E-04
 9.99764E-01  1.70525E-04
 9.99882E-01  1.70468E-04
 1.00000E+00  1.70412E-04
 1.00012E+00  1.70356E-04
 1.00024E+00  1.70300E-04
 1.00035E+00  1.70259E-04
 1.00047E+00  1.70205E-04
 1.00059E+00  1.70131E-04
 1.00071E+00  1.70075E-04
 1.00082E+00  1.70019E-04
 1.00094E+00  1.69963E-04
 1.00106E+00  1.69911E-04
 1.00118E+00  1.69850E-04
 1.00130E+00  1.69794E-04
 1.00142E+00  1.69737E-04
 1.00153E+00  1.69681E-04
 1.00165E+00  1.69624E-04
 1.00177E+00  1.69569E-04
 1.00189E+00  1.69511E-04
 1.00201E+00  1.69455E-04
 1.00212E+00  1.69398E-04
 1.00224E+00  1.69342E-04
 1.00236E+00  1.69285E-04
 1.00248E+00  1.69229E-04
 1.00260E+00  1.69172E-04
 1.00272E+00  1.69116E-04
 1.00283E+00  1.69164E-04
 1.00295E+00  1.69002E-04
 1.00307E+00  1.68946E-04
 1.00319E+00  1.68889E-04
 1.00331E+00  1.68832E-04
 1.00343E+00  1.68775E-04
 1.00355E+00  1.68719E-04
 1.00366E+00  1.68662E-04
 1.00378E+00  1.68605E-04
 1.00390E+00  1.68548E-04
 1.00402E+00  1.68491E-04
 1.00414E+00  1.68664E-04
 1.00426E+00  1.68377E-04
 1.00438E+00  1.68321E-04
 1.00450E+00  1.68263E-04
 1.00461E+00  1.68252E-04
 1.00473E+00  1.68149E-04
 1.00485E+00  1.68092E-04
 1.00497E+00  1.68036E-04
 1.00509E+00  1.67978E-04
 1.00521E+00  1.67922E-04
 1.00533E+00  1.67977E-04
 1.00545E+00  1.67823E-04
 1.00557E+00  1.67750E-04
 1.00569E+00  1.67693E-04
 1.00580E+00  1.67635E-04
 1.00592E+00  1.67578E-04
 1.00602E+00  1.67531E-04
 1.00604E+00  1.67546E-04
 1.00616E+00  1.67628E-04
 1.00628E+00  1.67704E-04
 1.00640E+00  1.67796E-04
 1.00652E+00  1.67862E-04
 1.00664E+00  1.67942E-04
 1.00676E+00  1.68020E-04
 1.00688E+00  1.68100E-04
 1.00700E+00  1.68229E-04
 1.00712E+00  1.68298E-04
 1.00724E+00  1.68337E-04
 1.00736E+00  1.68512E-04
 1.00748E+00  1.68495E-04
 1.00760E+00  1.68584E-04
 1.00771E+00  1.68755E-04
 1.00783E+00  1.68737E-04
 1.00795E+00  1.68968E-04
 1.00807E+00  1.68892E-04
 1.00819E+00  1.68981E-04
 1.00831E+00  1.69060E-04
 1.00843E+00  1.69132E-04
 1.00855E+00  1.69229E-04
 1.00867E+00  1.69294E-04
 1.00879E+00  1.69454E-04
 1.00891E+00  1.69453E-04
 1.00903E+00  1.69529E-04
 1.00915E+00  1.69644E-04
 1.00927E+00  1.69707E-04
 1.00939E+00  1.70037E-04
 1.00951E+00  1.69851E-04
 1.00963E+00  1.69935E-04
 1.00975E+00  1.70032E-04
 1.00987E+00  1.70094E-04
 1.00999E+00  1.70240E-04
 1.01011E+00  1.70334E-04
 1.01023E+00  1.70526E-04
 1.01035E+00  1.70427E-04
 1.01047E+00  1.70529E-04
 1.01059E+00  1.70574E-04
 1.01071E+00  1.70931E-04
 1.01083E+00  1.71100E-04
 1.01095E+00  1.70807E-04
 1.01108E+00  1.71022E-04
 1.01120E+00  1.71090E-04
 1.01132E+00  1.71278E-04
 1.01144E+00  1.71159E-04
 1.01156E+00  1.71210E-04
 1.01168E+00  1.71316E-04
 1.01180E+00  1.71407E-04
 1.01192E+00  1.71462E-04
 1.01204E+00  1.71569E-04
 1.01216E+00  1.71610E-04
 1.01228E+00  1.71781E-04
 1.01240E+00  1.71917E-04
 1.01252E+00  1.71964E-04
 1.01264E+00  1.72211E-04
 1.01276E+00  1.72010E-04
 1.01288E+00  1.72097E-04
 1.01301E+00  1.72261E-04
 1.01313E+00  1.72363E-04
 1.01325E+00  1.72353E-04
 1.01337E+00  1.72540E-04
 1.01349E+00  1.72755E-04
 1.01361E+00  1.72599E-04
 1.01373E+00  1.72938E-04
 1.01385E+00  1.73071E-04
 1.01397E+00  1.73207E-04
 1.01409E+00  1.72935E-04
 1.01422E+00  1.73296E-04
 1.01434E+00  1.73146E-04
 1.01446E+00  1.73236E-04
 1.01458E+00  1.73439E-04
 1.01470E+00  1.73393E-04
 1.01482E+00  1.73389E-04
 1.01494E+00  1.73640E-04
 1.01506E+00  1.80497E-04
 1.01519E+00  1.75553E-04
 1.01531E+00  1.73720E-04
 1.01543E+00  1.74344E-04
 1.01555E+00  1.73994E-04
 1.01567E+00  1.74032E-04
 1.01579E+00  1.74165E-04
 1.01591E+00  1.74537E-04
 1.01604E+00  1.74398E-04
 1.01616E+00  1.76804E-04
 1.01628E+00  1.74418E-04
 1.01640E+00  1.74823E-04
 1.01652E+00  1.77823E-04
 1.01664E+00  1.75413E-04
 1.01677E+00  1.78232E-04
 1.01689E+00  1.74802E-04
 1.01701E+00  1.81246E-04
 1.01713E+00  1.76536E-04
 1.01725E+00  1.76375E-04
 1.01738E+00  1.76046E-04
 1.01750E+00  1.83059E-04
 1.01762E+00  1.83602E-04
 1.01774E+00  1.83294E-04
 1.01786E+00  1.89134E-04
 1.01799E+00  1.77924E-04
 1.01811E+00  1.77171E-04
 1.01823E+00  1.93196E-04
 1.01835E+00  2.01507E-04
 1.01847E+00  1.95521E-04
 1.01860E+00  1.82204E-04
 1.01872E+00  2.23979E-04
 1.01884E+00  1.87821E-04
 1.01896E+00  2.13190E-04
 1.01909E+00  2.20923E-04
 1.01921E+00  2.33423E-04
 1.01933E+00  2.60677E-04
 1.01945E+00  3.53703E-04
 1.01958E+00  3.97178E-04
 1.01970E+00  5.51243E-04
 1.01982E+00  8.18803E-04
 1.01994E+00  1.01223E-03
 1.02007E+00  1.40440E-03
 1.02019E+00  1.95628E-03
 1.02031E+00  2.47930E-03
 1.02043E+00  2.98336E-03
 1.02056E+00  3.32763E-03
 1.02068E+00  3.52806E-03
 1.02080E+00  3.88168E-03
 1.02092E+00  4.36366E-03
 1.02105E+00  4.28702E-03
 1.02117E+00  3.92953E-03
 1.02129E+00  3.74785E-03
 1.02142E+00  3.93954E-03
 1.02154E+00  3.74203E-03
 1.02166E+00  3.52286E-03
 1.02178E+00  3.47739E-03
 1.02191E+00  3.51733E-03
 1.02203E+00  3.21314E-03
 1.02215E+00  3.40572E-03
 1.02228E+00  2.91812E-03
 1.02240E+00  2.90842E-03
 1.02252E+00  2.91596E-03
 1.02265E+00  2.61553E-03
 1.02277E+00  2.57461E-03
 1.02289E+00  2.51876E-03
 1.02302E+00  2.39786E-03
 1.02314E+00  2.33833E-03
 1.02326E+00  2.16159E-03
 1.02339E+00  2.27673E-03
 1.02351E+00  1.96580E-03
 1.02363E+00  1.91610E-03
 1.02376E+00  2.02733E-03
 1.02388E+00  1.86220E-03
 1.02400E+00  1.81587E-03
 1.02413E+00  1.80898E-03
 1.02425E+00  1.77139E-03
 1.02437E+00  1.62156E-03
 1.02450E+00  1.61932E-03
 1.02462E+00  1.44355E-03
 1.02474E+00  1.35862E-03
 1.02487E+00  1.27109E-03
 1.02499E+00  1.32028E-03
 1.02512E+00  1.26817E-03
 1.02524E+00  1.09885E-03
 1.02536E+00  1.10024E-03
 1.02549E+00  1.03686E-03
 1.02561E+00  1.02148E-03
 1.02573E+00  1.01556E-03
 1.02586E+00  9.17384E-04
 1.02598E+00  8.37697E-04
 1.02611E+00  8.14806E-04
 1.02623E+00  7.32938E-04
 1.02635E+00  7.56170E-04
 1.02648E+00  6.64975E-04
 1.02660E+00  6.93384E-04
 1.02673E+00  5.91705E-04
 1.02685E+00  4.98614E-04
 1.02698E+00  5.11921E-04
 1.02710E+00  4.27805E-04
 1.02722E+00  4.95666E-04
 1.02735E+00  4.44701E-04
 1.02747E+00  3.85207E-04
 1.02760E+00  3.71718E-04
 1.02772E+00  3.61814E-04
 1.02785E+00  3.94107E-04
 1.02797E+00  3.51154E-04
 1.02809E+00  3.22953E-04
 1.02822E+00  3.06157E-04
 1.02834E+00  2.66196E-04
 1.02847E+00  2.99492E-04
 1.02859E+00  2.76407E-04
 1.02872E+00  2.60581E-04
 1.02884E+00  2.67427E-04
 1.02897E+00  2.36358E-04
 1.02909E+00  2.39956E-04
 1.02922E+00  2.31258E-04
 1.02934E+00  2.35697E-04
 1.02947E+00  2.17015E-04
 1.02959E+00  2.09711E-04
 1.02972E+00  2.09955E-04
 1.02984E+00  2.07276E-04
 1.02997E+00  2.10293E-04
 1.03009E+00  1.96822E-04
 1.03022E+00  2.04712E-04
 1.03034E+00  2.05858E-04
 1.03047E+00  1.95943E-04
 1.03059E+00  1.92000E-04
 1.03072E+00  1.96009E-04
 1.03084E+00  1.90883E-04
 1.03097E+00  1.90869E-04
 1.03109E+00  1.92587E-04
 1.03122E+00  1.87050E-04
 1.03134E+00  1.87907E-04
 1.03147E+00  1.86165E-04
 1.03159E+00  1.88807E-04
 1.03172E+00  1.88036E-04
 1.03184E+00  1.85645E-04
 1.03197E+00  1.87450E-04
 1.03209E+00  1.86872E-04
 1.03222E+00  1.88429E-04
 1.03235E+00  1.86736E-04
 1.03247E+00  1.85507E-04
 1.03260E+00  1.85566E-04
 1.03272E+00  1.88162E-04
 1.03285E+00  1.85898E-04
 1.03297E+00  1.86991E-04
 1.03310E+00  1.85834E-04
 1.03322E+00  1.86559E-04
 1.03335E+00  1.86692E-04
 1.03348E+00  1.85929E-04
 1.03360E+00  1.86058E-04
 1.03373E+00  1.86328E-04
 1.03385E+00  1.86418E-04
 1.03398E+00  1.86405E-04
 1.03411E+00  1.86484E-04
 1.03423E+00  1.87093E-04
 1.03436E+00  1.87593E-04
 1.03448E+00  1.86630E-04
 1.03461E+00  1.86815E-04
 1.03474E+00  1.86758E-04
 1.03486E+00  1.86855E-04
 1.03499E+00  1.86924E-04
 1.03511E+00  1.87068E-04
 1.03524E+00  1.87442E-04
 1.03537E+00  1.87182E-04
 1.03549E+00  1.87274E-04
 1.03562E+00  1.87373E-04
 1.03575E+00  1.87523E-04
 1.03587E+00  1.87523E-04
 1.03600E+00  1.87608E-04
 1.03612E+00  1.87693E-04
 1.03625E+00  1.87780E-04
 1.03638E+00  1.87907E-04
 1.03650E+00  1.87983E-04
 1.03663E+00  1.88035E-04
 1.03676E+00  1.88121E-04
 1.03688E+00  1.88290E-04
 1.03701E+00  1.88295E-04
 1.03714E+00  1.88379E-04
 1.03726E+00  1.88490E-04
 1.03739E+00  1.88550E-04
 1.03752E+00  1.88636E-04
 1.03764E+00  1.88750E-04
 1.03777E+00  1.88808E-04
 1.03790E+00  1.88894E-04
 1.03803E+00  1.88990E-04
 1.03815E+00  1.89066E-04
 1.03828E+00  1.89155E-04
 1.03841E+00  1.89255E-04
 1.03853E+00  1.89324E-04
 1.03866E+00  1.89411E-04
 1.03879E+00  1.89497E-04
 1.03891E+00  1.91328E-04
 1.03904E+00  1.89669E-04
 1.03917E+00  1.89757E-04
 1.03930E+00  1.89842E-04
 1.03942E+00  1.89936E-04
 1.03955E+00  1.90014E-04
 1.03968E+00  1.90101E-04
 1.03981E+00  1.90191E-04
 1.03993E+00  1.90274E-04
 1.04006E+00  1.90360E-04
 1.04019E+00  1.90447E-04
 1.04031E+00  1.90534E-04
 1.04044E+00  1.90620E-04
 1.04057E+00  1.90707E-04
 1.04070E+00  1.90793E-04
 1.04083E+00  1.90880E-04
 1.04095E+00  1.90966E-04
 1.04108E+00  1.91053E-04
 1.04121E+00  1.91140E-04
 1.04134E+00  1.91227E-04
 1.04146E+00  1.91313E-04
 1.04159E+00  1.91400E-04
 1.04172E+00  1.91487E-04
 1.04185E+00  1.91574E-04
 1.04197E+00  1.91672E-04
 1.04210E+00  1.91748E-04
 1.04223E+00  1.91835E-04
 1.04236E+00  1.91922E-04
 1.04249E+00  1.92009E-04
 1.04261E+00  1.92096E-04
 1.04274E+00  1.92183E-04
 1.04287E+00  1.92297E-04
 1.04300E+00  1.92357E-04
 1.04313E+00  1.92445E-04
 1.04326E+00  1.92532E-04
 1.04338E+00  1.92619E-04
 1.04351E+00  1.92706E-04
 1.04364E+00  1.92794E-04
 1.04377E+00  1.92881E-04
 1.04390E+00  1.92968E-04
 1.04402E+00  1.93056E-04
 1.04415E+00  1.93143E-04
 1.04428E+00  1.93231E-04
 1.04441E+00  1.93318E-04
 1.04454E+00  1.93406E-04
 1.04467E+00  1.93493E-04
 1.04480E+00  1.93581E-04
 1.04492E+00  1.93668E-04
 1.04505E+00  1.93756E-04
 1.04518E+00  1.93844E-04
 1.04531E+00  1.93931E-04
 1.04544E+00  1.94019E-04
 1.04557E+00  1.94107E-04
 1.04570E+00  1.94194E-04
 1.04583E+00  1.94282E-04
 1.04595E+00  1.94370E-04
 1.04608E+00  1.94458E-04
 1.04621E+00  1.94546E-04
 1.04634E+00  1.94634E-04
 1.04647E+00  1.94722E-04
 1.04660E+00  1.94810E-04
 1.04673E+00  1.94898E-04
 1.04686E+00  1.94986E-04
 1.04699E+00  1.95074E-04
 1.04712E+00  1.95162E-04
 1.04724E+00  1.95250E-04
 1.04737E+00  1.95341E-04
 1.04750E+00  1.95426E-04
 1.04763E+00  1.95515E-04
 1.04776E+00  1.95603E-04
 1.04789E+00  1.95691E-04
 1.04802E+00  1.95779E-04
 1.04815E+00  1.95868E-04
 1.04828E+00  1.95956E-04
 1.04841E+00  1.96044E-04
 1.04854E+00  1.96133E-04
 1.04867E+00  1.96221E-04
 1.04880E+00  1.96310E-04
 1.04893E+00  1.96398E-04
 1.04906E+00  1.96487E-04
 1.04919E+00  1.96588E-04
 1.04932E+00  1.96664E-04
 1.04945E+00  1.96753E-04
 1.04958E+00  1.96841E-04
 1.04970E+00  1.96930E-04
 1.04983E+00  1.97019E-04
 1.04996E+00  1.97108E-04
 1.05009E+00  1.97196E-04
 1.05022E+00  1.97285E-04
 1.05035E+00  1.97374E-04
 1.05048E+00  1.97463E-04
 1.05061E+00  1.97552E-04
 1.05074E+00  1.97641E-04
 1.05087E+00  1.97730E-04
 1.05100E+00  1.97819E-04
 1.05113E+00  1.97908E-04
 1.05126E+00  1.97997E-04
 1.05139E+00  1.98086E-04
 1.05153E+00  1.98175E-04
 1.05166E+00  1.98264E-04
 1.05179E+00  1.98353E-04
 1.05192E+00  1.98442E-04
 1.05205E+00  1.98532E-04
 1.05218E+00  1.98621E-04
 1.05231E+00  1.98710E-04
 1.05353E+00  1.99548E-04
 1.10328E+00  2.15588E-04
 1.15539E+00  2.24264E-04
 1.20995E+00  2.31401E-04
 1.26709E+00  2.28268E-04
 1.32693E+00  2.21256E-04
 1.38959E+00  2.23220E-04
 1.45522E+00  2.11636E-04
 1.52394E+00  2.00979E-04
 1.59591E+00  1.82986E-04
 1.67128E+00  1.69436E-04
 1.75020E+00  1.56408E-04
 1.83286E+00  1.47882E-04
 1.91941E+00  1.39549E-04
 2.01006E+00  1.36285E-04
 2.10498E+00  1.39255E-04
 2.20439E+00  1.44107E-04
 2.30849E+00  1.44594E-04
 2.41751E+00  1.45770E-04
 2.53168E+00  1.46636E-04
 2.65124E+00  1.48214E-04
 2.77644E+00  1.50038E-04
 2.90756E+00  1.52362E-04
 3.04487E+00  1.57281E-04
 3.18867E+00  2.17536E-04
 3.33925E+00  2.57884E-04
 3.49695E+00  2.67315E-04
 3.66209E+00  2.66252E-04
 3.83504E+00  2.79684E-04
 4.01615E+00  2.80877E-04
 4.20581E+00  2.87887E-04
 4.40443E+00  2.86919E-04
 4.61243E+00  2.94103E-04
 4.83025E+00  2.93561E-04
 5.05836E+00  2.99257E-04
 5.29725E+00  3.01377E-04
 5.54741E+00  3.03651E-04
 5.80939E+00  3.09966E-04
 6.08374E+00  3.11507E-04
 6.37104E+00  3.14193E-04
 6.67191E+00  3.22663E-04
 6.98700E+00  3.26922E-04
 7.31696E+00  3.46428E-04
 7.66250E+00  3.66171E-04
 8.02437E+00  3.72666E-04
 8.40332E+00  3.82843E-04
 8.80017E+00  3.89717E-04
 9.21576E+00  3.89377E-04
 9.65097E+00  3.99807E-04
 1.01067E+01  4.00266E-04
 1.05840E+01  4.04990E-04
 1.10839E+01  4.11346E-04
 1.16073E+01  4.18173E-04
 1.21555E+01  4.29703E-04
 1.27295E+01  4.49618E-04
 1.33307E+01  4.57035E-04
 1.39602E+01  4.64683E-04
 1.46195E+01  4.60703E-04
 1.53099E+01  4.36791E-04
 1.60329E+01  4.22417E-04
 1.67901E+01  4.11269E-04
 1.75830E+01  3.98790E-04
 1.84133E+01  3.82451E-04
 1.92829E+01  3.46684E-04
 2.01935E+01  2.97712E-04
 2.11472E+01  2.91251E-04
 2.21459E+01  2.94040E-04
 2.31917E+01  2.79002E-04
 2.42869E+01  2.77568E-04
 2.54339E+01  2.55975E-04
 2.66350E+01  2.40147E-04
 2.78929E+01  2.26111E-04
 2.92101E+01  2.12601E-04
 3.05896E+01  2.08000E-04
 3.20342E+01  1.93896E-04
 3.35470E+01  1.68980E-04
 3.51312E+01  1.63782E-04
 3.67903E+01  1.31900E-04
 3.85277E+01  1.17571E-04
 4.03472E+01  1.18683E-04
 4.22526E+01  1.15625E-04
 4.42480E+01  1.16195E-04
 4.63376E+01  1.21014E-04
 4.85259E+01  1.31409E-04
 5.08176E+01  1.49937E-04
 5.32175E+01  1.81764E-04
 5.57307E+01  2.05139E-04
 5.83625E+01  2.64852E-04
 6.11187E+01  3.39286E-04
 6.40051E+01  4.46854E-04
 6.70277E+01  6.11736E-04
 7.01931E+01  8.62511E-04
 7.35080E+01  1.21202E-03
 7.69794E+01  1.70674E-03
 8.06148E+01  2.34419E-03
 8.44219E+01  2.95426E-03
 8.84087E+01  3.72027E-03
 9.25838E+01  4.69185E-03
 9.69561E+01  5.65616E-03
 1.01535E+02  6.97266E-03
 1.06330E+02  8.47190E-03
 1.11351E+02  1.03000E-02
 1.16610E+02  1.27132E-02
 1.22117E+02  1.57869E-02
 1.27884E+02  1.98255E-02
 1.33923E+02  2.47859E-02
 1.40248E+02  3.10980E-02
 1.46871E+02  3.86633E-02
 1.53807E+02  4.69996E-02
 1.61071E+02  5.68350E-02
 1.68677E+02  6.79917E-02
 1.76643E+02  8.03156E-02
 1.84985E+02  9.48845E-02
 1.93721E+02  1.10932E-01
 2.02869E+02  1.30014E-01
 2.12450E+02  1.49896E-01
 2.22483E+02  1.71922E-01
 2.32990E+02  1.95127E-01
 2.43993E+02  2.19385E-01
 2.55515E+02  2.43454E-01
 2.67582E+02  2.66442E-01
 2.80219E+02  2.88156E-01
 2.93452E+02  3.08052E-01
 3.07310E+02  3.23872E-01
 3.21823E+02  3.38167E-01
 3.37021E+02  3.49607E-01
 3.52937E+02  3.55579E-01
 3.69605E+02  3.59196E-01
 3.87059E+02  3.58653E-01
 4.05338E+02  3.57211E-01
 4.24480E+02  3.52458E-01
 4.44527E+02  3.45425E-01
 4.65519E+02  3.36378E-01
 4.87504E+02  3.28759E-01
 5.10526E+02  3.17584E-01
 5.34636E+02  3.04356E-01
 5.59884E+02  2.91149E-01
 5.86325E+02  2.77588E-01
 6.14014E+02  2.63942E-01
 6.43011E+02  2.50622E-01
 6.73377E+02  2.35243E-01
 7.05178E+02  2.21606E-01
 7.38480E+02  2.05894E-01
 7.73355E+02  1.90387E-01
 8.09877E+02  1.78031E-01
 8.48123E+02  1.64450E-01
 8.88176E+02  1.50112E-01
 9.30120E+02  1.36723E-01
 9.74045E+02  1.25367E-01
 1.02004E+03  1.12280E-01
 1.06822E+03  1.02757E-01
 1.11866E+03  9.10399E-02
 1.17149E+03  8.18066E-02
 1.22682E+03  7.32911E-02
 1.28475E+03  6.54916E-02
 1.34543E+03  5.84592E-02
 1.40896E+03  5.15812E-02
 1.47550E+03  4.50685E-02
 1.54518E+03  3.92675E-02
 1.61815E+03  3.36201E-02
 1.69457E+03  2.95860E-02
 1.77460E+03  2.61118E-02
 1.85840E+03  2.23074E-02
 1.94617E+03  1.88964E-02
 2.03808E+03  1.59738E-02
 2.13432E+03  1.38908E-02
 2.23512E+03  1.17179E-02
 2.34067E+03  9.94345E-03
 2.45121E+03  8.29228E-03
 2.56697E+03  7.31626E-03
 2.68820E+03  6.34404E-03
 2.81515E+03  5.56789E-03
 2.94809E+03  4.54258E-03
 3.08732E+03  3.57230E-03
 3.23312E+03  3.35614E-03
 3.38580E+03  2.66533E-03
 3.54570E+03  2.18899E-03
 3.71314E+03  2.12780E-03
 3.88850E+03  1.22370E-03
 4.07213E+03  1.33449E-03
 4.26444E+03  1.01098E-03
 4.46583E+03  9.63861E-04
 4.67673E+03  6.95555E-04
 4.89758E+03  5.77826E-04
 5.12887E+03  5.69794E-04
 5.37109E+03  4.47839E-04
 5.62474E+03  2.59521E-04
 5.89037E+03  3.21683E-04
 6.16854E+03  3.01026E-04
 6.45985E+03  2.58842E-04
 6.76492E+03  1.94981E-04
 7.08439E+03  2.43365E-04
 7.41895E+03  1.28371E-04
 7.76932E+03  1.56851E-04
 8.13622E+03  7.03968E-05
