 8.59946E-05  8.48106E-11
 9.00557E-05  1.01007E-10
 9.43086E-05  1.10757E-10
 9.87623E-05  1.25101E-10
 1.03426E-04  1.27776E-10
 1.08311E-04  1.38215E-10
 1.13426E-04  2.01605E-10
 1.18782E-04  1.81941E-10
 1.24392E-04  1.96713E-10
 1.30266E-04  2.11804E-10
 1.36418E-04  2.06678E-10
 1.42860E-04  2.59357E-10
 1.49607E-04  2.78168E-10
 1.56672E-04  3.22115E-10
 1.64071E-04  3.24916E-10
 1.71819E-04  3.52495E-10
 1.79934E-04  4.09150E-10
 1.88431E-04  4.43418E-10
 1.97330E-04  4.39698E-10
 2.06649E-04  4.81373E-10
 2.16408E-04  5.08829E-10
 2.26628E-04  5.98124E-10
 2.37330E-04  6.85359E-10
 2.48538E-04  7.20496E-10
 2.60275E-04  7.23124E-10
 2.72567E-04  7.62816E-10
 2.85439E-04  8.74559E-10
 2.98919E-04  8.85329E-10
 3.13035E-04  1.01513E-09
 3.27818E-04  1.03849E-09
 3.43300E-04  1.09553E-09
 3.59512E-04  1.19382E-09
 3.76490E-04  1.26206E-09
 3.94270E-04  1.29284E-09
 4.12889E-04  1.40982E-09
 4.32388E-04  1.48599E-09
 4.52808E-04  1.69504E-09
 4.74192E-04  1.86842E-09
 4.96585E-04  1.89961E-09
 5.20037E-04  1.98410E-09
 5.44596E-04  2.17398E-09
 5.70314E-04  2.23441E-09
 5.97247E-04  2.37415E-09
 6.25453E-04  2.41462E-09
 6.54990E-04  2.63692E-09
 6.85922E-04  2.72905E-09
 7.18314E-04  3.07909E-09
 7.52237E-04  3.24398E-09
 7.87762E-04  3.39321E-09
 8.24964E-04  3.70510E-09
 8.63923E-04  3.76561E-09
 9.04722E-04  3.85301E-09
 9.47447E-04  4.33901E-09
 9.92191E-04  4.74787E-09
 1.03905E-03  4.73336E-09
 1.08812E-03  4.94128E-09
 1.13950E-03  5.36325E-09
 1.19332E-03  5.61142E-09
 1.24967E-03  6.17425E-09
 1.30869E-03  6.22604E-09
 1.37049E-03  6.64577E-09
 1.43521E-03  7.55876E-09
 1.50299E-03  7.94921E-09
 1.57397E-03  7.53822E-09
 1.64830E-03  8.22583E-09
 1.72614E-03  8.95007E-09
 1.80766E-03  9.79049E-09
 1.89302E-03  9.33104E-09
 1.98242E-03  9.97407E-09
 2.07604E-03  1.14270E-08
 2.17409E-03  1.12973E-08
 2.27676E-03  1.27009E-08
 2.38428E-03  1.26658E-08
 2.49687E-03  1.36498E-08
 2.61479E-03  1.38103E-08
 2.73827E-03  1.51929E-08
 2.86759E-03  1.56698E-08
 3.00301E-03  1.59572E-08
 3.14483E-03  1.78805E-08
 3.29335E-03  1.76131E-08
 3.44887E-03  1.93624E-08
 3.61175E-03  1.95830E-08
 3.78231E-03  2.23483E-08
 3.96093E-03  2.18697E-08
 4.14799E-03  2.33246E-08
 4.34388E-03  2.37839E-08
 4.54902E-03  2.53498E-08
 4.76385E-03  2.50107E-08
 4.98882E-03  2.54282E-08
 5.22442E-03  2.71462E-08
 5.47114E-03  2.91159E-08
 5.72952E-03  3.11065E-08
 6.00010E-03  3.12546E-08
 6.28345E-03  3.17179E-08
 6.58019E-03  3.23621E-08
 6.89094E-03  3.49383E-08
 7.21637E-03  3.29948E-08
 7.55716E-03  3.40777E-08
 7.91405E-03  3.59909E-08
 8.28779E-03  3.51748E-08
 8.67919E-03  3.54539E-08
 9.08906E-03  3.37496E-08
 9.51829E-03  3.31480E-08
 9.96780E-03  3.29826E-08
 1.04385E-02  3.17945E-08
 1.09315E-02  3.08150E-08
 1.14477E-02  3.11195E-08
 1.19884E-02  2.81617E-08
 1.25545E-02  2.85786E-08
 1.31474E-02  2.64845E-08
 1.37683E-02  2.53175E-08
 1.44185E-02  2.51711E-08
 1.50994E-02  2.40313E-08
 1.58125E-02  2.16777E-08
 1.65592E-02  2.32447E-08
 1.73412E-02  2.02975E-08
 1.81602E-02  2.04092E-08
 1.90178E-02  2.01242E-08
 1.99159E-02  1.94245E-08
 2.08565E-02  1.81454E-08
 2.18414E-02  1.84053E-08
 2.28729E-02  1.58471E-08
 2.39530E-02  1.49740E-08
 2.50842E-02  1.26065E-08
 2.62688E-02  1.14036E-08
 2.75094E-02  1.07433E-08
 2.88085E-02  1.00068E-08
 3.01690E-02  8.94737E-09
 3.15938E-02  7.83114E-09
 3.30858E-02  7.49040E-09
 3.46483E-02  6.41162E-09
 3.62845E-02  9.57786E-09
 3.79981E-02  1.71317E-08
 3.97925E-02  1.63220E-08
 4.16717E-02  1.32454E-08
 4.36397E-02  1.24486E-08
 4.57006E-02  1.04108E-08
 4.78588E-02  8.28061E-09
 5.01190E-02  7.39122E-09
 5.24858E-02  5.76457E-09
 5.49645E-02  4.82209E-09
 5.75602E-02  3.61990E-09
 6.02785E-02  2.84694E-09
 6.31251E-02  2.26298E-09
 6.61062E-02  2.04525E-09
 6.92281E-02  1.43797E-09
 7.24974E-02  1.03848E-09
 7.59211E-02  7.97319E-10
 7.95065E-02  6.99293E-10
 8.32612E-02  6.40062E-10
 8.71933E-02  5.95519E-10
 9.13110E-02  5.13965E-10
 9.56232E-02  4.68762E-10
 1.00139E-01  3.77397E-10
 1.04868E-01  2.61838E-10
 1.09820E-01  1.97799E-10
 1.15007E-01  1.43860E-10
 1.20438E-01  9.54262E-11
 1.26126E-01  5.88115E-11
 1.32082E-01  3.59760E-11
 1.38320E-01  2.22027E-11
 1.44852E-01  1.31510E-11
 1.51692E-01  6.63406E-12
 1.58856E-01  3.68811E-12
 1.66358E-01  1.75878E-12
 1.74214E-01  8.17821E-13
 1.82442E-01  3.49088E-13
 1.91058E-01  2.51523E-13
 2.00080E-01  1.81087E-13
 2.09529E-01  1.86447E-13
 2.19424E-01  6.53233E-14
 2.29787E-01  2.96070E-14
 2.40638E-01  7.44001E-15
 2.52002E-01  3.34703E-15
 2.63903E-01  1.41361E-15
 2.76366E-01  4.51872E-16
 2.89418E-01  1.21443E-16
 3.03085E-01  3.74621E-17
 3.17399E-01  1.28540E-17
 3.32388E-01  4.23713E-18
 3.48085E-01  1.67983E-18
 3.64523E-01  5.33598E-19
 3.81738E-01  2.05019E-19
 3.99766E-01  8.68031E-20
 4.18645E-01  4.36113E-20
 4.38415E-01  2.92835E-20
 4.59120E-01  1.50906E-20
 4.80802E-01  1.68918E-20
 5.03508E-01  2.02311E-20
 5.27286E-01  4.39926E-20
 5.52187E-01  1.07632E-19
 5.78264E-01  5.87948E-19
 6.05573E-01  6.97192E-18
 6.34171E-01  1.68113E-16
 6.64120E-01  1.25092E-14
 6.95483E-01  3.48842E-12
 7.28327E-01  4.10014E-09
 7.62723E-01  5.18181E-05
 7.98743E-01  3.97768E-04
 8.36463E-01  4.80984E-04
 8.75965E-01  5.26431E-04
 9.17333E-01  5.92206E-04
 9.60654E-01  5.98065E-04
 9.91011E-01  5.47244E-04
 9.91127E-01  5.47047E-04
 9.91243E-01  5.46849E-04
 9.91358E-01  5.46651E-04
 9.91474E-01  5.46453E-04
 9.91590E-01  5.46255E-04
 9.91706E-01  5.46057E-04
 9.91822E-01  5.45858E-04
 9.91938E-01  5.45660E-04
 9.92053E-01  5.45462E-04
 9.92169E-01  5.45263E-04
 9.92285E-01  5.45065E-04
 9.92401E-01  5.44866E-04
 9.92517E-01  5.44668E-04
 9.92633E-01  5.44469E-04
 9.92750E-01  5.44270E-04
 9.92866E-01  5.44071E-04
 9.92982E-01  5.43872E-04
 9.93098E-01  5.43673E-04
 9.93214E-01  5.43474E-04
 9.93330E-01  5.43275E-04
 9.93447E-01  5.43075E-04
 9.93563E-01  5.42876E-04
 9.93679E-01  5.42677E-04
 9.93795E-01  5.42477E-04
 9.93912E-01  5.42277E-04
 9.94028E-01  5.42078E-04
 9.94145E-01  5.41878E-04
 9.94261E-01  5.41678E-04
 9.94377E-01  5.41478E-04
 9.94494E-01  5.41278E-04
 9.94610E-01  5.41078E-04
 9.94727E-01  5.40878E-04
 9.94844E-01  5.40678E-04
 9.94960E-01  5.40477E-04
 9.95077E-01  5.40277E-04
 9.95193E-01  5.40077E-04
 9.95310E-01  5.39876E-04
 9.95427E-01  5.39675E-04
 9.95543E-01  5.39475E-04
 9.95660E-01  5.39274E-04
 9.95777E-01  5.39073E-04
 9.95894E-01  5.38872E-04
 9.96011E-01  5.38671E-04
 9.96128E-01  5.38470E-04
 9.96244E-01  5.38269E-04
 9.96361E-01  5.38068E-04
 9.96478E-01  5.37866E-04
 9.96595E-01  5.37665E-04
 9.96712E-01  5.37464E-04
 9.96829E-01  5.37262E-04
 9.96946E-01  5.37060E-04
 9.97063E-01  5.36859E-04
 9.97181E-01  5.36657E-04
 9.97298E-01  5.36455E-04
 9.97415E-01  5.36253E-04
 9.97532E-01  5.36051E-04
 9.97649E-01  5.35849E-04
 9.97767E-01  5.35647E-04
 9.97884E-01  5.35444E-04
 9.98001E-01  5.35242E-04
 9.98118E-01  5.35040E-04
 9.98236E-01  5.34837E-04
 9.98353E-01  5.34635E-04
 9.98471E-01  5.34432E-04
 9.98588E-01  5.34229E-04
 9.98706E-01  5.34026E-04
 9.98823E-01  5.33824E-04
 9.98941E-01  5.33621E-04
 9.99058E-01  5.33418E-04
 9.99176E-01  5.33214E-04
 9.99293E-01  5.33011E-04
 9.99411E-01  5.32808E-04
 9.99529E-01  5.32605E-04
 9.99646E-01  5.32401E-04
 9.99764E-01  5.32198E-04
 9.99882E-01  5.31994E-04
 1.00000E+00  5.31790E-04
 1.00012E+00  5.31587E-04
 1.00024E+00  5.31383E-04
 1.00035E+00  5.31179E-04
 1.00047E+00  5.30975E-04
 1.00059E+00  5.30771E-04
 1.00071E+00  5.30567E-04
 1.00082E+00  5.30362E-04
 1.00094E+00  5.30344E-04
 1.00106E+00  5.29954E-04
 1.00118E+00  5.29749E-04
 1.00130E+00  5.29545E-04
 1.00142E+00  5.29340E-04
 1.00153E+00  5.29135E-04
 1.00165E+00  5.28930E-04
 1.00177E+00  5.28726E-04
 1.00189E+00  5.28521E-04
 1.00201E+00  5.28316E-04
 1.00212E+00  5.28110E-04
 1.00224E+00  5.27905E-04
 1.00236E+00  5.27700E-04
 1.00248E+00  5.27495E-04
 1.00260E+00  5.27289E-04
 1.00272E+00  5.27084E-04
 1.00283E+00  5.26878E-04
 1.00295E+00  5.26672E-04
 1.00307E+00  5.26468E-04
 1.00319E+00  5.26261E-04
 1.00331E+00  5.26152E-04
 1.00343E+00  5.25849E-04
 1.00355E+00  5.25643E-04
 1.00366E+00  5.25437E-04
 1.00378E+00  5.25230E-04
 1.00390E+00  5.25024E-04
 1.00402E+00  5.24836E-04
 1.00414E+00  5.24611E-04
 1.00426E+00  5.24405E-04
 1.00438E+00  5.33967E-04
 1.00450E+00  5.24076E-04
 1.00461E+00  5.23791E-04
 1.00473E+00  5.23578E-04
 1.00485E+00  5.23387E-04
 1.00497E+00  5.23164E-04
 1.00509E+00  5.22957E-04
 1.00521E+00  5.22753E-04
 1.00533E+00  5.22542E-04
 1.00545E+00  5.22335E-04
 1.00557E+00  5.22553E-04
 1.00569E+00  5.21921E-04
 1.00580E+00  5.21716E-04
 1.00592E+00  5.21539E-04
 1.00602E+00  5.21341E-04
 1.00604E+00  5.21384E-04
 1.00616E+00  5.21653E-04
 1.00628E+00  5.21925E-04
 1.00640E+00  5.22190E-04
 1.00652E+00  5.22467E-04
 1.00664E+00  5.22883E-04
 1.00676E+00  5.23003E-04
 1.00688E+00  5.23638E-04
 1.00700E+00  5.23537E-04
 1.00712E+00  5.23806E-04
 1.00724E+00  5.24083E-04
 1.00736E+00  5.24347E-04
 1.00748E+00  5.24615E-04
 1.00760E+00  5.24949E-04
 1.00771E+00  5.25155E-04
 1.00783E+00  5.25447E-04
 1.00795E+00  5.27514E-04
 1.00807E+00  5.25966E-04
 1.00819E+00  5.26242E-04
 1.00831E+00  5.33349E-04
 1.00843E+00  5.26937E-04
 1.00855E+00  5.27047E-04
 1.00867E+00  5.27417E-04
 1.00879E+00  5.27637E-04
 1.00891E+00  5.27860E-04
 1.00903E+00  5.28174E-04
 1.00915E+00  5.28402E-04
 1.00927E+00  5.28806E-04
 1.00939E+00  5.29004E-04
 1.00951E+00  5.32701E-04
 1.00963E+00  5.29500E-04
 1.00975E+00  5.29758E-04
 1.00987E+00  5.30191E-04
 1.00999E+00  5.30305E-04
 1.01011E+00  5.30947E-04
 1.01023E+00  5.30847E-04
 1.01035E+00  5.31235E-04
 1.01047E+00  5.31436E-04
 1.01059E+00  5.32040E-04
 1.01071E+00  5.33505E-04
 1.01083E+00  5.32206E-04
 1.01095E+00  5.32478E-04
 1.01108E+00  5.33292E-04
 1.01120E+00  5.33046E-04
 1.01132E+00  5.33554E-04
 1.01144E+00  5.33574E-04
 1.01156E+00  5.33945E-04
 1.01168E+00  5.42841E-04
 1.01180E+00  5.34643E-04
 1.01192E+00  5.34731E-04
 1.01204E+00  5.35006E-04
 1.01216E+00  5.35296E-04
 1.01228E+00  5.35953E-04
 1.01240E+00  5.38710E-04
 1.01252E+00  5.36077E-04
 1.01264E+00  5.36422E-04
 1.01276E+00  5.36941E-04
 1.01288E+00  5.36962E-04
 1.01301E+00  5.37646E-04
 1.01313E+00  5.37543E-04
 1.01325E+00  5.37871E-04
 1.01337E+00  5.38182E-04
 1.01349E+00  5.38525E-04
 1.01361E+00  5.38662E-04
 1.01373E+00  5.44562E-04
 1.01385E+00  5.39398E-04
 1.01397E+00  5.55104E-04
 1.01409E+00  5.45076E-04
 1.01422E+00  5.41321E-04
 1.01434E+00  5.40175E-04
 1.01446E+00  5.46920E-04
 1.01458E+00  5.41064E-04
 1.01470E+00  5.42270E-04
 1.01482E+00  5.42134E-04
 1.01494E+00  5.41645E-04
 1.01506E+00  5.60098E-04
 1.01519E+00  5.42168E-04
 1.01531E+00  5.77770E-04
 1.01543E+00  5.47809E-04
 1.01555E+00  5.44824E-04
 1.01567E+00  5.44852E-04
 1.01579E+00  5.43989E-04
 1.01591E+00  5.58604E-04
 1.01604E+00  5.47197E-04
 1.01616E+00  5.57977E-04
 1.01628E+00  5.49111E-04
 1.01640E+00  5.46474E-04
 1.01652E+00  5.50515E-04
 1.01664E+00  5.57699E-04
 1.01677E+00  5.52783E-04
 1.01689E+00  5.57011E-04
 1.01701E+00  5.58025E-04
 1.01713E+00  5.72730E-04
 1.01725E+00  5.75173E-04
 1.01738E+00  5.80695E-04
 1.01750E+00  6.06046E-04
 1.01762E+00  6.26164E-04
 1.01774E+00  5.74067E-04
 1.01786E+00  5.96531E-04
 1.01799E+00  6.12469E-04
 1.01811E+00  6.02792E-04
 1.01823E+00  6.38332E-04
 1.01835E+00  6.90225E-04
 1.01847E+00  6.74140E-04
 1.01860E+00  7.79674E-04
 1.01872E+00  8.73685E-04
 1.01884E+00  1.01410E-03
 1.01896E+00  1.00904E-03
 1.01909E+00  1.05044E-03
 1.01921E+00  1.41863E-03
 1.01933E+00  1.63630E-03
 1.01945E+00  1.94589E-03
 1.01958E+00  2.38009E-03
 1.01970E+00  3.50249E-03
 1.01982E+00  4.35362E-03
 1.01994E+00  5.34781E-03
 1.02007E+00  6.04114E-03
 1.02019E+00  6.86738E-03
 1.02031E+00  7.36724E-03
 1.02043E+00  8.80909E-03
 1.02056E+00  9.11024E-03
 1.02068E+00  1.01628E-02
 1.02080E+00  1.04365E-02
 1.02092E+00  1.13041E-02
 1.02105E+00  1.16011E-02
 1.02117E+00  1.17468E-02
 1.02129E+00  1.15417E-02
 1.02142E+00  1.18119E-02
 1.02154E+00  1.12664E-02
 1.02166E+00  1.04725E-02
 1.02178E+00  1.05403E-02
 1.02191E+00  9.67723E-03
 1.02203E+00  1.03128E-02
 1.02215E+00  9.75144E-03
 1.02228E+00  9.34330E-03
 1.02240E+00  9.01381E-03
 1.02252E+00  8.39846E-03
 1.02265E+00  8.14404E-03
 1.02277E+00  8.07599E-03
 1.02289E+00  8.07535E-03
 1.02302E+00  7.15795E-03
 1.02314E+00  7.45383E-03
 1.02326E+00  6.88929E-03
 1.02339E+00  6.65599E-03
 1.02351E+00  6.36137E-03
 1.02363E+00  6.26777E-03
 1.02376E+00  5.92572E-03
 1.02388E+00  6.29574E-03
 1.02400E+00  5.93248E-03
 1.02413E+00  5.74098E-03
 1.02425E+00  5.32026E-03
 1.02437E+00  4.56968E-03
 1.02450E+00  4.50086E-03
 1.02462E+00  4.68910E-03
 1.02474E+00  5.00978E-03
 1.02487E+00  4.27182E-03
 1.02499E+00  4.10811E-03
 1.02512E+00  3.86962E-03
 1.02524E+00  3.81200E-03
 1.02536E+00  3.26889E-03
 1.02549E+00  3.19413E-03
 1.02561E+00  3.11903E-03
 1.02573E+00  2.72951E-03
 1.02586E+00  2.75211E-03
 1.02598E+00  2.61815E-03
 1.02611E+00  2.36823E-03
 1.02623E+00  2.15521E-03
 1.02635E+00  2.34888E-03
 1.02648E+00  2.10345E-03
 1.02660E+00  1.74252E-03
 1.02673E+00  1.88829E-03
 1.02685E+00  1.57757E-03
 1.02698E+00  1.65492E-03
 1.02710E+00  1.60229E-03
 1.02722E+00  1.50562E-03
 1.02735E+00  1.37443E-03
 1.02747E+00  1.15595E-03
 1.02760E+00  1.19032E-03
 1.02772E+00  1.11182E-03
 1.02785E+00  1.14656E-03
 1.02797E+00  1.08920E-03
 1.02809E+00  1.01986E-03
 1.02822E+00  9.14133E-04
 1.02834E+00  9.58182E-04
 1.02847E+00  8.58356E-04
 1.02859E+00  8.40615E-04
 1.02872E+00  7.54805E-04
 1.02884E+00  7.91933E-04
 1.02897E+00  7.68515E-04
 1.02909E+00  7.47459E-04
 1.02922E+00  7.45008E-04
 1.02934E+00  6.73610E-04
 1.02947E+00  6.87356E-04
 1.02959E+00  7.02294E-04
 1.02972E+00  6.89876E-04
 1.02984E+00  6.59738E-04
 1.02997E+00  6.08209E-04
 1.03009E+00  6.25386E-04
 1.03022E+00  6.20296E-04
 1.03034E+00  6.07669E-04
 1.03047E+00  6.24509E-04
 1.03059E+00  6.07227E-04
 1.03072E+00  5.93989E-04
 1.03084E+00  5.97643E-04
 1.03097E+00  6.12379E-04
 1.03109E+00  6.01611E-04
 1.03122E+00  5.93439E-04
 1.03134E+00  5.97519E-04
 1.03147E+00  5.82192E-04
 1.03159E+00  5.99947E-04
 1.03172E+00  5.93718E-04
 1.03184E+00  5.84822E-04
 1.03197E+00  5.84678E-04
 1.03209E+00  5.81699E-04
 1.03222E+00  5.87248E-04
 1.03235E+00  5.82390E-04
 1.03247E+00  5.83347E-04
 1.03260E+00  5.87634E-04
 1.03272E+00  5.84431E-04
 1.03285E+00  5.83131E-04
 1.03297E+00  5.85250E-04
 1.03310E+00  5.84739E-04
 1.03322E+00  5.85681E-04
 1.03335E+00  5.84993E-04
 1.03348E+00  5.83915E-04
 1.03360E+00  5.84491E-04
 1.03373E+00  5.85712E-04
 1.03385E+00  5.87112E-04
 1.03398E+00  5.85532E-04
 1.03411E+00  5.85957E-04
 1.03423E+00  5.85865E-04
 1.03436E+00  5.86096E-04
 1.03448E+00  5.88888E-04
 1.03461E+00  5.87604E-04
 1.03474E+00  5.86836E-04
 1.03486E+00  5.87109E-04
 1.03499E+00  5.88705E-04
 1.03511E+00  5.95895E-04
 1.03524E+00  5.87956E-04
 1.03537E+00  5.89368E-04
 1.03549E+00  5.88641E-04
 1.03562E+00  5.88812E-04
 1.03575E+00  5.89104E-04
 1.03587E+00  5.89397E-04
 1.03600E+00  5.89741E-04
 1.03612E+00  5.89989E-04
 1.03625E+00  5.90429E-04
 1.03638E+00  5.90594E-04
 1.03650E+00  5.90876E-04
 1.03663E+00  5.91351E-04
 1.03676E+00  5.91436E-04
 1.03688E+00  5.91728E-04
 1.03701E+00  5.92047E-04
 1.03714E+00  5.92313E-04
 1.03726E+00  5.92616E-04
 1.03739E+00  5.93243E-04
 1.03752E+00  5.93200E-04
 1.03764E+00  5.93482E-04
 1.03777E+00  5.93934E-04
 1.03790E+00  5.94068E-04
 1.03803E+00  5.94361E-04
 1.03815E+00  5.94681E-04
 1.03828E+00  5.95015E-04
 1.03841E+00  5.95242E-04
 1.03853E+00  5.95534E-04
 1.03866E+00  5.95828E-04
 1.03879E+00  5.96123E-04
 1.03891E+00  5.96415E-04
 1.03904E+00  5.96711E-04
 1.03917E+00  5.98313E-04
 1.03930E+00  5.97376E-04
 1.03942E+00  5.97591E-04
 1.03955E+00  5.97885E-04
 1.03968E+00  5.98179E-04
 1.03981E+00  5.98474E-04
 1.03993E+00  5.98768E-04
 1.04006E+00  5.99114E-04
 1.04019E+00  5.99358E-04
 1.04031E+00  5.99652E-04
 1.04044E+00  5.99947E-04
 1.04057E+00  6.00242E-04
 1.04070E+00  6.00538E-04
 1.04083E+00  6.00832E-04
 1.04095E+00  6.01127E-04
 1.04108E+00  6.01422E-04
 1.04121E+00  6.01718E-04
 1.04134E+00  6.02014E-04
 1.04146E+00  6.02309E-04
 1.04159E+00  6.02605E-04
 1.04172E+00  6.02901E-04
 1.04185E+00  6.03197E-04
 1.04197E+00  6.03493E-04
 1.04210E+00  6.03789E-04
 1.04223E+00  6.04085E-04
 1.04236E+00  6.04382E-04
 1.04249E+00  6.04678E-04
 1.04261E+00  6.04975E-04
 1.04274E+00  6.05271E-04
 1.04287E+00  6.05568E-04
 1.04300E+00  6.05865E-04
 1.04313E+00  6.06162E-04
 1.04326E+00  6.06459E-04
 1.04338E+00  6.06760E-04
 1.04351E+00  6.07053E-04
 1.04364E+00  6.07351E-04
 1.04377E+00  6.07648E-04
 1.04390E+00  6.07946E-04
 1.04402E+00  6.08243E-04
 1.04415E+00  6.08541E-04
 1.04428E+00  6.08839E-04
 1.04441E+00  6.09137E-04
 1.04454E+00  6.09435E-04
 1.04467E+00  6.09733E-04
 1.04480E+00  6.10032E-04
 1.04492E+00  6.10330E-04
 1.04505E+00  6.10629E-04
 1.04518E+00  6.10927E-04
 1.04531E+00  6.11226E-04
 1.04544E+00  6.11524E-04
 1.04557E+00  6.11824E-04
 1.04570E+00  6.12122E-04
 1.04583E+00  6.12421E-04
 1.04595E+00  6.12721E-04
 1.04608E+00  6.13020E-04
 1.04621E+00  6.13319E-04
 1.04634E+00  6.13619E-04
 1.04647E+00  6.13918E-04
 1.04660E+00  6.14218E-04
 1.04673E+00  6.14518E-04
 1.04686E+00  6.14818E-04
 1.04699E+00  6.15118E-04
 1.04712E+00  6.15418E-04
 1.04724E+00  6.15718E-04
 1.04737E+00  6.16018E-04
 1.04750E+00  6.16319E-04
 1.04763E+00  6.16619E-04
 1.04776E+00  6.16920E-04
 1.04789E+00  6.17221E-04
 1.04802E+00  6.17521E-04
 1.04815E+00  6.17822E-04
 1.04828E+00  6.18123E-04
 1.04841E+00  6.18424E-04
 1.04854E+00  6.18726E-04
 1.04867E+00  6.19031E-04
 1.04880E+00  6.19328E-04
 1.04893E+00  6.19630E-04
 1.04906E+00  6.19931E-04
 1.04919E+00  6.20233E-04
 1.04932E+00  6.20535E-04
 1.04945E+00  6.20837E-04
 1.04958E+00  6.21139E-04
 1.04970E+00  6.21441E-04
 1.04983E+00  6.21743E-04
 1.04996E+00  6.22046E-04
 1.05009E+00  6.22348E-04
 1.05022E+00  6.22651E-04
 1.05035E+00  6.22953E-04
 1.05048E+00  6.23256E-04
 1.05061E+00  6.23559E-04
 1.05074E+00  6.23862E-04
 1.05087E+00  6.24165E-04
 1.05100E+00  6.24468E-04
 1.05113E+00  6.24771E-04
 1.05126E+00  6.25075E-04
 1.05139E+00  6.25378E-04
 1.05153E+00  6.25682E-04
 1.05166E+00  6.25986E-04
 1.05179E+00  6.26289E-04
 1.05192E+00  6.26593E-04
 1.05205E+00  6.26897E-04
 1.05218E+00  6.27201E-04
 1.05231E+00  6.27505E-04
 1.05353E+00  6.30361E-04
 1.10328E+00  6.87005E-04
 1.15539E+00  7.13584E-04
 1.20995E+00  7.38664E-04
 1.26709E+00  7.36403E-04
 1.32693E+00  7.13843E-04
 1.38959E+00  7.17823E-04
 1.45522E+00  6.82864E-04
 1.52394E+00  6.47223E-04
 1.59591E+00  5.97281E-04
 1.67128E+00  5.56321E-04
 1.75020E+00  5.15013E-04
 1.83286E+00  4.90000E-04
 1.91941E+00  4.65432E-04
 2.01006E+00  4.58773E-04
 2.10498E+00  4.56432E-04
 2.20439E+00  4.76609E-04
 2.30849E+00  4.81654E-04
 2.41751E+00  4.91024E-04
 2.53168E+00  4.96482E-04
 2.65124E+00  5.07149E-04
 2.77644E+00  5.18354E-04
 2.90756E+00  5.25883E-04
 3.04487E+00  5.38652E-04
 3.18867E+00  7.55970E-04
 3.33925E+00  9.16325E-04
 3.49695E+00  9.51288E-04
 3.66209E+00  9.54488E-04
 3.83504E+00  1.01273E-03
 4.01615E+00  9.88736E-04
 4.20581E+00  1.01229E-03
 4.40443E+00  1.01523E-03
 4.61243E+00  1.03787E-03
 4.83025E+00  1.05983E-03
 5.05836E+00  1.05431E-03
 5.29725E+00  1.07188E-03
 5.54741E+00  1.06191E-03
 5.80939E+00  1.09314E-03
 6.08374E+00  1.09757E-03
 6.37104E+00  1.12337E-03
 6.67191E+00  1.13595E-03
 6.98700E+00  1.16301E-03
 7.31696E+00  1.20385E-03
 7.66250E+00  1.25993E-03
 8.02437E+00  1.29117E-03
 8.40332E+00  1.31556E-03
 8.80017E+00  1.34171E-03
 9.21576E+00  1.32468E-03
 9.65097E+00  1.35844E-03
 1.01067E+01  1.35778E-03
 1.05840E+01  1.39434E-03
 1.10839E+01  1.39764E-03
 1.16073E+01  1.42641E-03
 1.21555E+01  1.44856E-03
 1.27295E+01  1.50720E-03
 1.33307E+01  1.52037E-03
 1.39602E+01  1.55698E-03
 1.46195E+01  1.52935E-03
 1.53099E+01  1.47711E-03
 1.60329E+01  1.42737E-03
 1.67901E+01  1.39382E-03
 1.75830E+01  1.35158E-03
 1.84133E+01  1.27763E-03
 1.92829E+01  1.16418E-03
 2.01935E+01  1.03544E-03
 2.11472E+01  9.80487E-04
 2.21459E+01  9.85079E-04
 2.31917E+01  1.00082E-03
 2.42869E+01  9.64589E-04
 2.54339E+01  9.56575E-04
 2.66350E+01  9.50699E-04
 2.78929E+01  8.88768E-04
 2.92101E+01  8.99699E-04
 3.05896E+01  9.56217E-04
 3.20342E+01  9.69453E-04
 3.35470E+01  1.06031E-03
 3.51312E+01  1.12287E-03
 3.67903E+01  1.19169E-03
 3.85277E+01  1.32592E-03
 4.03472E+01  1.53740E-03
 4.22526E+01  1.77185E-03
 4.42480E+01  2.06887E-03
 4.63376E+01  2.39654E-03
 4.85259E+01  2.87537E-03
 5.08176E+01  3.28882E-03
 5.32175E+01  3.74339E-03
 5.57307E+01  4.47805E-03
 5.83625E+01  5.08526E-03
 6.11187E+01  5.98809E-03
 6.40051E+01  6.85243E-03
 6.70277E+01  7.99873E-03
 7.01931E+01  9.40637E-03
 7.35080E+01  1.14764E-02
 7.69794E+01  1.38992E-02
 8.06148E+01  1.64758E-02
 8.44219E+01  1.84600E-02
 8.84087E+01  2.08014E-02
 9.25838E+01  2.28371E-02
 9.69561E+01  2.52294E-02
 1.01535E+02  2.81009E-02
 1.06330E+02  3.15230E-02
 1.11351E+02  3.56849E-02
 1.16610E+02  4.13335E-02
 1.22117E+02  4.88814E-02
 1.27884E+02  5.85937E-02
 1.33923E+02  7.11534E-02
 1.40248E+02  8.62672E-02
 1.46871E+02  1.05484E-01
 1.53807E+02  1.26304E-01
 1.61071E+02  1.50691E-01
 1.68677E+02  1.78552E-01
 1.76643E+02  2.09750E-01
 1.84985E+02  2.49001E-01
 1.93721E+02  2.92399E-01
 2.02869E+02  3.45393E-01
 2.12450E+02  4.02549E-01
 2.22483E+02  4.66937E-01
 2.32990E+02  5.36651E-01
 2.43993E+02  6.11354E-01
 2.55515E+02  6.88578E-01
 2.67582E+02  7.67755E-01
 2.80219E+02  8.49079E-01
 2.93452E+02  9.28810E-01
 3.07310E+02  9.95476E-01
 3.21823E+02  1.06155E+00
 3.37021E+02  1.12234E+00
 3.52937E+02  1.16619E+00
 3.69605E+02  1.20683E+00
 3.87059E+02  1.23425E+00
 4.05338E+02  1.25079E+00
 4.24480E+02  1.26206E+00
 4.44527E+02  1.25895E+00
 4.65519E+02  1.25003E+00
 4.87504E+02  1.23202E+00
 5.10526E+02  1.21120E+00
 5.34636E+02  1.17208E+00
 5.59884E+02  1.14279E+00
 5.86325E+02  1.10195E+00
 6.14014E+02  1.05041E+00
 6.43011E+02  9.97107E-01
 6.73377E+02  9.47597E-01
 7.05178E+02  8.89478E-01
 7.38480E+02  8.36913E-01
 7.73355E+02  7.76893E-01
 8.09877E+02  7.18083E-01
 8.48123E+02  6.66738E-01
 8.88176E+02  6.11710E-01
 9.30120E+02  5.56425E-01
 9.74045E+02  5.09343E-01
 1.02004E+03  4.65815E-01
 1.06822E+03  4.16840E-01
 1.11866E+03  3.78877E-01
 1.17149E+03  3.38657E-01
 1.22682E+03  2.98240E-01
 1.28475E+03  2.65698E-01
 1.34543E+03  2.35353E-01
 1.40896E+03  2.06935E-01
 1.47550E+03  1.82691E-01
 1.54518E+03  1.59348E-01
 1.61815E+03  1.37634E-01
 1.69457E+03  1.19646E-01
 1.77460E+03  1.03890E-01
 1.85840E+03  9.10765E-02
 1.94617E+03  7.50176E-02
 2.03808E+03  6.60829E-02
 2.13432E+03  5.53056E-02
 2.23512E+03  4.91402E-02
 2.34067E+03  4.04407E-02
 2.45121E+03  3.41696E-02
 2.56697E+03  2.82068E-02
 2.68820E+03  2.57844E-02
 2.81515E+03  2.16352E-02
 2.94809E+03  1.85470E-02
 3.08732E+03  1.51130E-02
 3.23312E+03  1.23292E-02
 3.38580E+03  1.08683E-02
 3.54570E+03  8.26499E-03
 3.71314E+03  8.34367E-03
 3.88850E+03  6.06066E-03
 4.07213E+03  4.85570E-03
 4.26444E+03  4.23500E-03
 4.46583E+03  3.72805E-03
 4.67673E+03  2.88359E-03
 4.89758E+03  2.29502E-03
 5.12887E+03  2.09868E-03
 5.37109E+03  1.71683E-03
 5.62474E+03  1.62558E-03
 5.89037E+03  8.07664E-04
 6.16854E+03  9.81906E-04
 6.45985E+03  1.03089E-03
 6.76492E+03  1.01263E-03
 7.08439E+03  5.65588E-04
 7.41895E+03  5.92462E-04
 7.76932E+03  1.55281E-04
 8.13622E+03  2.43932E-04
