 8.59946E-05  1.73374E-11
 9.00557E-05  2.13662E-11
 9.43086E-05  1.86058E-11
 9.87623E-05  2.04049E-11
 1.03426E-04  2.54367E-11
 1.08311E-04  2.61378E-11
 1.13426E-04  2.64463E-11
 1.18782E-04  3.13526E-11
 1.24392E-04  3.43087E-11
 1.30266E-04  3.98120E-11
 1.36418E-04  3.91375E-11
 1.42860E-04  4.51886E-11
 1.49607E-04  5.26015E-11
 1.56672E-04  4.64557E-11
 1.64071E-04  5.52410E-11
 1.71819E-04  5.21127E-11
 1.79934E-04  4.79771E-11
 1.88431E-04  7.35759E-11
 1.97330E-04  7.43312E-11
 2.06649E-04  8.40118E-11
 2.16408E-04  8.21233E-11
 2.26628E-04  8.58047E-11
 2.37330E-04  9.21773E-11
 2.48538E-04  8.14572E-11
 2.60275E-04  1.09605E-10
 2.72567E-04  8.30978E-11
 2.85439E-04  1.11683E-10
 2.98919E-04  1.46721E-10
 3.13035E-04  1.32675E-10
 3.27818E-04  1.66473E-10
 3.43300E-04  1.64322E-10
 3.59512E-04  1.81968E-10
 3.76490E-04  1.49702E-10
 3.94270E-04  1.74569E-10
 4.12889E-04  1.69968E-10
 4.32388E-04  2.25109E-10
 4.52808E-04  2.14375E-10
 4.74192E-04  2.12792E-10
 4.96585E-04  2.86320E-10
 5.20037E-04  2.11653E-10
 5.44596E-04  1.99133E-10
 5.70314E-04  2.62762E-10
 5.97247E-04  3.05203E-10
 6.25453E-04  3.13650E-10
 6.54990E-04  3.25977E-10
 6.85922E-04  3.87557E-10
 7.18314E-04  4.56661E-10
 7.52237E-04  4.09499E-10
 7.87762E-04  4.01640E-10
 8.24964E-04  3.95545E-10
 8.63923E-04  4.40386E-10
 9.04722E-04  5.52766E-10
 9.47447E-04  4.72116E-10
 9.92191E-04  6.23513E-10
 1.03905E-03  6.53002E-10
 1.08812E-03  6.28659E-10
 1.13950E-03  7.21644E-10
 1.19332E-03  7.74271E-10
 1.24967E-03  7.35147E-10
 1.30869E-03  8.57589E-10
 1.37049E-03  8.54780E-10
 1.43521E-03  9.04737E-10
 1.50299E-03  9.64118E-10
 1.57397E-03  1.06279E-09
 1.64830E-03  1.12898E-09
 1.72614E-03  1.19000E-09
 1.80766E-03  1.21289E-09
 1.89302E-03  1.40489E-09
 1.98242E-03  1.09012E-09
 2.07604E-03  1.29888E-09
 2.17409E-03  1.39325E-09
 2.27676E-03  1.64156E-09
 2.38428E-03  1.50379E-09
 2.49687E-03  1.54963E-09
 2.61479E-03  1.56067E-09
 2.73827E-03  1.93833E-09
 2.86759E-03  1.95666E-09
 3.00301E-03  2.12645E-09
 3.14483E-03  1.88977E-09
 3.29335E-03  2.24384E-09
 3.44887E-03  2.49780E-09
 3.61175E-03  2.17471E-09
 3.78231E-03  2.48500E-09
 3.96093E-03  2.76587E-09
 4.14799E-03  2.98975E-09
 4.34388E-03  2.94682E-09
 4.54902E-03  3.07900E-09
 4.76385E-03  3.25335E-09
 4.98882E-03  3.23954E-09
 5.22442E-03  3.50914E-09
 5.47114E-03  3.58709E-09
 5.72952E-03  3.66182E-09
 6.00010E-03  3.51767E-09
 6.28345E-03  3.63942E-09
 6.58019E-03  4.36129E-09
 6.89094E-03  3.69352E-09
 7.21637E-03  4.13346E-09
 7.55716E-03  4.18731E-09
 7.91405E-03  4.16468E-09
 8.28779E-03  4.16408E-09
 8.67919E-03  4.18181E-09
 9.08906E-03  4.06662E-09
 9.51829E-03  4.53266E-09
 9.96780E-03  3.65946E-09
 1.04385E-02  3.86581E-09
 1.09315E-02  4.13676E-09
 1.14477E-02  3.50865E-09
 1.19884E-02  4.03853E-09
 1.25545E-02  3.03733E-09
 1.31474E-02  2.91984E-09
 1.37683E-02  3.36023E-09
 1.44185E-02  3.28287E-09
 1.50994E-02  3.60112E-09
 1.58125E-02  3.22945E-09
 1.65592E-02  3.42011E-09
 1.73412E-02  3.58552E-09
 1.81602E-02  3.02588E-09
 1.90178E-02  4.18800E-09
 1.99159E-02  4.27575E-09
 2.08565E-02  4.58580E-09
 2.18414E-02  6.48894E-09
 2.28729E-02  8.94389E-09
 2.39530E-02  9.07355E-09
 2.50842E-02  1.16398E-08
 2.62688E-02  1.24059E-08
 2.75094E-02  1.55959E-08
 2.88085E-02  1.61464E-08
 3.01690E-02  1.79456E-08
 3.15938E-02  1.79078E-08
 3.30858E-02  2.00687E-08
 3.46483E-02  2.08847E-08
 3.62845E-02  2.17815E-08
 3.79981E-02  2.32891E-08
 3.97925E-02  2.34208E-08
 4.16717E-02  2.27474E-08
 4.36397E-02  2.08123E-08
 4.57006E-02  1.80506E-08
 4.78588E-02  1.74199E-08
 5.01190E-02  1.64061E-08
 5.24858E-02  1.38127E-08
 5.49645E-02  1.14821E-08
 5.75602E-02  1.02464E-08
 6.02785E-02  8.38402E-09
 6.31251E-02  6.66238E-09
 6.61062E-02  5.72184E-09
 6.92281E-02  4.31982E-09
 7.24974E-02  3.35026E-09
 7.59211E-02  2.43918E-09
 7.95065E-02  1.91092E-09
 8.32612E-02  1.44749E-09
 8.71933E-02  9.77027E-10
 9.13110E-02  6.73023E-10
 9.56232E-02  4.68592E-10
 1.00139E-01  3.25617E-10
 1.04868E-01  2.14236E-10
 1.09820E-01  1.41899E-10
 1.15007E-01  8.67290E-11
 1.20438E-01  5.96718E-11
 1.26126E-01  3.16029E-11
 1.32082E-01  1.77512E-11
 1.38320E-01  1.05871E-11
 1.44852E-01  6.00027E-12
 1.51692E-01  3.07680E-12
 1.58856E-01  1.52328E-12
 1.66358E-01  7.64295E-13
 1.74214E-01  3.50066E-13
 1.82442E-01  1.53541E-13
 1.91058E-01  1.46727E-13
 2.00080E-01  1.18211E-13
 2.09529E-01  1.28736E-13
 2.19424E-01  4.57402E-14
 2.29787E-01  2.03520E-14
 2.40638E-01  5.06766E-15
 2.52002E-01  2.36847E-15
 2.63903E-01  9.38670E-16
 2.76366E-01  3.11939E-16
 2.89418E-01  8.24473E-17
 3.03085E-01  2.53239E-17
 3.17399E-01  8.74527E-18
 3.32388E-01  2.90119E-18
 3.48085E-01  1.16706E-18
 3.64523E-01  3.64016E-19
 3.81738E-01  1.34127E-19
 3.99766E-01  5.81556E-20
 4.18645E-01  2.83719E-20
 4.38415E-01  1.92213E-20
 4.59120E-01  9.71415E-21
 4.80802E-01  1.09075E-20
 5.03508E-01  1.30359E-20
 5.27286E-01  2.81007E-20
 5.52187E-01  6.79259E-20
 5.78264E-01  3.74244E-19
 6.05573E-01  4.32707E-18
 6.34171E-01  1.05561E-16
 6.64120E-01  7.57998E-15
 6.95483E-01  2.16944E-12
 7.28327E-01  2.50589E-09
 7.62723E-01  2.97691E-05
 7.98743E-01  2.17181E-04
 8.36463E-01  2.59761E-04
 8.75965E-01  2.83366E-04
 9.17333E-01  3.20166E-04
 9.60654E-01  3.22557E-04
 9.91011E-01  2.96940E-04
 9.91127E-01  2.96742E-04
 9.91243E-01  2.96642E-04
 9.91358E-01  2.96542E-04
 9.91474E-01  2.96442E-04
 9.91590E-01  2.96342E-04
 9.91706E-01  2.96241E-04
 9.91822E-01  2.96141E-04
 9.91938E-01  2.96041E-04
 9.92053E-01  2.95940E-04
 9.92169E-01  2.95840E-04
 9.92285E-01  2.95739E-04
 9.92401E-01  2.95639E-04
 9.92517E-01  2.95538E-04
 9.92633E-01  2.95438E-04
 9.92750E-01  2.95337E-04
 9.92866E-01  2.95236E-04
 9.92982E-01  2.95136E-04
 9.93098E-01  2.95035E-04
 9.93214E-01  2.94934E-04
 9.93330E-01  2.94833E-04
 9.93447E-01  2.94732E-04
 9.93563E-01  2.94631E-04
 9.93679E-01  2.94530E-04
 9.93795E-01  2.94429E-04
 9.93912E-01  2.94328E-04
 9.94028E-01  2.94227E-04
 9.94145E-01  2.94126E-04
 9.94261E-01  2.94025E-04
 9.94377E-01  2.93924E-04
 9.94494E-01  2.93823E-04
 9.94610E-01  2.93721E-04
 9.94727E-01  2.93620E-04
 9.94844E-01  2.93519E-04
 9.94960E-01  2.93417E-04
 9.95077E-01  2.93316E-04
 9.95193E-01  2.93214E-04
 9.95310E-01  2.93113E-04
 9.95427E-01  2.93011E-04
 9.95543E-01  2.92910E-04
 9.95660E-01  2.92808E-04
 9.95777E-01  2.92706E-04
 9.95894E-01  2.92605E-04
 9.96011E-01  2.92503E-04
 9.96128E-01  2.92401E-04
 9.96244E-01  2.92299E-04
 9.96361E-01  2.92197E-04
 9.96478E-01  2.92096E-04
 9.96595E-01  2.91994E-04
 9.96712E-01  2.91892E-04
 9.96829E-01  2.91790E-04
 9.96946E-01  2.91687E-04
 9.97063E-01  2.91585E-04
 9.97181E-01  2.91483E-04
 9.97298E-01  2.91381E-04
 9.97415E-01  2.91279E-04
 9.97532E-01  2.91177E-04
 9.97649E-01  2.91074E-04
 9.97767E-01  2.90972E-04
 9.97884E-01  2.90869E-04
 9.98001E-01  2.90767E-04
 9.98118E-01  2.90665E-04
 9.98236E-01  2.90562E-04
 9.98353E-01  2.90459E-04
 9.98471E-01  2.90357E-04
 9.98588E-01  2.90254E-04
 9.98706E-01  2.90152E-04
 9.98823E-01  2.90049E-04
 9.98941E-01  2.89946E-04
 9.99058E-01  2.89843E-04
 9.99176E-01  2.89740E-04
 9.99293E-01  2.89638E-04
 9.99411E-01  2.89535E-04
 9.99529E-01  2.89432E-04
 9.99646E-01  2.89329E-04
 9.99764E-01  2.89226E-04
 9.99882E-01  2.89123E-04
 1.00000E+00  2.89019E-04
 1.00012E+00  2.88916E-04
 1.00024E+00  2.88813E-04
 1.00035E+00  2.88710E-04
 1.00047E+00  2.88607E-04
 1.00059E+00  2.88503E-04
 1.00071E+00  2.88400E-04
 1.00082E+00  2.88297E-04
 1.00094E+00  2.88193E-04
 1.00106E+00  2.88090E-04
 1.00118E+00  2.87986E-04
 1.00130E+00  2.87883E-04
 1.00142E+00  2.87779E-04
 1.00153E+00  2.87675E-04
 1.00165E+00  2.87572E-04
 1.00177E+00  2.87468E-04
 1.00189E+00  2.87364E-04
 1.00201E+00  2.87264E-04
 1.00212E+00  2.87156E-04
 1.00224E+00  2.87053E-04
 1.00236E+00  2.86949E-04
 1.00248E+00  2.86845E-04
 1.00260E+00  2.86741E-04
 1.00272E+00  2.86637E-04
 1.00283E+00  2.86532E-04
 1.00295E+00  2.86428E-04
 1.00307E+00  2.86324E-04
 1.00319E+00  2.86220E-04
 1.00331E+00  2.86116E-04
 1.00343E+00  2.86011E-04
 1.00355E+00  2.85907E-04
 1.00366E+00  2.85803E-04
 1.00378E+00  2.85698E-04
 1.00390E+00  2.85594E-04
 1.00402E+00  2.85489E-04
 1.00414E+00  2.85385E-04
 1.00426E+00  2.85280E-04
 1.00438E+00  2.85175E-04
 1.00450E+00  2.85071E-04
 1.00461E+00  2.84967E-04
 1.00473E+00  2.84861E-04
 1.00485E+00  2.84757E-04
 1.00497E+00  2.84652E-04
 1.00509E+00  2.84547E-04
 1.00521E+00  2.84442E-04
 1.00533E+00  2.84337E-04
 1.00545E+00  2.84232E-04
 1.00557E+00  2.84127E-04
 1.00569E+00  2.84022E-04
 1.00580E+00  2.83920E-04
 1.00592E+00  2.83812E-04
 1.00602E+00  2.83726E-04
 1.00604E+00  2.83752E-04
 1.00616E+00  2.83897E-04
 1.00628E+00  2.84044E-04
 1.00640E+00  2.84187E-04
 1.00652E+00  2.84332E-04
 1.00664E+00  2.84477E-04
 1.00676E+00  2.84623E-04
 1.00688E+00  2.84768E-04
 1.00700E+00  2.84916E-04
 1.00712E+00  2.85059E-04
 1.00724E+00  2.85204E-04
 1.00736E+00  2.85352E-04
 1.00748E+00  2.85495E-04
 1.00760E+00  2.85648E-04
 1.00771E+00  2.85795E-04
 1.00783E+00  2.85932E-04
 1.00795E+00  2.86498E-04
 1.00807E+00  2.86223E-04
 1.00819E+00  2.86376E-04
 1.00831E+00  2.86515E-04
 1.00843E+00  2.86713E-04
 1.00855E+00  2.86807E-04
 1.00867E+00  2.86958E-04
 1.00879E+00  2.87252E-04
 1.00891E+00  2.87245E-04
 1.00903E+00  2.87391E-04
 1.00915E+00  2.87537E-04
 1.00927E+00  2.87683E-04
 1.00939E+00  2.87829E-04
 1.00951E+00  2.87976E-04
 1.00963E+00  2.88584E-04
 1.00975E+00  2.88269E-04
 1.00987E+00  2.88415E-04
 1.00999E+00  2.88561E-04
 1.01011E+00  2.88708E-04
 1.01023E+00  2.88855E-04
 1.01035E+00  2.89001E-04
 1.01047E+00  2.89148E-04
 1.01059E+00  2.89295E-04
 1.01071E+00  2.89445E-04
 1.01083E+00  2.89606E-04
 1.01095E+00  2.89735E-04
 1.01108E+00  2.89885E-04
 1.01120E+00  2.90827E-04
 1.01132E+00  2.90176E-04
 1.01144E+00  2.90324E-04
 1.01156E+00  2.90471E-04
 1.01168E+00  2.90627E-04
 1.01180E+00  2.90768E-04
 1.01192E+00  2.90914E-04
 1.01204E+00  2.91060E-04
 1.01216E+00  2.91456E-04
 1.01228E+00  2.91354E-04
 1.01240E+00  2.94429E-04
 1.01252E+00  2.91650E-04
 1.01264E+00  2.91809E-04
 1.01276E+00  2.91951E-04
 1.01288E+00  2.92095E-04
 1.01301E+00  2.93055E-04
 1.01313E+00  2.92403E-04
 1.01325E+00  2.92539E-04
 1.01337E+00  2.92685E-04
 1.01349E+00  2.92836E-04
 1.01361E+00  2.92983E-04
 1.01373E+00  2.93134E-04
 1.01385E+00  2.93296E-04
 1.01397E+00  2.96315E-04
 1.01409E+00  2.93573E-04
 1.01422E+00  2.93751E-04
 1.01434E+00  2.93871E-04
 1.01446E+00  2.94185E-04
 1.01458E+00  2.97353E-04
 1.01470E+00  2.94313E-04
 1.01482E+00  2.94463E-04
 1.01494E+00  2.94610E-04
 1.01506E+00  3.05955E-04
 1.01519E+00  2.96540E-04
 1.01531E+00  2.97588E-04
 1.01543E+00  2.95212E-04
 1.01555E+00  2.95354E-04
 1.01567E+00  3.07624E-04
 1.01579E+00  2.95651E-04
 1.01591E+00  3.03826E-04
 1.01604E+00  3.00146E-04
 1.01616E+00  3.13107E-04
 1.01628E+00  3.05003E-04
 1.01640E+00  3.12555E-04
 1.01652E+00  3.06670E-04
 1.01664E+00  3.21882E-04
 1.01677E+00  2.97162E-04
 1.01689E+00  3.05506E-04
 1.01701E+00  3.34391E-04
 1.01713E+00  3.25879E-04
 1.01725E+00  3.17068E-04
 1.01738E+00  2.99395E-04
 1.01750E+00  3.14183E-04
 1.01762E+00  3.19557E-04
 1.01774E+00  3.38075E-04
 1.01786E+00  3.29128E-04
 1.01799E+00  3.34661E-04
 1.01811E+00  3.73975E-04
 1.01823E+00  4.04385E-04
 1.01835E+00  4.35256E-04
 1.01847E+00  3.66424E-04
 1.01860E+00  3.93058E-04
 1.01872E+00  4.18982E-04
 1.01884E+00  5.01111E-04
 1.01896E+00  6.59746E-04
 1.01909E+00  6.13854E-04
 1.01921E+00  7.88846E-04
 1.01933E+00  9.80273E-04
 1.01945E+00  1.15249E-03
 1.01958E+00  1.51707E-03
 1.01970E+00  1.78881E-03
 1.01982E+00  2.28868E-03
 1.01994E+00  2.47766E-03
 1.02007E+00  3.55452E-03
 1.02019E+00  3.41109E-03
 1.02031E+00  4.56699E-03
 1.02043E+00  4.55585E-03
 1.02056E+00  5.06592E-03
 1.02068E+00  5.08961E-03
 1.02080E+00  6.25000E-03
 1.02092E+00  5.77836E-03
 1.02105E+00  6.49336E-03
 1.02117E+00  6.48522E-03
 1.02129E+00  6.60972E-03
 1.02142E+00  6.44001E-03
 1.02154E+00  6.28745E-03
 1.02166E+00  6.15790E-03
 1.02178E+00  6.49672E-03
 1.02191E+00  5.57527E-03
 1.02203E+00  5.18847E-03
 1.02215E+00  5.72459E-03
 1.02228E+00  5.38464E-03
 1.02240E+00  4.95106E-03
 1.02252E+00  5.05134E-03
 1.02265E+00  4.55040E-03
 1.02277E+00  4.60785E-03
 1.02289E+00  4.69085E-03
 1.02302E+00  4.05102E-03
 1.02314E+00  3.97157E-03
 1.02326E+00  4.12096E-03
 1.02339E+00  3.75417E-03
 1.02351E+00  3.56630E-03
 1.02363E+00  3.16121E-03
 1.02376E+00  3.27216E-03
 1.02388E+00  3.10004E-03
 1.02400E+00  3.26563E-03
 1.02413E+00  2.61464E-03
 1.02425E+00  2.87804E-03
 1.02437E+00  2.55430E-03
 1.02450E+00  2.66414E-03
 1.02462E+00  2.16384E-03
 1.02474E+00  1.82150E-03
 1.02487E+00  2.12291E-03
 1.02499E+00  2.48428E-03
 1.02512E+00  2.14616E-03
 1.02524E+00  1.89678E-03
 1.02536E+00  1.80000E-03
 1.02549E+00  1.72267E-03
 1.02561E+00  1.61749E-03
 1.02573E+00  1.46543E-03
 1.02586E+00  1.49380E-03
 1.02598E+00  1.36871E-03
 1.02611E+00  1.34367E-03
 1.02623E+00  1.13693E-03
 1.02635E+00  1.17538E-03
 1.02648E+00  1.13000E-03
 1.02660E+00  1.06145E-03
 1.02673E+00  8.71323E-04
 1.02685E+00  7.95611E-04
 1.02698E+00  8.63327E-04
 1.02710E+00  7.29086E-04
 1.02722E+00  7.07640E-04
 1.02735E+00  5.48819E-04
 1.02747E+00  5.83022E-04
 1.02760E+00  5.55563E-04
 1.02772E+00  5.87221E-04
 1.02785E+00  5.14925E-04
 1.02797E+00  4.97209E-04
 1.02809E+00  4.65989E-04
 1.02822E+00  4.33827E-04
 1.02834E+00  5.32366E-04
 1.02847E+00  4.25408E-04
 1.02859E+00  4.34379E-04
 1.02872E+00  4.18434E-04
 1.02884E+00  4.12872E-04
 1.02897E+00  3.96378E-04
 1.02909E+00  3.99324E-04
 1.02922E+00  3.56603E-04
 1.02934E+00  4.02745E-04
 1.02947E+00  3.78279E-04
 1.02959E+00  3.35503E-04
 1.02972E+00  3.31632E-04
 1.02984E+00  3.69684E-04
 1.02997E+00  3.27805E-04
 1.03009E+00  3.38610E-04
 1.03022E+00  3.44588E-04
 1.03034E+00  3.39606E-04
 1.03047E+00  3.24649E-04
 1.03059E+00  3.29646E-04
 1.03072E+00  3.31794E-04
 1.03084E+00  3.34219E-04
 1.03097E+00  3.18712E-04
 1.03109E+00  3.26674E-04
 1.03122E+00  3.16471E-04
 1.03134E+00  3.26382E-04
 1.03147E+00  3.25668E-04
 1.03159E+00  3.17773E-04
 1.03172E+00  3.15707E-04
 1.03184E+00  3.18643E-04
 1.03197E+00  3.18595E-04
 1.03209E+00  3.18116E-04
 1.03222E+00  3.19359E-04
 1.03235E+00  3.18000E-04
 1.03247E+00  3.17739E-04
 1.03260E+00  3.16517E-04
 1.03272E+00  3.17631E-04
 1.03285E+00  3.16880E-04
 1.03297E+00  3.18145E-04
 1.03310E+00  3.18073E-04
 1.03322E+00  3.17452E-04
 1.03335E+00  3.17577E-04
 1.03348E+00  3.17734E-04
 1.03360E+00  3.17647E-04
 1.03373E+00  3.21782E-04
 1.03385E+00  3.17979E-04
 1.03398E+00  3.18338E-04
 1.03411E+00  3.20803E-04
 1.03423E+00  3.19179E-04
 1.03436E+00  3.18786E-04
 1.03448E+00  3.22044E-04
 1.03461E+00  3.18867E-04
 1.03474E+00  3.19087E-04
 1.03486E+00  3.19211E-04
 1.03499E+00  3.19333E-04
 1.03511E+00  3.19515E-04
 1.03524E+00  3.19921E-04
 1.03537E+00  3.19847E-04
 1.03549E+00  3.19963E-04
 1.03562E+00  3.20128E-04
 1.03575E+00  3.20381E-04
 1.03587E+00  3.20428E-04
 1.03600E+00  3.20585E-04
 1.03612E+00  3.20745E-04
 1.03625E+00  3.20914E-04
 1.03638E+00  3.21057E-04
 1.03650E+00  3.21215E-04
 1.03663E+00  3.21372E-04
 1.03676E+00  3.21529E-04
 1.03688E+00  3.21687E-04
 1.03701E+00  3.21941E-04
 1.03714E+00  3.22002E-04
 1.03726E+00  3.22159E-04
 1.03739E+00  3.22317E-04
 1.03752E+00  3.22475E-04
 1.03764E+00  3.22634E-04
 1.03777E+00  3.22791E-04
 1.03790E+00  3.23032E-04
 1.03803E+00  3.23107E-04
 1.03815E+00  3.23265E-04
 1.03828E+00  3.23423E-04
 1.03841E+00  3.23583E-04
 1.03853E+00  3.23739E-04
 1.03866E+00  3.23897E-04
 1.03879E+00  3.24056E-04
 1.03891E+00  3.24214E-04
 1.03904E+00  3.24373E-04
 1.03917E+00  3.24531E-04
 1.03930E+00  3.24690E-04
 1.03942E+00  3.24848E-04
 1.03955E+00  3.25007E-04
 1.03968E+00  3.25165E-04
 1.03981E+00  3.25324E-04
 1.03993E+00  3.25483E-04
 1.04006E+00  3.25642E-04
 1.04019E+00  3.25801E-04
 1.04031E+00  3.25960E-04
 1.04044E+00  3.26119E-04
 1.04057E+00  3.26278E-04
 1.04070E+00  3.26437E-04
 1.04083E+00  3.26596E-04
 1.04095E+00  3.26755E-04
 1.04108E+00  3.26915E-04
 1.04121E+00  3.27074E-04
 1.04134E+00  3.27233E-04
 1.04146E+00  3.27393E-04
 1.04159E+00  3.27552E-04
 1.04172E+00  3.27712E-04
 1.04185E+00  3.27871E-04
 1.04197E+00  3.28031E-04
 1.04210E+00  3.28191E-04
 1.04223E+00  3.28350E-04
 1.04236E+00  3.28510E-04
 1.04249E+00  3.28670E-04
 1.04261E+00  3.28830E-04
 1.04274E+00  3.28990E-04
 1.04287E+00  3.29150E-04
 1.04300E+00  3.29310E-04
 1.04313E+00  3.29470E-04
 1.04326E+00  3.29630E-04
 1.04338E+00  3.30114E-04
 1.04351E+00  3.29951E-04
 1.04364E+00  3.30111E-04
 1.04377E+00  3.30272E-04
 1.04390E+00  3.30432E-04
 1.04402E+00  3.30593E-04
 1.04415E+00  3.30753E-04
 1.04428E+00  3.30914E-04
 1.04441E+00  3.31075E-04
 1.04454E+00  3.31235E-04
 1.04467E+00  3.31396E-04
 1.04480E+00  3.31557E-04
 1.04492E+00  3.31718E-04
 1.04505E+00  3.31879E-04
 1.04518E+00  3.32040E-04
 1.04531E+00  3.32201E-04
 1.04544E+00  3.32362E-04
 1.04557E+00  3.32523E-04
 1.04570E+00  3.32684E-04
 1.04583E+00  3.32846E-04
 1.04595E+00  3.33007E-04
 1.04608E+00  3.33168E-04
 1.04621E+00  3.33330E-04
 1.04634E+00  3.33491E-04
 1.04647E+00  3.33653E-04
 1.04660E+00  3.33814E-04
 1.04673E+00  3.33976E-04
 1.04686E+00  3.34138E-04
 1.04699E+00  3.34300E-04
 1.04712E+00  3.34461E-04
 1.04724E+00  3.34623E-04
 1.04737E+00  3.34785E-04
 1.04750E+00  3.34947E-04
 1.04763E+00  3.35109E-04
 1.04776E+00  3.35271E-04
 1.04789E+00  3.35434E-04
 1.04802E+00  3.35596E-04
 1.04815E+00  3.35758E-04
 1.04828E+00  3.35920E-04
 1.04841E+00  3.36083E-04
 1.04854E+00  3.36245E-04
 1.04867E+00  3.36408E-04
 1.04880E+00  3.36570E-04
 1.04893E+00  3.36733E-04
 1.04906E+00  3.36895E-04
 1.04919E+00  3.37058E-04
 1.04932E+00  3.37221E-04
 1.04945E+00  3.37384E-04
 1.04958E+00  3.37547E-04
 1.04970E+00  3.37709E-04
 1.04983E+00  3.37872E-04
 1.04996E+00  3.38035E-04
 1.05009E+00  3.38199E-04
 1.05022E+00  3.38362E-04
 1.05035E+00  3.38525E-04
 1.05048E+00  3.38688E-04
 1.05061E+00  3.38851E-04
 1.05074E+00  3.39015E-04
 1.05087E+00  3.39178E-04
 1.05100E+00  3.39342E-04
 1.05113E+00  3.39505E-04
 1.05126E+00  3.39669E-04
 1.05139E+00  3.39833E-04
 1.05153E+00  3.39996E-04
 1.05166E+00  3.40160E-04
 1.05179E+00  3.40324E-04
 1.05192E+00  3.40488E-04
 1.05205E+00  3.40652E-04
 1.05218E+00  3.40816E-04
 1.05231E+00  3.40980E-04
 1.05353E+00  3.42520E-04
 1.10328E+00  3.79008E-04
 1.15539E+00  4.00001E-04
 1.20995E+00  4.24122E-04
 1.26709E+00  4.24710E-04
 1.32693E+00  4.13351E-04
 1.38959E+00  4.12130E-04
 1.45522E+00  3.88111E-04
 1.52394E+00  3.69989E-04
 1.59591E+00  3.30849E-04
 1.67128E+00  3.03265E-04
 1.75020E+00  2.76227E-04
 1.83286E+00  2.58586E-04
 1.91941E+00  2.46046E-04
 2.01006E+00  2.43393E-04
 2.10498E+00  2.45349E-04
 2.20439E+00  2.56156E-04
 2.30849E+00  2.62076E-04
 2.41751E+00  2.68728E-04
 2.53168E+00  2.74565E-04
 2.65124E+00  2.81517E-04
 2.77644E+00  2.87018E-04
 2.90756E+00  2.94313E-04
 3.04487E+00  3.08338E-04
 3.18867E+00  4.30670E-04
 3.33925E+00  5.24498E-04
 3.49695E+00  5.55136E-04
 3.66209E+00  5.57870E-04
 3.83504E+00  5.99463E-04
 4.01615E+00  6.01389E-04
 4.20581E+00  6.20236E-04
 4.40443E+00  6.22699E-04
 4.61243E+00  6.40543E-04
 4.83025E+00  6.47466E-04
 5.05836E+00  6.68178E-04
 5.29725E+00  6.71933E-04
 5.54741E+00  6.66142E-04
 5.80939E+00  6.96261E-04
 6.08374E+00  6.93059E-04
 6.37104E+00  7.17037E-04
 6.67191E+00  7.22333E-04
 6.98700E+00  7.44761E-04
 7.31696E+00  7.78659E-04
 7.66250E+00  8.11432E-04
 8.02437E+00  8.27115E-04
 8.40332E+00  8.41896E-04
 8.80017E+00  8.66152E-04
 9.21576E+00  8.59857E-04
 9.65097E+00  8.60525E-04
 1.01067E+01  8.73546E-04
 1.05840E+01  8.87671E-04
 1.10839E+01  9.00973E-04
 1.16073E+01  8.92020E-04
 1.21555E+01  9.18026E-04
 1.27295E+01  9.42796E-04
 1.33307E+01  9.79431E-04
 1.39602E+01  9.95355E-04
 1.46195E+01  9.28579E-04
 1.53099E+01  9.11591E-04
 1.60329E+01  8.84645E-04
 1.67901E+01  8.47176E-04
 1.75830E+01  8.24346E-04
 1.84133E+01  8.04632E-04
 1.92829E+01  7.13747E-04
 2.01935E+01  6.32305E-04
 2.11472E+01  6.16215E-04
 2.21459E+01  6.00057E-04
 2.31917E+01  5.95258E-04
 2.42869E+01  5.65221E-04
 2.54339E+01  5.55422E-04
 2.66350E+01  5.27374E-04
 2.78929E+01  4.89233E-04
 2.92101E+01  4.81441E-04
 3.05896E+01  4.47304E-04
 3.20342E+01  4.47307E-04
 3.35470E+01  4.39130E-04
 3.51312E+01  4.50879E-04
 3.67903E+01  4.38130E-04
 3.85277E+01  4.58095E-04
 4.03472E+01  5.22477E-04
 4.22526E+01  6.35663E-04
 4.42480E+01  7.30478E-04
 4.63376E+01  8.80939E-04
 4.85259E+01  1.07908E-03
 5.08176E+01  1.32421E-03
 5.32175E+01  1.62553E-03
 5.57307E+01  1.91912E-03
 5.83625E+01  2.39571E-03
 6.11187E+01  2.87868E-03
 6.40051E+01  3.62557E-03
 6.70277E+01  4.51108E-03
 7.01931E+01  5.80710E-03
 7.35080E+01  7.38600E-03
 7.69794E+01  9.61714E-03
 8.06148E+01  1.21274E-02
 8.44219E+01  1.44393E-02
 8.84087E+01  1.69616E-02
 9.25838E+01  1.99574E-02
 9.69561E+01  2.27579E-02
 1.01535E+02  2.65772E-02
 1.06330E+02  3.10135E-02
 1.11351E+02  3.64006E-02
 1.16610E+02  4.23337E-02
 1.22117E+02  5.04450E-02
 1.27884E+02  6.14480E-02
 1.33923E+02  7.42541E-02
 1.40248E+02  9.00014E-02
 1.46871E+02  1.08646E-01
 1.53807E+02  1.28510E-01
 1.61071E+02  1.51999E-01
 1.68677E+02  1.77775E-01
 1.76643E+02  2.05743E-01
 1.84985E+02  2.38662E-01
 1.93721E+02  2.76443E-01
 2.02869E+02  3.19003E-01
 2.12450E+02  3.66441E-01
 2.22483E+02  4.19107E-01
 2.32990E+02  4.72186E-01
 2.43993E+02  5.32620E-01
 2.55515E+02  5.93040E-01
 2.67582E+02  6.56112E-01
 2.80219E+02  7.17151E-01
 2.93452E+02  7.76737E-01
 3.07310E+02  8.32269E-01
 3.21823E+02  8.82901E-01
 3.37021E+02  9.28329E-01
 3.52937E+02  9.69134E-01
 3.69605E+02  1.00259E+00
 3.87059E+02  1.02540E+00
 4.05338E+02  1.04561E+00
 4.24480E+02  1.05768E+00
 4.44527E+02  1.06331E+00
 4.65519E+02  1.06031E+00
 4.87504E+02  1.05458E+00
 5.10526E+02  1.03384E+00
 5.34636E+02  1.01522E+00
 5.59884E+02  9.88705E-01
 5.86325E+02  9.55512E-01
 6.14014E+02  9.19880E-01
 6.43011E+02  8.77236E-01
 6.73377E+02  8.34912E-01
 7.05178E+02  7.86840E-01
 7.38480E+02  7.40566E-01
 7.73355E+02  6.93060E-01
 8.09877E+02  6.43572E-01
 8.48123E+02  5.94568E-01
 8.88176E+02  5.45811E-01
 9.30120E+02  5.01029E-01
 9.74045E+02  4.56372E-01
 1.02004E+03  4.17452E-01
 1.06822E+03  3.76643E-01
 1.11866E+03  3.39821E-01
 1.17149E+03  3.03924E-01
 1.22682E+03  2.68874E-01
 1.28475E+03  2.41198E-01
 1.34543E+03  2.11962E-01
 1.40896E+03  1.86515E-01
 1.47550E+03  1.65058E-01
 1.54518E+03  1.41305E-01
 1.61815E+03  1.23101E-01
 1.69457E+03  1.07137E-01
 1.77460E+03  9.12314E-02
 1.85840E+03  8.01829E-02
 1.94617E+03  6.74528E-02
 2.03808E+03  5.90406E-02
 2.13432E+03  5.15241E-02
 2.23512E+03  4.41806E-02
 2.34067E+03  3.56611E-02
 2.45121E+03  3.16187E-02
 2.56697E+03  2.58326E-02
 2.68820E+03  2.12627E-02
 2.81515E+03  1.81716E-02
 2.94809E+03  1.56512E-02
 3.08732E+03  1.41893E-02
 3.23312E+03  1.21890E-02
 3.38580E+03  9.77577E-03
 3.54570E+03  7.70744E-03
 3.71314E+03  7.61507E-03
 3.88850E+03  5.76026E-03
 4.07213E+03  4.77826E-03
 4.26444E+03  4.17226E-03
 4.46583E+03  3.11221E-03
 4.67673E+03  3.07536E-03
 4.89758E+03  2.50669E-03
 5.12887E+03  2.31782E-03
 5.37109E+03  1.64129E-03
 5.62474E+03  1.49749E-03
 5.89037E+03  1.24284E-03
 6.16854E+03  1.30100E-03
 6.45985E+03  7.58291E-04
 6.76492E+03  4.23744E-04
 7.08439E+03  7.21750E-04
 7.41895E+03  4.06780E-04
 7.76932E+03  4.87081E-04
 8.13622E+03  6.37674E-05
