 8.59946E-05  4.73346E-10
 9.00557E-05  5.06818E-10
 9.43086E-05  5.90517E-10
 9.87623E-05  6.41582E-10
 1.03426E-04  7.88554E-10
 1.08311E-04  8.16104E-10
 1.13426E-04  8.09185E-10
 1.18782E-04  9.94185E-10
 1.24392E-04  1.05197E-09
 1.30266E-04  1.20332E-09
 1.36418E-04  1.16452E-09
 1.42860E-04  1.24020E-09
 1.49607E-04  1.47118E-09
 1.56672E-04  1.55350E-09
 1.64071E-04  1.69398E-09
 1.71819E-04  1.76253E-09
 1.79934E-04  2.04997E-09
 1.88431E-04  2.19143E-09
 1.97330E-04  2.21609E-09
 2.06649E-04  2.44122E-09
 2.16408E-04  2.65717E-09
 2.26628E-04  2.75746E-09
 2.37330E-04  3.11824E-09
 2.48538E-04  3.14283E-09
 2.60275E-04  3.60721E-09
 2.72567E-04  3.98854E-09
 2.85439E-04  3.92268E-09
 2.98919E-04  4.19825E-09
 3.13035E-04  4.50098E-09
 3.27818E-04  5.09424E-09
 3.43300E-04  5.04279E-09
 3.59512E-04  5.62975E-09
 3.76490E-04  5.70248E-09
 3.94270E-04  6.20550E-09
 4.12889E-04  6.02466E-09
 4.32388E-04  7.02644E-09
 4.52808E-04  7.48710E-09
 4.74192E-04  7.75556E-09
 4.96585E-04  8.38782E-09
 5.20037E-04  8.69343E-09
 5.44596E-04  9.66720E-09
 5.70314E-04  9.96029E-09
 5.97247E-04  1.06887E-08
 6.25453E-04  1.13360E-08
 6.54990E-04  1.21132E-08
 6.85922E-04  1.18563E-08
 7.18314E-04  1.34256E-08
 7.52237E-04  1.37621E-08
 7.87762E-04  1.48472E-08
 8.24964E-04  1.58729E-08
 8.63923E-04  1.67210E-08
 9.04722E-04  1.73850E-08
 9.47447E-04  1.70532E-08
 9.92191E-04  1.88756E-08
 1.03905E-03  2.02561E-08
 1.08812E-03  2.06854E-08
 1.13950E-03  2.28441E-08
 1.19332E-03  2.30017E-08
 1.24967E-03  2.44115E-08
 1.30869E-03  2.52592E-08
 1.37049E-03  2.72097E-08
 1.43521E-03  2.96671E-08
 1.50299E-03  2.94932E-08
 1.57397E-03  3.27578E-08
 1.64830E-03  3.34166E-08
 1.72614E-03  3.57157E-08
 1.80766E-03  3.79765E-08
 1.89302E-03  3.94187E-08
 1.98242E-03  4.05142E-08
 2.07604E-03  4.33803E-08
 2.17409E-03  4.44119E-08
 2.27676E-03  4.66053E-08
 2.38428E-03  4.88697E-08
 2.49687E-03  5.24548E-08
 2.61479E-03  5.33764E-08
 2.73827E-03  6.12730E-08
 2.86759E-03  6.05945E-08
 3.00301E-03  6.08102E-08
 3.14483E-03  6.35225E-08
 3.29335E-03  6.87433E-08
 3.44887E-03  7.10114E-08
 3.61175E-03  7.79484E-08
 3.78231E-03  7.87408E-08
 3.96093E-03  8.24782E-08
 4.14799E-03  8.41979E-08
 4.34388E-03  9.04611E-08
 4.54902E-03  9.72756E-08
 4.76385E-03  9.65516E-08
 4.98882E-03  1.02730E-07
 5.22442E-03  1.01233E-07
 5.47114E-03  1.09936E-07
 5.72952E-03  1.10075E-07
 6.00010E-03  1.18791E-07
 6.28345E-03  1.26603E-07
 6.58019E-03  1.24181E-07
 6.89094E-03  1.27880E-07
 7.21637E-03  1.32288E-07
 7.55716E-03  1.33681E-07
 7.91405E-03  1.37423E-07
 8.28779E-03  1.44083E-07
 8.67919E-03  1.46189E-07
 9.08906E-03  1.45551E-07
 9.51829E-03  1.45371E-07
 9.96780E-03  1.45977E-07
 1.04385E-02  1.51892E-07
 1.09315E-02  1.51540E-07
 1.14477E-02  1.53056E-07
 1.19884E-02  1.47305E-07
 1.25545E-02  1.54315E-07
 1.31474E-02  1.41264E-07
 1.37683E-02  1.46714E-07
 1.44185E-02  1.47055E-07
 1.50994E-02  1.46983E-07
 1.58125E-02  1.50459E-07
 1.65592E-02  1.44094E-07
 1.73412E-02  1.48980E-07
 1.81602E-02  1.40401E-07
 1.90178E-02  1.42901E-07
 1.99159E-02  1.37489E-07
 2.08565E-02  1.43258E-07
 2.18414E-02  1.26546E-07
 2.28729E-02  1.26415E-07
 2.39530E-02  1.23617E-07
 2.50842E-02  1.12291E-07
 2.62688E-02  1.09482E-07
 2.75094E-02  1.03312E-07
 2.88085E-02  9.61451E-08
 3.01690E-02  9.29181E-08
 3.15938E-02  8.51045E-08
 3.30858E-02  8.02838E-08
 3.46483E-02  7.62154E-08
 3.62845E-02  8.62765E-08
 3.79981E-02  1.03694E-07
 3.97925E-02  9.32829E-08
 4.16717E-02  8.07704E-08
 4.36397E-02  7.24855E-08
 4.57006E-02  6.89203E-08
 4.78588E-02  5.99063E-08
 5.01190E-02  5.28700E-08
 5.24858E-02  4.45153E-08
 5.49645E-02  3.76847E-08
 5.75602E-02  3.03740E-08
 6.02785E-02  2.53455E-08
 6.31251E-02  2.24720E-08
 6.61062E-02  1.72023E-08
 6.92281E-02  1.40007E-08
 7.24974E-02  1.07792E-08
 7.59211E-02  8.36632E-09
 7.95065E-02  6.20666E-09
 8.32612E-02  4.55370E-09
 8.71933E-02  3.24734E-09
 9.13110E-02  2.42733E-09
 9.56232E-02  1.69708E-09
 1.00139E-01  1.14153E-09
 1.04868E-01  7.91809E-10
 1.09820E-01  5.01945E-10
 1.15007E-01  3.26809E-10
 1.20438E-01  1.88736E-10
 1.26126E-01  1.15461E-10
 1.32082E-01  6.45903E-11
 1.38320E-01  4.51694E-11
 1.44852E-01  3.18166E-11
 1.51692E-01  2.04185E-11
 1.58856E-01  1.22246E-11
 1.66358E-01  7.27255E-12
 1.74214E-01  4.05066E-12
 1.82442E-01  2.14412E-12
 1.91058E-01  1.42014E-12
 2.00080E-01  8.77382E-13
 2.09529E-01  4.98348E-13
 2.19424E-01  2.02018E-13
 2.29787E-01  8.49363E-14
 2.40638E-01  2.92361E-14
 2.52002E-01  1.12948E-14
 2.63903E-01  4.20752E-15
 2.76366E-01  1.42758E-15
 2.89418E-01  4.28443E-16
 3.03085E-01  1.42049E-16
 3.17399E-01  4.67739E-17
 3.32388E-01  1.55691E-17
 3.48085E-01  5.40871E-18
 3.64523E-01  1.80535E-18
 3.81738E-01  6.61064E-19
 3.99766E-01  2.68808E-19
 4.18645E-01  1.24303E-19
 4.38415E-01  7.39586E-20
 4.59120E-01  4.39406E-20
 4.80802E-01  4.10571E-20
 5.03508E-01  4.88060E-20
 5.27286E-01  9.31298E-20
 5.52187E-01  2.51839E-19
 5.78264E-01  1.34373E-18
 6.05573E-01  1.50318E-17
 6.34171E-01  3.83054E-16
 6.64120E-01  2.87008E-14
 6.95483E-01  7.69836E-12
 7.28327E-01  8.73188E-09
 7.62723E-01  7.72210E-05
 7.98743E-01  4.22438E-04
 8.36463E-01  4.93653E-04
 8.75965E-01  5.33876E-04
 9.17333E-01  6.05657E-04
 9.60654E-01  6.12891E-04
 9.91011E-01  5.70847E-04
 9.91127E-01  5.69793E-04
 9.91243E-01  5.69626E-04
 9.91358E-01  5.69458E-04
 9.91474E-01  5.69291E-04
 9.91590E-01  5.69123E-04
 9.91706E-01  5.68956E-04
 9.91822E-01  5.68788E-04
 9.91938E-01  5.68620E-04
 9.92053E-01  5.68453E-04
 9.92169E-01  5.68285E-04
 9.92285E-01  5.68117E-04
 9.92401E-01  5.67949E-04
 9.92517E-01  5.67781E-04
 9.92633E-01  5.67613E-04
 9.92750E-01  5.67445E-04
 9.92866E-01  5.67276E-04
 9.92982E-01  5.67108E-04
 9.93098E-01  5.66940E-04
 9.93214E-01  5.66771E-04
 9.93330E-01  5.66603E-04
 9.93447E-01  5.66434E-04
 9.93563E-01  5.66265E-04
 9.93679E-01  5.66097E-04
 9.93795E-01  5.65928E-04
 9.93912E-01  5.65759E-04
 9.94028E-01  5.65590E-04
 9.94145E-01  5.65421E-04
 9.94261E-01  5.65252E-04
 9.94377E-01  5.65083E-04
 9.94494E-01  5.64914E-04
 9.94610E-01  5.64745E-04
 9.94727E-01  5.64575E-04
 9.94844E-01  5.64406E-04
 9.94960E-01  5.64236E-04
 9.95077E-01  5.64067E-04
 9.95193E-01  5.63897E-04
 9.95310E-01  5.63728E-04
 9.95427E-01  5.63558E-04
 9.95543E-01  5.63388E-04
 9.95660E-01  5.63218E-04
 9.95777E-01  5.63048E-04
 9.95894E-01  5.62878E-04
 9.96011E-01  5.62708E-04
 9.96128E-01  5.62538E-04
 9.96244E-01  5.62368E-04
 9.96361E-01  5.62198E-04
 9.96478E-01  5.62027E-04
 9.96595E-01  5.61896E-04
 9.96712E-01  5.61693E-04
 9.96829E-01  5.61516E-04
 9.96946E-01  5.61345E-04
 9.97063E-01  5.61175E-04
 9.97181E-01  5.61004E-04
 9.97298E-01  5.60834E-04
 9.97415E-01  5.60662E-04
 9.97532E-01  5.60491E-04
 9.97649E-01  5.60320E-04
 9.97767E-01  5.60149E-04
 9.97884E-01  5.59978E-04
 9.98001E-01  5.59807E-04
 9.98118E-01  5.59636E-04
 9.98236E-01  5.59464E-04
 9.98353E-01  5.59293E-04
 9.98471E-01  5.59121E-04
 9.98588E-01  5.58950E-04
 9.98706E-01  5.58778E-04
 9.98823E-01  5.58612E-04
 9.98941E-01  5.59039E-04
 9.99058E-01  5.58263E-04
 9.99176E-01  5.58091E-04
 9.99293E-01  5.57926E-04
 9.99411E-01  5.57907E-04
 9.99529E-01  5.57591E-04
 9.99646E-01  5.57416E-04
 9.99764E-01  5.57266E-04
 9.99882E-01  5.57058E-04
 1.00000E+00  5.56886E-04
 1.00012E+00  5.56713E-04
 1.00024E+00  5.56541E-04
 1.00035E+00  5.56368E-04
 1.00047E+00  5.56266E-04
 1.00059E+00  5.56023E-04
 1.00071E+00  5.55928E-04
 1.00082E+00  5.55678E-04
 1.00094E+00  5.55505E-04
 1.00106E+00  5.55331E-04
 1.00118E+00  5.56910E-04
 1.00130E+00  5.55023E-04
 1.00142E+00  5.54812E-04
 1.00153E+00  5.54639E-04
 1.00165E+00  5.55169E-04
 1.00177E+00  5.54293E-04
 1.00189E+00  5.54118E-04
 1.00201E+00  5.53946E-04
 1.00212E+00  5.53949E-04
 1.00224E+00  5.53597E-04
 1.00236E+00  5.53424E-04
 1.00248E+00  5.55820E-04
 1.00260E+00  5.54257E-04
 1.00272E+00  5.53124E-04
 1.00283E+00  5.53040E-04
 1.00295E+00  5.57026E-04
 1.00307E+00  5.52386E-04
 1.00319E+00  5.52422E-04
 1.00331E+00  5.52037E-04
 1.00343E+00  5.51858E-04
 1.00355E+00  5.51683E-04
 1.00366E+00  5.51510E-04
 1.00378E+00  5.53924E-04
 1.00390E+00  5.51159E-04
 1.00402E+00  5.57956E-04
 1.00414E+00  5.50817E-04
 1.00426E+00  5.52969E-04
 1.00438E+00  5.52674E-04
 1.00450E+00  5.51140E-04
 1.00461E+00  5.50607E-04
 1.00473E+00  5.51116E-04
 1.00485E+00  5.50366E-04
 1.00497E+00  5.50533E-04
 1.00509E+00  5.50269E-04
 1.00521E+00  5.51328E-04
 1.00533E+00  5.50345E-04
 1.00545E+00  5.49384E-04
 1.00557E+00  5.49465E-04
 1.00569E+00  5.49649E-04
 1.00580E+00  5.49576E-04
 1.00592E+00  5.48232E-04
 1.00602E+00  5.51977E-04
 1.00604E+00  5.52898E-04
 1.00616E+00  5.48730E-04
 1.00628E+00  5.62652E-04
 1.00640E+00  5.49735E-04
 1.00652E+00  5.52114E-04
 1.00664E+00  5.49512E-04
 1.00676E+00  5.51741E-04
 1.00688E+00  5.62834E-04
 1.00700E+00  5.66447E-04
 1.00712E+00  5.55239E-04
 1.00724E+00  5.54391E-04
 1.00736E+00  5.65119E-04
 1.00748E+00  5.53280E-04
 1.00760E+00  5.70984E-04
 1.00771E+00  5.52227E-04
 1.00783E+00  5.69884E-04
 1.00795E+00  5.69005E-04
 1.00807E+00  5.53685E-04
 1.00819E+00  5.57142E-04
 1.00831E+00  5.59876E-04
 1.00843E+00  5.71688E-04
 1.00855E+00  5.77804E-04
 1.00867E+00  5.61464E-04
 1.00879E+00  5.73496E-04
 1.00891E+00  5.76505E-04
 1.00903E+00  5.61462E-04
 1.00915E+00  5.74761E-04
 1.00927E+00  5.57379E-04
 1.00939E+00  5.73672E-04
 1.00951E+00  5.62973E-04
 1.00963E+00  5.78688E-04
 1.00975E+00  5.75523E-04
 1.00987E+00  5.84191E-04
 1.00999E+00  5.87821E-04
 1.01011E+00  5.64587E-04
 1.01023E+00  6.05411E-04
 1.01035E+00  5.84815E-04
 1.01047E+00  5.83998E-04
 1.01059E+00  5.93116E-04
 1.01071E+00  5.68098E-04
 1.01083E+00  5.71905E-04
 1.01095E+00  5.75359E-04
 1.01108E+00  5.88990E-04
 1.01120E+00  6.23821E-04
 1.01132E+00  6.09850E-04
 1.01144E+00  5.77889E-04
 1.01156E+00  5.83659E-04
 1.01168E+00  5.83960E-04
 1.01180E+00  5.90203E-04
 1.01192E+00  6.06271E-04
 1.01204E+00  5.89506E-04
 1.01216E+00  6.09176E-04
 1.01228E+00  5.98225E-04
 1.01240E+00  6.40421E-04
 1.01252E+00  5.85223E-04
 1.01264E+00  6.28749E-04
 1.01276E+00  5.97295E-04
 1.01288E+00  6.29903E-04
 1.01301E+00  6.18218E-04
 1.01313E+00  6.09784E-04
 1.01325E+00  6.29944E-04
 1.01337E+00  6.10434E-04
 1.01349E+00  6.39878E-04
 1.01361E+00  6.18319E-04
 1.01373E+00  6.17596E-04
 1.01385E+00  6.34953E-04
 1.01397E+00  6.50503E-04
 1.01409E+00  6.46317E-04
 1.01422E+00  6.54757E-04
 1.01434E+00  6.20730E-04
 1.01446E+00  6.74415E-04
 1.01458E+00  6.51103E-04
 1.01470E+00  6.71047E-04
 1.01482E+00  6.98222E-04
 1.01494E+00  6.35404E-04
 1.01506E+00  6.62635E-04
 1.01519E+00  6.98319E-04
 1.01531E+00  6.61691E-04
 1.01543E+00  7.20490E-04
 1.01555E+00  7.70819E-04
 1.01567E+00  7.95354E-04
 1.01579E+00  7.04279E-04
 1.01591E+00  8.13317E-04
 1.01604E+00  7.96165E-04
 1.01616E+00  7.92020E-04
 1.01628E+00  8.21716E-04
 1.01640E+00  8.16022E-04
 1.01652E+00  8.19493E-04
 1.01664E+00  8.99116E-04
 1.01677E+00  8.54450E-04
 1.01689E+00  9.38998E-04
 1.01701E+00  9.43244E-04
 1.01713E+00  9.90889E-04
 1.01725E+00  1.00016E-03
 1.01738E+00  1.00216E-03
 1.01750E+00  1.14755E-03
 1.01762E+00  1.30155E-03
 1.01774E+00  1.27269E-03
 1.01786E+00  1.44800E-03
 1.01799E+00  1.57049E-03
 1.01811E+00  1.68988E-03
 1.01823E+00  1.71081E-03
 1.01835E+00  1.87765E-03
 1.01847E+00  2.11183E-03
 1.01860E+00  2.25616E-03
 1.01872E+00  2.65219E-03
 1.01884E+00  2.68087E-03
 1.01896E+00  3.34425E-03
 1.01909E+00  4.15856E-03
 1.01921E+00  4.18177E-03
 1.01933E+00  5.01395E-03
 1.01945E+00  6.08914E-03
 1.01958E+00  7.15645E-03
 1.01970E+00  7.29804E-03
 1.01982E+00  9.62375E-03
 1.01994E+00  1.00136E-02
 1.02007E+00  1.17944E-02
 1.02019E+00  1.20982E-02
 1.02031E+00  1.31616E-02
 1.02043E+00  1.37999E-02
 1.02056E+00  1.52000E-02
 1.02068E+00  1.65265E-02
 1.02080E+00  1.60799E-02
 1.02092E+00  1.70011E-02
 1.02105E+00  1.69838E-02
 1.02117E+00  1.72164E-02
 1.02129E+00  1.61854E-02
 1.02142E+00  1.56627E-02
 1.02154E+00  1.62268E-02
 1.02166E+00  1.46929E-02
 1.02178E+00  1.38471E-02
 1.02191E+00  1.34533E-02
 1.02203E+00  1.28477E-02
 1.02215E+00  1.30451E-02
 1.02228E+00  1.18690E-02
 1.02240E+00  1.20080E-02
 1.02252E+00  1.08348E-02
 1.02265E+00  1.03553E-02
 1.02277E+00  9.65084E-03
 1.02289E+00  8.72925E-03
 1.02302E+00  7.73295E-03
 1.02314E+00  7.90967E-03
 1.02326E+00  7.88276E-03
 1.02339E+00  7.11727E-03
 1.02351E+00  6.25328E-03
 1.02363E+00  6.41299E-03
 1.02376E+00  6.39340E-03
 1.02388E+00  5.58588E-03
 1.02400E+00  5.48759E-03
 1.02413E+00  5.02671E-03
 1.02425E+00  4.74994E-03
 1.02437E+00  4.63797E-03
 1.02450E+00  4.27136E-03
 1.02462E+00  4.04012E-03
 1.02474E+00  4.11867E-03
 1.02487E+00  3.72478E-03
 1.02499E+00  3.15498E-03
 1.02512E+00  3.79483E-03
 1.02524E+00  2.90508E-03
 1.02536E+00  3.18906E-03
 1.02549E+00  3.01987E-03
 1.02561E+00  2.59920E-03
 1.02573E+00  2.26559E-03
 1.02586E+00  2.41579E-03
 1.02598E+00  2.06419E-03
 1.02611E+00  2.48106E-03
 1.02623E+00  1.99984E-03
 1.02635E+00  2.20220E-03
 1.02648E+00  1.87982E-03
 1.02660E+00  1.68126E-03
 1.02673E+00  1.82218E-03
 1.02685E+00  1.85994E-03
 1.02698E+00  1.65808E-03
 1.02710E+00  1.47746E-03
 1.02722E+00  1.58652E-03
 1.02735E+00  1.45346E-03
 1.02747E+00  1.26087E-03
 1.02760E+00  1.39520E-03
 1.02772E+00  1.40789E-03
 1.02785E+00  1.37587E-03
 1.02797E+00  1.18737E-03
 1.02809E+00  1.01300E-03
 1.02822E+00  1.05738E-03
 1.02834E+00  1.07695E-03
 1.02847E+00  1.01136E-03
 1.02859E+00  1.00535E-03
 1.02872E+00  9.35741E-04
 1.02884E+00  9.39840E-04
 1.02897E+00  1.01035E-03
 1.02909E+00  8.59076E-04
 1.02922E+00  8.30967E-04
 1.02934E+00  8.20481E-04
 1.02947E+00  7.66489E-04
 1.02959E+00  7.99880E-04
 1.02972E+00  7.56292E-04
 1.02984E+00  8.35998E-04
 1.02997E+00  8.28364E-04
 1.03009E+00  7.73647E-04
 1.03022E+00  7.76819E-04
 1.03034E+00  7.85790E-04
 1.03047E+00  7.28818E-04
 1.03059E+00  7.19614E-04
 1.03072E+00  7.40452E-04
 1.03084E+00  7.13281E-04
 1.03097E+00  7.08785E-04
 1.03109E+00  7.03555E-04
 1.03122E+00  6.57501E-04
 1.03134E+00  6.83953E-04
 1.03147E+00  7.27229E-04
 1.03159E+00  7.34952E-04
 1.03172E+00  6.86520E-04
 1.03184E+00  6.82783E-04
 1.03197E+00  6.99987E-04
 1.03209E+00  7.04276E-04
 1.03222E+00  6.97845E-04
 1.03235E+00  6.87458E-04
 1.03247E+00  6.71929E-04
 1.03260E+00  7.07459E-04
 1.03272E+00  6.51408E-04
 1.03285E+00  6.82999E-04
 1.03297E+00  6.55032E-04
 1.03310E+00  6.86866E-04
 1.03322E+00  6.59649E-04
 1.03335E+00  6.53077E-04
 1.03348E+00  6.50403E-04
 1.03360E+00  6.46789E-04
 1.03373E+00  6.58019E-04
 1.03385E+00  6.38498E-04
 1.03398E+00  6.68226E-04
 1.03411E+00  6.36734E-04
 1.03423E+00  6.40408E-04
 1.03436E+00  6.65387E-04
 1.03448E+00  6.27613E-04
 1.03461E+00  6.36188E-04
 1.03474E+00  6.50974E-04
 1.03486E+00  6.24500E-04
 1.03499E+00  6.51082E-04
 1.03511E+00  6.33089E-04
 1.03524E+00  6.45136E-04
 1.03537E+00  6.36579E-04
 1.03549E+00  6.45087E-04
 1.03562E+00  6.50259E-04
 1.03575E+00  6.35941E-04
 1.03587E+00  6.25924E-04
 1.03600E+00  6.28586E-04
 1.03612E+00  6.34052E-04
 1.03625E+00  6.27382E-04
 1.03638E+00  6.33796E-04
 1.03650E+00  6.37433E-04
 1.03663E+00  6.24354E-04
 1.03676E+00  6.25247E-04
 1.03688E+00  6.66826E-04
 1.03701E+00  6.31410E-04
 1.03714E+00  6.29874E-04
 1.03726E+00  6.33618E-04
 1.03739E+00  6.33619E-04
 1.03752E+00  6.30095E-04
 1.03764E+00  6.33297E-04
 1.03777E+00  6.25608E-04
 1.03790E+00  6.25440E-04
 1.03803E+00  6.29091E-04
 1.03815E+00  6.29067E-04
 1.03828E+00  6.26373E-04
 1.03841E+00  6.27675E-04
 1.03853E+00  6.28745E-04
 1.03866E+00  6.25778E-04
 1.03879E+00  6.29335E-04
 1.03891E+00  6.31425E-04
 1.03904E+00  6.27844E-04
 1.03917E+00  6.29217E-04
 1.03930E+00  6.27441E-04
 1.03942E+00  6.29363E-04
 1.03955E+00  6.29380E-04
 1.03968E+00  6.34887E-04
 1.03981E+00  6.34361E-04
 1.03993E+00  6.32215E-04
 1.04006E+00  6.38645E-04
 1.04019E+00  6.34822E-04
 1.04031E+00  6.34131E-04
 1.04044E+00  6.30063E-04
 1.04057E+00  6.31435E-04
 1.04070E+00  6.31623E-04
 1.04083E+00  6.30653E-04
 1.04095E+00  6.37309E-04
 1.04108E+00  6.31638E-04
 1.04121E+00  6.33905E-04
 1.04134E+00  6.32355E-04
 1.04146E+00  6.34806E-04
 1.04159E+00  6.33227E-04
 1.04172E+00  6.34270E-04
 1.04185E+00  6.33131E-04
 1.04197E+00  6.34106E-04
 1.04210E+00  6.34227E-04
 1.04223E+00  6.34247E-04
 1.04236E+00  6.34322E-04
 1.04249E+00  6.34543E-04
 1.04261E+00  6.35133E-04
 1.04274E+00  6.38384E-04
 1.04287E+00  6.35882E-04
 1.04300E+00  6.37400E-04
 1.04313E+00  6.36282E-04
 1.04326E+00  6.37064E-04
 1.04338E+00  6.36926E-04
 1.04351E+00  6.37003E-04
 1.04364E+00  6.39715E-04
 1.04377E+00  6.39149E-04
 1.04390E+00  6.38266E-04
 1.04402E+00  6.40364E-04
 1.04415E+00  6.38642E-04
 1.04428E+00  6.39184E-04
 1.04441E+00  6.39264E-04
 1.04454E+00  6.39529E-04
 1.04467E+00  6.39785E-04
 1.04480E+00  6.40094E-04
 1.04492E+00  6.40408E-04
 1.04505E+00  6.40714E-04
 1.04518E+00  6.42004E-04
 1.04531E+00  6.41563E-04
 1.04544E+00  6.41661E-04
 1.04557E+00  6.42248E-04
 1.04570E+00  6.42266E-04
 1.04583E+00  6.42586E-04
 1.04595E+00  6.42899E-04
 1.04608E+00  6.46380E-04
 1.04621E+00  6.43788E-04
 1.04634E+00  6.44093E-04
 1.04647E+00  6.44128E-04
 1.04660E+00  6.44512E-04
 1.04673E+00  6.44755E-04
 1.04686E+00  6.45069E-04
 1.04699E+00  6.45828E-04
 1.04712E+00  6.45684E-04
 1.04724E+00  6.46204E-04
 1.04737E+00  6.46308E-04
 1.04750E+00  6.46714E-04
 1.04763E+00  6.47358E-04
 1.04776E+00  6.47244E-04
 1.04789E+00  6.48647E-04
 1.04802E+00  6.47869E-04
 1.04815E+00  6.48350E-04
 1.04828E+00  6.48492E-04
 1.04841E+00  6.48805E-04
 1.04854E+00  6.49919E-04
 1.04867E+00  6.49430E-04
 1.04880E+00  6.49746E-04
 1.04893E+00  6.50056E-04
 1.04906E+00  6.50436E-04
 1.04919E+00  6.50687E-04
 1.04932E+00  6.50995E-04
 1.04945E+00  6.51653E-04
 1.04958E+00  6.51622E-04
 1.04970E+00  6.51936E-04
 1.04983E+00  6.52249E-04
 1.04996E+00  6.52573E-04
 1.05009E+00  6.52877E-04
 1.05022E+00  6.53191E-04
 1.05035E+00  6.53505E-04
 1.05048E+00  6.53819E-04
 1.05061E+00  6.54134E-04
 1.05074E+00  6.54448E-04
 1.05087E+00  6.54923E-04
 1.05100E+00  6.55077E-04
 1.05113E+00  6.55392E-04
 1.05126E+00  6.55721E-04
 1.05139E+00  6.56022E-04
 1.05153E+00  6.56359E-04
 1.05166E+00  6.56652E-04
 1.05179E+00  6.56969E-04
 1.05192E+00  6.57283E-04
 1.05205E+00  6.57598E-04
 1.05218E+00  6.57914E-04
 1.05231E+00  6.58236E-04
 1.05353E+00  6.61193E-04
 1.10328E+00  7.43605E-04
 1.15539E+00  7.93115E-04
 1.20995E+00  8.41447E-04
 1.26709E+00  8.51959E-04
 1.32693E+00  8.39248E-04
 1.38959E+00  8.54064E-04
 1.45522E+00  8.21104E-04
 1.52394E+00  7.80945E-04
 1.59591E+00  7.09241E-04
 1.67128E+00  6.56226E-04
 1.75020E+00  6.07902E-04
 1.83286E+00  5.68494E-04
 1.91941E+00  5.43041E-04
 2.01006E+00  5.36747E-04
 2.10498E+00  5.60688E-04
 2.20439E+00  5.88458E-04
 2.30849E+00  6.08570E-04
 2.41751E+00  6.38863E-04
 2.53168E+00  6.60682E-04
 2.65124E+00  6.88495E-04
 2.77644E+00  7.14733E-04
 2.90756E+00  7.41979E-04
 3.04487E+00  7.75071E-04
 3.18867E+00  1.06271E-03
 3.33925E+00  1.27869E-03
 3.49695E+00  1.38035E-03
 3.66209E+00  1.40887E-03
 3.83504E+00  1.51459E-03
 4.01615E+00  1.51048E-03
 4.20581E+00  1.56789E-03
 4.40443E+00  1.58247E-03
 4.61243E+00  1.64778E-03
 4.83025E+00  1.69557E-03
 5.05836E+00  1.73961E-03
 5.29725E+00  1.76324E-03
 5.54741E+00  1.77179E-03
 5.80939E+00  1.84878E-03
 6.08374E+00  1.86414E-03
 6.37104E+00  1.93311E-03
 6.67191E+00  1.95179E-03
 6.98700E+00  2.03822E-03
 7.31696E+00  2.09649E-03
 7.66250E+00  2.24210E-03
 8.02437E+00  2.31453E-03
 8.40332E+00  2.37286E-03
 8.80017E+00  2.40700E-03
 9.21576E+00  2.41385E-03
 9.65097E+00  2.43960E-03
 1.01067E+01  2.48918E-03
 1.05840E+01  2.49663E-03
 1.10839E+01  2.56996E-03
 1.16073E+01  2.59107E-03
 1.21555E+01  2.64107E-03
 1.27295E+01  2.76167E-03
 1.33307E+01  2.82584E-03
 1.39602E+01  2.89461E-03
 1.46195E+01  2.83437E-03
 1.53099E+01  2.74945E-03
 1.60329E+01  2.62794E-03
 1.67901E+01  2.55569E-03
 1.75830E+01  2.47951E-03
 1.84133E+01  2.35126E-03
 1.92829E+01  2.17618E-03
 2.01935E+01  1.93302E-03
 2.11472E+01  1.87406E-03
 2.21459E+01  1.88117E-03
 2.31917E+01  1.84261E-03
 2.42869E+01  1.77154E-03
 2.54339E+01  1.70415E-03
 2.66350E+01  1.61958E-03
 2.78929E+01  1.60934E-03
 2.92101E+01  1.49960E-03
 3.05896E+01  1.44478E-03
 3.20342E+01  1.45753E-03
 3.35470E+01  1.42839E-03
 3.51312E+01  1.51563E-03
 3.67903E+01  1.43865E-03
 3.85277E+01  1.46871E-03
 4.03472E+01  1.67265E-03
 4.22526E+01  1.94150E-03
 4.42480E+01  2.31687E-03
 4.63376E+01  2.70957E-03
 4.85259E+01  3.15932E-03
 5.08176E+01  3.85555E-03
 5.32175E+01  4.53340E-03
 5.57307E+01  5.51606E-03
 5.83625E+01  6.63339E-03
 6.11187E+01  7.96990E-03
 6.40051E+01  9.81735E-03
 6.70277E+01  1.19980E-02
 7.01931E+01  1.52892E-02
 7.35080E+01  1.96467E-02
 7.69794E+01  2.52753E-02
 8.06148E+01  3.09283E-02
 8.44219E+01  3.65408E-02
 8.84087E+01  4.28176E-02
 9.25838E+01  4.97470E-02
 9.69561E+01  5.75115E-02
 1.01535E+02  6.64862E-02
 1.06330E+02  7.64140E-02
 1.11351E+02  8.88277E-02
 1.16610E+02  1.04495E-01
 1.22117E+02  1.24977E-01
 1.27884E+02  1.50443E-01
 1.33923E+02  1.84555E-01
 1.40248E+02  2.24920E-01
 1.46871E+02  2.69699E-01
 1.53807E+02  3.22611E-01
 1.61071E+02  3.78824E-01
 1.68677E+02  4.40925E-01
 1.76643E+02  5.10221E-01
 1.84985E+02  5.89371E-01
 1.93721E+02  6.77780E-01
 2.02869E+02  7.70313E-01
 2.12450E+02  8.75500E-01
 2.22483E+02  9.79795E-01
 2.32990E+02  1.08843E+00
 2.43993E+02  1.19364E+00
 2.55515E+02  1.29802E+00
 2.67582E+02  1.38576E+00
 2.80219E+02  1.46055E+00
 2.93452E+02  1.52467E+00
 3.07310E+02  1.56551E+00
 3.21823E+02  1.58780E+00
 3.37021E+02  1.59668E+00
 3.52937E+02  1.58082E+00
 3.69605E+02  1.55345E+00
 3.87059E+02  1.51221E+00
 4.05338E+02  1.45830E+00
 4.24480E+02  1.39904E+00
 4.44527E+02  1.33644E+00
 4.65519E+02  1.27025E+00
 4.87504E+02  1.19880E+00
 5.10526E+02  1.12201E+00
 5.34636E+02  1.04989E+00
 5.59884E+02  9.75159E-01
 5.86325E+02  9.09091E-01
 6.14014E+02  8.47843E-01
 6.43011E+02  7.82412E-01
 6.73377E+02  7.16161E-01
 7.05178E+02  6.61899E-01
 7.38480E+02  6.04902E-01
 7.73355E+02  5.53659E-01
 8.09877E+02  4.98954E-01
 8.48123E+02  4.54643E-01
 8.88176E+02  4.12984E-01
 9.30120E+02  3.72797E-01
 9.74045E+02  3.37478E-01
 1.02004E+03  3.00513E-01
 1.06822E+03  2.71672E-01
 1.11866E+03  2.42398E-01
 1.17149E+03  2.16279E-01
 1.22682E+03  1.89781E-01
 1.28475E+03  1.70655E-01
 1.34543E+03  1.46573E-01
 1.40896E+03  1.29814E-01
 1.47550E+03  1.12004E-01
 1.54518E+03  9.83391E-02
 1.61815E+03  8.47418E-02
 1.69457E+03  7.43412E-02
 1.77460E+03  6.61759E-02
 1.85840E+03  5.49892E-02
 1.94617E+03  4.92503E-02
 2.03808E+03  4.16477E-02
 2.13432E+03  3.35635E-02
 2.23512E+03  3.02634E-02
 2.34067E+03  2.52165E-02
 2.45121E+03  2.13189E-02
 2.56697E+03  1.86819E-02
 2.68820E+03  1.47853E-02
 2.81515E+03  1.42519E-02
 2.94809E+03  9.56928E-03
 3.08732E+03  9.48772E-03
 3.23312E+03  8.95028E-03
 3.38580E+03  6.77252E-03
 3.54570E+03  5.86528E-03
 3.71314E+03  3.79334E-03
 3.88850E+03  4.51931E-03
 4.07213E+03  3.22768E-03
 4.26444E+03  2.70170E-03
 4.46583E+03  2.13539E-03
 4.67673E+03  1.77074E-03
 4.89758E+03  1.58204E-03
 5.12887E+03  1.69395E-03
 5.37109E+03  1.52328E-03
 5.62474E+03  1.26562E-03
 5.89037E+03  9.96987E-04
 6.16854E+03  7.03547E-04
 6.45985E+03  3.68164E-04
 6.76492E+03  5.78578E-04
 7.08439E+03  2.02011E-04
 7.41895E+03  6.33847E-04
 7.76932E+03  1.02359E-04
 8.13622E+03  1.15077E-04
