 8.59946E-05  2.46967E-11
 9.00557E-05  3.77897E-11
 9.43086E-05  3.19010E-11
 9.87623E-05  3.03570E-11
 1.03426E-04  4.21814E-11
 1.08311E-04  3.32671E-11
 1.13426E-04  3.67091E-11
 1.18782E-04  5.14789E-11
 1.24392E-04  5.35868E-11
 1.30266E-04  5.07034E-11
 1.36418E-04  6.82103E-11
 1.42860E-04  7.26064E-11
 1.49607E-04  8.57691E-11
 1.56672E-04  6.54917E-11
 1.64071E-04  6.22283E-11
 1.71819E-04  9.03634E-11
 1.79934E-04  1.10166E-10
 1.88431E-04  1.22446E-10
 1.97330E-04  1.14587E-10
 2.06649E-04  1.27483E-10
 2.16408E-04  1.38440E-10
 2.26628E-04  1.07037E-10
 2.37330E-04  1.48448E-10
 2.48538E-04  1.51729E-10
 2.60275E-04  1.09817E-10
 2.72567E-04  1.73520E-10
 2.85439E-04  1.69035E-10
 2.98919E-04  1.88210E-10
 3.13035E-04  2.04900E-10
 3.27818E-04  2.09025E-10
 3.43300E-04  1.84035E-10
 3.59512E-04  2.61219E-10
 3.76490E-04  3.27891E-10
 3.94270E-04  2.95813E-10
 4.12889E-04  2.95504E-10
 4.32388E-04  3.45014E-10
 4.52808E-04  3.59595E-10
 4.74192E-04  3.51845E-10
 4.96585E-04  3.99704E-10
 5.20037E-04  4.45420E-10
 5.44596E-04  3.70219E-10
 5.70314E-04  4.31912E-10
 5.97247E-04  4.56690E-10
 6.25453E-04  4.75450E-10
 6.54990E-04  5.76231E-10
 6.85922E-04  6.12146E-10
 7.18314E-04  6.47767E-10
 7.52237E-04  6.61307E-10
 7.87762E-04  7.61927E-10
 8.24964E-04  7.51356E-10
 8.63923E-04  8.63296E-10
 9.04722E-04  7.53073E-10
 9.47447E-04  9.78798E-10
 9.92191E-04  9.45131E-10
 1.03905E-03  9.60703E-10
 1.08812E-03  9.11507E-10
 1.13950E-03  1.03741E-09
 1.19332E-03  1.30045E-09
 1.24967E-03  1.16479E-09
 1.30869E-03  1.38380E-09
 1.37049E-03  1.58296E-09
 1.43521E-03  1.30898E-09
 1.50299E-03  1.25661E-09
 1.57397E-03  1.72100E-09
 1.64830E-03  1.79974E-09
 1.72614E-03  1.72443E-09
 1.80766E-03  1.86377E-09
 1.89302E-03  2.33499E-09
 1.98242E-03  2.11235E-09
 2.07604E-03  2.36520E-09
 2.17409E-03  1.98612E-09
 2.27676E-03  2.19206E-09
 2.38428E-03  2.38736E-09
 2.49687E-03  3.18991E-09
 2.61479E-03  3.03739E-09
 2.73827E-03  2.98319E-09
 2.86759E-03  3.27341E-09
 3.00301E-03  3.25196E-09
 3.14483E-03  3.68512E-09
 3.29335E-03  3.78142E-09
 3.44887E-03  4.70185E-09
 3.61175E-03  4.25729E-09
 3.78231E-03  4.20741E-09
 3.96093E-03  5.85854E-09
 4.14799E-03  5.27637E-09
 4.34388E-03  4.96525E-09
 4.54902E-03  6.23586E-09
 4.76385E-03  5.08919E-09
 4.98882E-03  5.85125E-09
 5.22442E-03  6.36527E-09
 5.47114E-03  6.62022E-09
 5.72952E-03  6.06116E-09
 6.00010E-03  8.44291E-09
 6.28345E-03  7.51214E-09
 6.58019E-03  8.28612E-09
 6.89094E-03  6.60728E-09
 7.21637E-03  8.76662E-09
 7.55716E-03  8.23155E-09
 7.91405E-03  8.04535E-09
 8.28779E-03  9.99919E-09
 8.67919E-03  9.11760E-09
 9.08906E-03  8.95033E-09
 9.51829E-03  8.59003E-09
 9.96780E-03  8.99849E-09
 1.04385E-02  9.88976E-09
 1.09315E-02  9.62371E-09
 1.14477E-02  9.78853E-09
 1.19884E-02  1.00891E-08
 1.25545E-02  1.06844E-08
 1.31474E-02  1.00619E-08
 1.37683E-02  1.19263E-08
 1.44185E-02  1.31332E-08
 1.50994E-02  1.03347E-08
 1.58125E-02  1.10450E-08
 1.65592E-02  1.18994E-08
 1.73412E-02  1.25946E-08
 1.81602E-02  1.39530E-08
 1.90178E-02  1.61992E-08
 1.99159E-02  2.15436E-08
 2.08565E-02  2.55754E-08
 2.18414E-02  2.89439E-08
 2.28729E-02  3.37703E-08
 2.39530E-02  3.94303E-08
 2.50842E-02  4.66322E-08
 2.62688E-02  4.99852E-08
 2.75094E-02  5.96996E-08
 2.88085E-02  6.62831E-08
 3.01690E-02  6.78276E-08
 3.15938E-02  7.55495E-08
 3.30858E-02  7.84934E-08
 3.46483E-02  8.11779E-08
 3.62845E-02  8.97444E-08
 3.79981E-02  9.36017E-08
 3.97925E-02  9.19232E-08
 4.16717E-02  9.01088E-08
 4.36397E-02  8.94392E-08
 4.57006E-02  8.14312E-08
 4.78588E-02  7.33292E-08
 5.01190E-02  6.82229E-08
 5.24858E-02  5.94334E-08
 5.49645E-02  5.26236E-08
 5.75602E-02  4.54945E-08
 6.02785E-02  3.78318E-08
 6.31251E-02  3.10591E-08
 6.61062E-02  2.51112E-08
 6.92281E-02  2.02507E-08
 7.24974E-02  1.51195E-08
 7.59211E-02  1.19870E-08
 7.95065E-02  8.54751E-09
 8.32612E-02  6.32122E-09
 8.71933E-02  4.62494E-09
 9.13110E-02  3.08567E-09
 9.56232E-02  2.01817E-09
 1.00139E-01  1.40504E-09
 1.04868E-01  9.43717E-10
 1.09820E-01  5.60510E-10
 1.15007E-01  3.32475E-10
 1.20438E-01  2.10668E-10
 1.26126E-01  1.17578E-10
 1.32082E-01  6.57964E-11
 1.38320E-01  3.62853E-11
 1.44852E-01  1.93090E-11
 1.51692E-01  9.89400E-12
 1.58856E-01  4.70293E-12
 1.66358E-01  2.21816E-12
 1.74214E-01  9.45509E-13
 1.82442E-01  4.39037E-13
 1.91058E-01  3.48667E-13
 2.00080E-01  2.62369E-13
 2.09529E-01  2.93575E-13
 2.19424E-01  1.00257E-13
 2.29787E-01  4.50648E-14
 2.40638E-01  1.12200E-14
 2.52002E-01  5.27696E-15
 2.63903E-01  2.06688E-15
 2.76366E-01  6.78184E-16
 2.89418E-01  1.80153E-16
 3.03085E-01  5.51624E-17
 3.17399E-01  1.88693E-17
 3.32388E-01  6.22037E-18
 3.48085E-01  2.45404E-18
 3.64523E-01  7.85536E-19
 3.81738E-01  2.95638E-19
 3.99766E-01  1.25127E-19
 4.18645E-01  6.26870E-20
 4.38415E-01  4.34961E-20
 4.59120E-01  2.25150E-20
 4.80802E-01  2.47252E-20
 5.03508E-01  2.89805E-20
 5.27286E-01  6.40286E-20
 5.52187E-01  1.54271E-19
 5.78264E-01  8.59126E-19
 6.05573E-01  9.97203E-18
 6.34171E-01  2.39740E-16
 6.64120E-01  1.77995E-14
 6.95483E-01  4.94940E-12
 7.28327E-01  5.63567E-09
 7.62723E-01  7.73910E-05
 7.98743E-01  6.02453E-04
 8.36463E-01  7.26102E-04
 8.75965E-01  7.81552E-04
 9.17333E-01  8.83879E-04
 9.60654E-01  8.85265E-04
 9.91011E-01  8.17008E-04
 9.91127E-01  8.16742E-04
 9.91243E-01  8.16476E-04
 9.91358E-01  8.16210E-04
 9.91474E-01  8.15944E-04
 9.91590E-01  8.15678E-04
 9.91706E-01  8.15412E-04
 9.91822E-01  8.15146E-04
 9.91938E-01  8.14879E-04
 9.92053E-01  8.14612E-04
 9.92169E-01  8.14346E-04
 9.92285E-01  8.14079E-04
 9.92401E-01  8.13812E-04
 9.92517E-01  8.13545E-04
 9.92633E-01  8.13278E-04
 9.92750E-01  8.13011E-04
 9.92866E-01  8.12743E-04
 9.92982E-01  8.12476E-04
 9.93098E-01  8.12208E-04
 9.93214E-01  8.11941E-04
 9.93330E-01  8.11673E-04
 9.93447E-01  8.11405E-04
 9.93563E-01  8.11137E-04
 9.93679E-01  8.10869E-04
 9.93795E-01  8.10601E-04
 9.93912E-01  8.10333E-04
 9.94028E-01  8.10064E-04
 9.94145E-01  8.09796E-04
 9.94261E-01  8.09527E-04
 9.94377E-01  8.09259E-04
 9.94494E-01  8.08990E-04
 9.94610E-01  8.08721E-04
 9.94727E-01  8.08452E-04
 9.94844E-01  8.08183E-04
 9.94960E-01  8.07914E-04
 9.95077E-01  8.07644E-04
 9.95193E-01  8.07375E-04
 9.95310E-01  8.07105E-04
 9.95427E-01  8.06836E-04
 9.95543E-01  8.06566E-04
 9.95660E-01  8.06296E-04
 9.95777E-01  8.06026E-04
 9.95894E-01  8.05756E-04
 9.96011E-01  8.05486E-04
 9.96128E-01  8.05216E-04
 9.96244E-01  8.04945E-04
 9.96361E-01  8.04675E-04
 9.96478E-01  8.04404E-04
 9.96595E-01  8.04134E-04
 9.96712E-01  8.03863E-04
 9.96829E-01  8.03592E-04
 9.96946E-01  8.03321E-04
 9.97063E-01  8.03050E-04
 9.97181E-01  8.02778E-04
 9.97298E-01  8.02507E-04
 9.97415E-01  8.02236E-04
 9.97532E-01  8.01964E-04
 9.97649E-01  8.01692E-04
 9.97767E-01  8.01421E-04
 9.97884E-01  8.01149E-04
 9.98001E-01  8.00877E-04
 9.98118E-01  8.00605E-04
 9.98236E-01  8.00333E-04
 9.98353E-01  8.00205E-04
 9.98471E-01  7.99788E-04
 9.98588E-01  7.99515E-04
 9.98706E-01  7.99243E-04
 9.98823E-01  7.98970E-04
 9.98941E-01  7.98697E-04
 9.99058E-01  7.98424E-04
 9.99176E-01  7.98151E-04
 9.99293E-01  7.97878E-04
 9.99411E-01  7.97605E-04
 9.99529E-01  7.97331E-04
 9.99646E-01  7.97058E-04
 9.99764E-01  7.96784E-04
 9.99882E-01  7.96511E-04
 1.00000E+00  7.96237E-04
 1.00012E+00  7.95963E-04
 1.00024E+00  7.95689E-04
 1.00035E+00  7.95415E-04
 1.00047E+00  7.95140E-04
 1.00059E+00  7.94866E-04
 1.00071E+00  7.94592E-04
 1.00082E+00  7.94317E-04
 1.00094E+00  7.94042E-04
 1.00106E+00  7.96334E-04
 1.00118E+00  7.93493E-04
 1.00130E+00  7.93218E-04
 1.00142E+00  7.92943E-04
 1.00153E+00  7.92667E-04
 1.00165E+00  7.92392E-04
 1.00177E+00  7.92117E-04
 1.00189E+00  7.91841E-04
 1.00201E+00  7.91566E-04
 1.00212E+00  7.91290E-04
 1.00224E+00  7.91014E-04
 1.00236E+00  7.90738E-04
 1.00248E+00  7.90462E-04
 1.00260E+00  7.90186E-04
 1.00272E+00  7.89909E-04
 1.00283E+00  7.89633E-04
 1.00295E+00  7.89356E-04
 1.00307E+00  7.89080E-04
 1.00319E+00  7.88803E-04
 1.00331E+00  7.88526E-04
 1.00343E+00  7.88249E-04
 1.00355E+00  7.87972E-04
 1.00366E+00  7.87695E-04
 1.00378E+00  7.87418E-04
 1.00390E+00  7.87140E-04
 1.00402E+00  7.86863E-04
 1.00414E+00  7.86585E-04
 1.00426E+00  7.86308E-04
 1.00438E+00  7.86030E-04
 1.00450E+00  7.85752E-04
 1.00461E+00  7.85474E-04
 1.00473E+00  7.85196E-04
 1.00485E+00  7.84917E-04
 1.00497E+00  7.84639E-04
 1.00509E+00  7.84360E-04
 1.00521E+00  7.84082E-04
 1.00533E+00  7.83803E-04
 1.00545E+00  7.83524E-04
 1.00557E+00  7.83245E-04
 1.00569E+00  7.82966E-04
 1.00580E+00  7.82687E-04
 1.00592E+00  7.82408E-04
 1.00602E+00  7.82180E-04
 1.00604E+00  7.82249E-04
 1.00616E+00  7.82630E-04
 1.00628E+00  7.83010E-04
 1.00640E+00  7.83391E-04
 1.00652E+00  7.83772E-04
 1.00664E+00  7.84153E-04
 1.00676E+00  7.84550E-04
 1.00688E+00  7.84915E-04
 1.00700E+00  7.85297E-04
 1.00712E+00  7.85678E-04
 1.00724E+00  7.86060E-04
 1.00736E+00  7.86442E-04
 1.00748E+00  7.86824E-04
 1.00760E+00  7.87206E-04
 1.00771E+00  7.87588E-04
 1.00783E+00  7.87970E-04
 1.00795E+00  7.88352E-04
 1.00807E+00  7.88735E-04
 1.00819E+00  7.89117E-04
 1.00831E+00  7.89500E-04
 1.00843E+00  7.89883E-04
 1.00855E+00  7.90266E-04
 1.00867E+00  7.91566E-04
 1.00879E+00  7.91033E-04
 1.00891E+00  7.91416E-04
 1.00903E+00  8.01997E-04
 1.00915E+00  7.92183E-04
 1.00927E+00  7.92567E-04
 1.00939E+00  7.92951E-04
 1.00951E+00  7.93335E-04
 1.00963E+00  7.93917E-04
 1.00975E+00  7.94103E-04
 1.00987E+00  7.94488E-04
 1.00999E+00  7.94872E-04
 1.01011E+00  7.97532E-04
 1.01023E+00  8.04619E-04
 1.01035E+00  7.96026E-04
 1.01047E+00  7.96411E-04
 1.01059E+00  7.96806E-04
 1.01071E+00  7.97182E-04
 1.01083E+00  7.97567E-04
 1.01095E+00  7.97974E-04
 1.01108E+00  7.98338E-04
 1.01120E+00  7.98724E-04
 1.01132E+00  7.99110E-04
 1.01144E+00  7.99510E-04
 1.01156E+00  7.99882E-04
 1.01168E+00  8.00430E-04
 1.01180E+00  8.00655E-04
 1.01192E+00  8.01042E-04
 1.01204E+00  8.01428E-04
 1.01216E+00  8.01852E-04
 1.01228E+00  8.02409E-04
 1.01240E+00  8.02590E-04
 1.01252E+00  8.02976E-04
 1.01264E+00  8.03363E-04
 1.01276E+00  8.03751E-04
 1.01288E+00  8.04138E-04
 1.01301E+00  8.04593E-04
 1.01313E+00  8.04915E-04
 1.01325E+00  8.05306E-04
 1.01337E+00  8.05690E-04
 1.01349E+00  8.07814E-04
 1.01361E+00  8.06542E-04
 1.01373E+00  8.06855E-04
 1.01385E+00  8.07245E-04
 1.01397E+00  8.12596E-04
 1.01409E+00  8.08021E-04
 1.01422E+00  8.08412E-04
 1.01434E+00  8.21017E-04
 1.01446E+00  8.09188E-04
 1.01458E+00  8.10451E-04
 1.01470E+00  8.09967E-04
 1.01482E+00  8.10556E-04
 1.01494E+00  8.12625E-04
 1.01506E+00  8.12200E-04
 1.01519E+00  8.11526E-04
 1.01531E+00  8.11916E-04
 1.01543E+00  8.13008E-04
 1.01555E+00  8.19648E-04
 1.01567E+00  8.18413E-04
 1.01579E+00  8.15546E-04
 1.01591E+00  8.26721E-04
 1.01604E+00  8.28038E-04
 1.01616E+00  8.14969E-04
 1.01628E+00  8.16271E-04
 1.01640E+00  8.19183E-04
 1.01652E+00  8.16669E-04
 1.01664E+00  8.35500E-04
 1.01677E+00  8.16640E-04
 1.01689E+00  8.18728E-04
 1.01701E+00  8.17391E-04
 1.01713E+00  8.22892E-04
 1.01725E+00  8.25361E-04
 1.01738E+00  8.50971E-04
 1.01750E+00  8.32458E-04
 1.01762E+00  8.84823E-04
 1.01774E+00  8.60573E-04
 1.01786E+00  8.62315E-04
 1.01799E+00  8.52847E-04
 1.01811E+00  8.84809E-04
 1.01823E+00  9.73393E-04
 1.01835E+00  8.79931E-04
 1.01847E+00  9.35995E-04
 1.01860E+00  9.67521E-04
 1.01872E+00  1.05654E-03
 1.01884E+00  1.15433E-03
 1.01896E+00  1.09228E-03
 1.01909E+00  1.34087E-03
 1.01921E+00  1.72129E-03
 1.01933E+00  2.12400E-03
 1.01945E+00  2.72454E-03
 1.01958E+00  3.78393E-03
 1.01970E+00  4.99966E-03
 1.01982E+00  6.19222E-03
 1.01994E+00  8.21134E-03
 1.02007E+00  9.71846E-03
 1.02019E+00  1.09642E-02
 1.02031E+00  1.37307E-02
 1.02043E+00  1.63735E-02
 1.02056E+00  1.75241E-02
 1.02068E+00  1.87532E-02
 1.02080E+00  2.05450E-02
 1.02092E+00  2.09328E-02
 1.02105E+00  2.11013E-02
 1.02117E+00  2.13345E-02
 1.02129E+00  2.14818E-02
 1.02142E+00  2.15365E-02
 1.02154E+00  1.98522E-02
 1.02166E+00  1.95882E-02
 1.02178E+00  1.88888E-02
 1.02191E+00  1.88210E-02
 1.02203E+00  1.86566E-02
 1.02215E+00  1.70741E-02
 1.02228E+00  1.61702E-02
 1.02240E+00  1.67055E-02
 1.02252E+00  1.62246E-02
 1.02265E+00  1.62228E-02
 1.02277E+00  1.43830E-02
 1.02289E+00  1.55302E-02
 1.02302E+00  1.41912E-02
 1.02314E+00  1.29985E-02
 1.02326E+00  1.30607E-02
 1.02339E+00  1.30832E-02
 1.02351E+00  1.17451E-02
 1.02363E+00  1.14983E-02
 1.02376E+00  1.15412E-02
 1.02388E+00  1.08368E-02
 1.02400E+00  1.08532E-02
 1.02413E+00  1.02070E-02
 1.02425E+00  1.06506E-02
 1.02437E+00  9.44949E-03
 1.02450E+00  8.33099E-03
 1.02462E+00  9.49726E-03
 1.02474E+00  9.11429E-03
 1.02487E+00  8.03543E-03
 1.02499E+00  7.88601E-03
 1.02512E+00  7.45412E-03
 1.02524E+00  6.96275E-03
 1.02536E+00  6.41064E-03
 1.02549E+00  6.71827E-03
 1.02561E+00  6.20121E-03
 1.02573E+00  5.78005E-03
 1.02586E+00  6.10219E-03
 1.02598E+00  5.55325E-03
 1.02611E+00  4.73958E-03
 1.02623E+00  4.55976E-03
 1.02635E+00  4.16803E-03
 1.02648E+00  3.89906E-03
 1.02660E+00  3.76319E-03
 1.02673E+00  3.57424E-03
 1.02685E+00  3.25342E-03
 1.02698E+00  3.27733E-03
 1.02710E+00  3.06994E-03
 1.02722E+00  2.78799E-03
 1.02735E+00  2.63227E-03
 1.02747E+00  2.52773E-03
 1.02760E+00  2.35365E-03
 1.02772E+00  2.26586E-03
 1.02785E+00  2.01370E-03
 1.02797E+00  1.87942E-03
 1.02809E+00  1.92010E-03
 1.02822E+00  1.84514E-03
 1.02834E+00  1.64744E-03
 1.02847E+00  1.62453E-03
 1.02859E+00  1.37219E-03
 1.02872E+00  1.44629E-03
 1.02884E+00  1.40188E-03
 1.02897E+00  1.30599E-03
 1.02909E+00  1.26480E-03
 1.02922E+00  1.21983E-03
 1.02934E+00  1.18059E-03
 1.02947E+00  1.17935E-03
 1.02959E+00  1.15202E-03
 1.02972E+00  1.02805E-03
 1.02984E+00  1.07888E-03
 1.02997E+00  1.03118E-03
 1.03009E+00  1.02531E-03
 1.03022E+00  1.00313E-03
 1.03034E+00  9.99425E-04
 1.03047E+00  9.43294E-04
 1.03059E+00  9.62868E-04
 1.03072E+00  8.92575E-04
 1.03084E+00  9.35321E-04
 1.03097E+00  9.23062E-04
 1.03109E+00  9.57288E-04
 1.03122E+00  8.77148E-04
 1.03134E+00  9.01425E-04
 1.03147E+00  8.85910E-04
 1.03159E+00  8.86381E-04
 1.03172E+00  8.77284E-04
 1.03184E+00  9.13809E-04
 1.03197E+00  8.79213E-04
 1.03209E+00  8.70827E-04
 1.03222E+00  8.68221E-04
 1.03235E+00  8.71945E-04
 1.03247E+00  8.75166E-04
 1.03260E+00  8.73057E-04
 1.03272E+00  8.68500E-04
 1.03285E+00  8.78003E-04
 1.03297E+00  8.69336E-04
 1.03310E+00  8.70813E-04
 1.03322E+00  8.83131E-04
 1.03335E+00  8.72136E-04
 1.03348E+00  8.72433E-04
 1.03360E+00  8.83347E-04
 1.03373E+00  8.71627E-04
 1.03385E+00  8.71962E-04
 1.03398E+00  8.74553E-04
 1.03411E+00  8.72740E-04
 1.03423E+00  8.73278E-04
 1.03436E+00  8.75577E-04
 1.03448E+00  8.73990E-04
 1.03461E+00  8.74385E-04
 1.03474E+00  8.74871E-04
 1.03486E+00  8.75259E-04
 1.03499E+00  8.76639E-04
 1.03511E+00  8.76080E-04
 1.03524E+00  8.76913E-04
 1.03537E+00  8.76850E-04
 1.03549E+00  8.77271E-04
 1.03562E+00  8.77673E-04
 1.03575E+00  8.79221E-04
 1.03587E+00  8.78511E-04
 1.03600E+00  8.78911E-04
 1.03612E+00  8.79335E-04
 1.03625E+00  8.79772E-04
 1.03638E+00  8.80147E-04
 1.03650E+00  8.80560E-04
 1.03663E+00  8.80987E-04
 1.03676E+00  8.81386E-04
 1.03688E+00  8.81799E-04
 1.03701E+00  8.82213E-04
 1.03714E+00  8.82626E-04
 1.03726E+00  8.83040E-04
 1.03739E+00  8.83454E-04
 1.03752E+00  8.83869E-04
 1.03764E+00  8.84286E-04
 1.03777E+00  8.84696E-04
 1.03790E+00  8.85111E-04
 1.03803E+00  8.85525E-04
 1.03815E+00  8.85940E-04
 1.03828E+00  8.86355E-04
 1.03841E+00  8.86770E-04
 1.03853E+00  8.87185E-04
 1.03866E+00  8.87600E-04
 1.03879E+00  8.88015E-04
 1.03891E+00  8.88431E-04
 1.03904E+00  8.88847E-04
 1.03917E+00  8.89262E-04
 1.03930E+00  8.89678E-04
 1.03942E+00  8.90094E-04
 1.03955E+00  8.90512E-04
 1.03968E+00  8.90927E-04
 1.03981E+00  8.91343E-04
 1.03993E+00  8.91760E-04
 1.04006E+00  8.92177E-04
 1.04019E+00  8.92594E-04
 1.04031E+00  8.93011E-04
 1.04044E+00  8.93428E-04
 1.04057E+00  8.93845E-04
 1.04070E+00  8.94263E-04
 1.04083E+00  8.94680E-04
 1.04095E+00  8.95333E-04
 1.04108E+00  8.95516E-04
 1.04121E+00  8.95934E-04
 1.04134E+00  8.96352E-04
 1.04146E+00  8.96771E-04
 1.04159E+00  8.97189E-04
 1.04172E+00  8.97608E-04
 1.04185E+00  8.98026E-04
 1.04197E+00  8.98445E-04
 1.04210E+00  8.98864E-04
 1.04223E+00  8.99283E-04
 1.04236E+00  8.99703E-04
 1.04249E+00  9.00122E-04
 1.04261E+00  9.00542E-04
 1.04274E+00  9.00961E-04
 1.04287E+00  9.01381E-04
 1.04300E+00  9.01801E-04
 1.04313E+00  9.02221E-04
 1.04326E+00  9.02642E-04
 1.04338E+00  9.03062E-04
 1.04351E+00  9.03483E-04
 1.04364E+00  9.03903E-04
 1.04377E+00  9.04324E-04
 1.04390E+00  9.04745E-04
 1.04402E+00  9.05166E-04
 1.04415E+00  9.05588E-04
 1.04428E+00  9.06009E-04
 1.04441E+00  9.06431E-04
 1.04454E+00  9.06852E-04
 1.04467E+00  9.07274E-04
 1.04480E+00  9.07696E-04
 1.04492E+00  9.08118E-04
 1.04505E+00  9.08541E-04
 1.04518E+00  9.08963E-04
 1.04531E+00  9.09386E-04
 1.04544E+00  9.09808E-04
 1.04557E+00  9.10231E-04
 1.04570E+00  9.10654E-04
 1.04583E+00  9.11077E-04
 1.04595E+00  9.11500E-04
 1.04608E+00  9.11924E-04
 1.04621E+00  9.12347E-04
 1.04634E+00  9.12771E-04
 1.04647E+00  9.13195E-04
 1.04660E+00  9.13619E-04
 1.04673E+00  9.14043E-04
 1.04686E+00  9.14467E-04
 1.04699E+00  9.14892E-04
 1.04712E+00  9.15316E-04
 1.04724E+00  9.15741E-04
 1.04737E+00  9.16166E-04
 1.04750E+00  9.16591E-04
 1.04763E+00  9.17016E-04
 1.04776E+00  9.17441E-04
 1.04789E+00  9.17867E-04
 1.04802E+00  9.18292E-04
 1.04815E+00  9.18718E-04
 1.04828E+00  9.19144E-04
 1.04841E+00  9.19570E-04
 1.04854E+00  9.19996E-04
 1.04867E+00  9.20422E-04
 1.04880E+00  9.20848E-04
 1.04893E+00  9.21275E-04
 1.04906E+00  9.21702E-04
 1.04919E+00  9.22129E-04
 1.04932E+00  9.22556E-04
 1.04945E+00  9.22983E-04
 1.04958E+00  9.23410E-04
 1.04970E+00  9.23837E-04
 1.04983E+00  9.24265E-04
 1.04996E+00  9.24693E-04
 1.05009E+00  9.25121E-04
 1.05022E+00  9.25549E-04
 1.05035E+00  9.25977E-04
 1.05048E+00  9.26405E-04
 1.05061E+00  9.26833E-04
 1.05074E+00  9.27262E-04
 1.05087E+00  9.27691E-04
 1.05100E+00  9.28120E-04
 1.05113E+00  9.28549E-04
 1.05126E+00  9.28978E-04
 1.05139E+00  9.29407E-04
 1.05153E+00  9.29837E-04
 1.05166E+00  9.30266E-04
 1.05179E+00  9.30696E-04
 1.05192E+00  9.31126E-04
 1.05205E+00  9.31556E-04
 1.05218E+00  9.31986E-04
 1.05231E+00  9.32416E-04
 1.05353E+00  9.36456E-04
 1.10328E+00  1.02132E-03
 1.15539E+00  1.06395E-03
 1.20995E+00  1.10044E-03
 1.26709E+00  1.08382E-03
 1.32693E+00  1.05643E-03
 1.38959E+00  1.05423E-03
 1.45522E+00  1.00904E-03
 1.52394E+00  9.59527E-04
 1.59591E+00  8.71704E-04
 1.67128E+00  8.14098E-04
 1.75020E+00  7.42588E-04
 1.83286E+00  7.11961E-04
 1.91941E+00  6.73385E-04
 2.01006E+00  6.60845E-04
 2.10498E+00  6.69904E-04
 2.20439E+00  6.85724E-04
 2.30849E+00  6.94806E-04
 2.41751E+00  7.10867E-04
 2.53168E+00  7.12852E-04
 2.65124E+00  7.26600E-04
 2.77644E+00  7.37256E-04
 2.90756E+00  7.42859E-04
 3.04487E+00  7.58980E-04
 3.18867E+00  1.06178E-03
 3.33925E+00  1.25415E-03
 3.49695E+00  1.29141E-03
 3.66209E+00  1.30393E-03
 3.83504E+00  1.35057E-03
 4.01615E+00  1.32714E-03
 4.20581E+00  1.33909E-03
 4.40443E+00  1.32758E-03
 4.61243E+00  1.34026E-03
 4.83025E+00  1.32731E-03
 5.05836E+00  1.31309E-03
 5.29725E+00  1.30399E-03
 5.54741E+00  1.28058E-03
 5.80939E+00  1.28170E-03
 6.08374E+00  1.28297E-03
 6.37104E+00  1.26874E-03
 6.67191E+00  1.27531E-03
 6.98700E+00  1.25387E-03
 7.31696E+00  1.31608E-03
 7.66250E+00  1.33643E-03
 8.02437E+00  1.32670E-03
 8.40332E+00  1.34782E-03
 8.80017E+00  1.34243E-03
 9.21576E+00  1.29021E-03
 9.65097E+00  1.28840E-03
 1.01067E+01  1.29286E-03
 1.05840E+01  1.26184E-03
 1.10839E+01  1.27755E-03
 1.16073E+01  1.26574E-03
 1.21555E+01  1.25198E-03
 1.27295E+01  1.27723E-03
 1.33307E+01  1.28599E-03
 1.39602E+01  1.26529E-03
 1.46195E+01  1.20531E-03
 1.53099E+01  1.18779E-03
 1.60329E+01  1.08209E-03
 1.67901E+01  1.04192E-03
 1.75830E+01  9.95378E-04
 1.84133E+01  9.45007E-04
 1.92829E+01  8.54670E-04
 2.01935E+01  7.88637E-04
 2.11472E+01  7.44240E-04
 2.21459E+01  7.09078E-04
 2.31917E+01  7.09524E-04
 2.42869E+01  6.68590E-04
 2.54339E+01  6.19483E-04
 2.66350E+01  5.97893E-04
 2.78929E+01  5.51872E-04
 2.92101E+01  5.02832E-04
 3.05896E+01  4.83837E-04
 3.20342E+01  4.57719E-04
 3.35470E+01  4.10771E-04
 3.51312E+01  4.11663E-04
 3.67903E+01  3.79052E-04
 3.85277E+01  3.46809E-04
 4.03472E+01  3.97817E-04
 4.22526E+01  4.46883E-04
 4.42480E+01  5.53458E-04
 4.63376E+01  7.05230E-04
 4.85259E+01  9.06478E-04
 5.08176E+01  1.15903E-03
 5.32175E+01  1.56015E-03
 5.57307E+01  2.07992E-03
 5.83625E+01  2.78857E-03
 6.11187E+01  3.73668E-03
 6.40051E+01  4.92000E-03
 6.70277E+01  6.67278E-03
 7.01931E+01  8.79429E-03
 7.35080E+01  1.18286E-02
 7.69794E+01  1.58083E-02
 8.06148E+01  2.02048E-02
 8.44219E+01  2.48936E-02
 8.84087E+01  2.99911E-02
 9.25838E+01  3.51244E-02
 9.69561E+01  4.08953E-02
 1.01535E+02  4.72026E-02
 1.06330E+02  5.48886E-02
 1.11351E+02  6.30175E-02
 1.16610E+02  7.35187E-02
 1.22117E+02  8.61692E-02
 1.27884E+02  1.01666E-01
 1.33923E+02  1.20560E-01
 1.40248E+02  1.41606E-01
 1.46871E+02  1.65829E-01
 1.53807E+02  1.90890E-01
 1.61071E+02  2.19580E-01
 1.68677E+02  2.48721E-01
 1.76643E+02  2.82537E-01
 1.84985E+02  3.17969E-01
 1.93721E+02  3.58424E-01
 2.02869E+02  4.04271E-01
 2.12450E+02  4.52656E-01
 2.22483E+02  5.02553E-01
 2.32990E+02  5.59208E-01
 2.43993E+02  6.17467E-01
 2.55515E+02  6.75380E-01
 2.67582E+02  7.36923E-01
 2.80219E+02  8.00266E-01
 2.93452E+02  8.57061E-01
 3.07310E+02  9.15168E-01
 3.21823E+02  9.74387E-01
 3.37021E+02  1.02398E+00
 3.52937E+02  1.06792E+00
 3.69605E+02  1.10705E+00
 3.87059E+02  1.14860E+00
 4.05338E+02  1.17118E+00
 4.24480E+02  1.19906E+00
 4.44527E+02  1.21228E+00
 4.65519E+02  1.22664E+00
 4.87504E+02  1.22719E+00
 5.10526E+02  1.22300E+00
 5.34636E+02  1.21276E+00
 5.59884E+02  1.19980E+00
 5.86325E+02  1.16893E+00
 6.14014E+02  1.13878E+00
 6.43011E+02  1.10524E+00
 6.73377E+02  1.06412E+00
 7.05178E+02  1.01866E+00
 7.38480E+02  9.71452E-01
 7.73355E+02  9.23449E-01
 8.09877E+02  8.66542E-01
 8.48123E+02  8.07303E-01
 8.88176E+02  7.49962E-01
 9.30120E+02  6.93349E-01
 9.74045E+02  6.37366E-01
 1.02004E+03  5.86531E-01
 1.06822E+03  5.32707E-01
 1.11866E+03  4.89591E-01
 1.17149E+03  4.38015E-01
 1.22682E+03  3.94464E-01
 1.28475E+03  3.52222E-01
 1.34543E+03  3.20028E-01
 1.40896E+03  2.81323E-01
 1.47550E+03  2.41894E-01
 1.54518E+03  2.16091E-01
 1.61815E+03  1.91287E-01
 1.69457E+03  1.64268E-01
 1.77460E+03  1.38955E-01
 1.85840E+03  1.20688E-01
 1.94617E+03  1.06493E-01
 2.03808E+03  9.04651E-02
 2.13432E+03  7.73616E-02
 2.23512E+03  6.59245E-02
 2.34067E+03  5.88444E-02
 2.45121E+03  4.82345E-02
 2.56697E+03  4.22555E-02
 2.68820E+03  3.59888E-02
 2.81515E+03  2.82945E-02
 2.94809E+03  2.45348E-02
 3.08732E+03  2.15684E-02
 3.23312E+03  1.77192E-02
 3.38580E+03  1.46361E-02
 3.54570E+03  1.33058E-02
 3.71314E+03  1.04897E-02
 3.88850E+03  9.02208E-03
 4.07213E+03  7.16076E-03
 4.26444E+03  5.70100E-03
 4.46583E+03  5.87095E-03
 4.67673E+03  4.52279E-03
 4.89758E+03  2.66381E-03
 5.12887E+03  2.84218E-03
 5.37109E+03  2.54480E-03
 5.62474E+03  1.84465E-03
 5.89037E+03  1.47407E-03
 6.16854E+03  1.07336E-03
 6.45985E+03  8.43214E-04
 6.76492E+03  1.32487E-03
 7.08439E+03  1.06841E-03
 7.41895E+03  8.07292E-04
 7.76932E+03  4.22716E-04
 8.13622E+03  4.42678E-04
