 8.59946E-05  1.26823E-11
 9.00557E-05  1.33847E-11
 9.43086E-05  2.00371E-11
 9.87623E-05  1.81265E-11
 1.03426E-04  1.62496E-11
 1.08311E-04  2.17817E-11
 1.13426E-04  2.18480E-11
 1.18782E-04  2.26753E-11
 1.24392E-04  2.89105E-11
 1.30266E-04  3.26319E-11
 1.36418E-04  3.12250E-11
 1.42860E-04  2.88666E-11
 1.49607E-04  3.70060E-11
 1.56672E-04  4.81442E-11
 1.64071E-04  4.80850E-11
 1.71819E-04  5.11024E-11
 1.79934E-04  5.23273E-11
 1.88431E-04  4.64994E-11
 1.97330E-04  6.59412E-11
 2.06649E-04  7.06518E-11
 2.16408E-04  6.30312E-11
 2.26628E-04  7.75241E-11
 2.37330E-04  7.19909E-11
 2.48538E-04  8.99545E-11
 2.60275E-04  8.39800E-11
 2.72567E-04  8.95051E-11
 2.85439E-04  8.36613E-11
 2.98919E-04  1.18898E-10
 3.13035E-04  1.21568E-10
 3.27818E-04  1.22677E-10
 3.43300E-04  1.36579E-10
 3.59512E-04  1.31583E-10
 3.76490E-04  1.45768E-10
 3.94270E-04  1.61628E-10
 4.12889E-04  1.51833E-10
 4.32388E-04  1.64975E-10
 4.52808E-04  1.91566E-10
 4.74192E-04  1.91124E-10
 4.96585E-04  1.95710E-10
 5.20037E-04  2.15569E-10
 5.44596E-04  2.08006E-10
 5.70314E-04  2.82631E-10
 5.97247E-04  2.74440E-10
 6.25453E-04  2.54475E-10
 6.54990E-04  2.55619E-10
 6.85922E-04  3.52581E-10
 7.18314E-04  3.44111E-10
 7.52237E-04  3.96632E-10
 7.87762E-04  3.52991E-10
 8.24964E-04  3.73638E-10
 8.63923E-04  4.63921E-10
 9.04722E-04  3.74431E-10
 9.47447E-04  4.75481E-10
 9.92191E-04  5.49363E-10
 1.03905E-03  5.47108E-10
 1.08812E-03  5.12865E-10
 1.13950E-03  5.03673E-10
 1.19332E-03  6.43881E-10
 1.24967E-03  6.58883E-10
 1.30869E-03  7.22923E-10
 1.37049E-03  7.41024E-10
 1.43521E-03  6.78410E-10
 1.50299E-03  8.24915E-10
 1.57397E-03  9.42622E-10
 1.64830E-03  9.07330E-10
 1.72614E-03  9.60022E-10
 1.80766E-03  1.11237E-09
 1.89302E-03  1.19015E-09
 1.98242E-03  1.15885E-09
 2.07604E-03  1.39196E-09
 2.17409E-03  1.31700E-09
 2.27676E-03  1.17032E-09
 2.38428E-03  1.30181E-09
 2.49687E-03  1.47885E-09
 2.61479E-03  1.58508E-09
 2.73827E-03  1.47011E-09
 2.86759E-03  1.60261E-09
 3.00301E-03  1.60607E-09
 3.14483E-03  1.67302E-09
 3.29335E-03  2.05959E-09
 3.44887E-03  1.98212E-09
 3.61175E-03  2.21470E-09
 3.78231E-03  2.32784E-09
 3.96093E-03  2.48478E-09
 4.14799E-03  2.59430E-09
 4.34388E-03  2.73792E-09
 4.54902E-03  2.73207E-09
 4.76385E-03  2.98981E-09
 4.98882E-03  3.14497E-09
 5.22442E-03  3.32866E-09
 5.47114E-03  2.98648E-09
 5.72952E-03  2.94883E-09
 6.00010E-03  3.48694E-09
 6.28345E-03  3.35424E-09
 6.58019E-03  3.54297E-09
 6.89094E-03  3.65329E-09
 7.21637E-03  3.44118E-09
 7.55716E-03  3.55706E-09
 7.91405E-03  4.16947E-09
 8.28779E-03  4.28782E-09
 8.67919E-03  3.80999E-09
 9.08906E-03  3.50355E-09
 9.51829E-03  3.36222E-09
 9.96780E-03  3.19771E-09
 1.04385E-02  3.50027E-09
 1.09315E-02  2.92067E-09
 1.14477E-02  2.76753E-09
 1.19884E-02  2.41407E-09
 1.25545E-02  2.59267E-09
 1.31474E-02  2.37365E-09
 1.37683E-02  2.26256E-09
 1.44185E-02  2.43662E-09
 1.50994E-02  1.94314E-09
 1.58125E-02  1.76509E-09
 1.65592E-02  1.70859E-09
 1.73412E-02  1.44566E-09
 1.81602E-02  1.45722E-09
 1.90178E-02  1.28296E-09
 1.99159E-02  1.14491E-09
 2.08565E-02  9.82385E-10
 2.18414E-02  1.10812E-09
 2.28729E-02  7.84869E-10
 2.39530E-02  6.95488E-10
 2.50842E-02  7.11601E-10
 2.62688E-02  5.50895E-10
 2.75094E-02  4.36127E-10
 2.88085E-02  3.72394E-10
 3.01690E-02  4.85594E-10
 3.15938E-02  5.10539E-10
 3.30858E-02  4.81715E-10
 3.46483E-02  4.49018E-10
 3.62845E-02  1.91346E-09
 3.79981E-02  7.76495E-09
 3.97925E-02  8.80373E-09
 4.16717E-02  7.92558E-09
 4.36397E-02  7.77855E-09
 4.57006E-02  7.29426E-09
 4.78588E-02  6.97975E-09
 5.01190E-02  6.13966E-09
 5.24858E-02  5.62559E-09
 5.49645E-02  4.51746E-09
 5.75602E-02  3.69691E-09
 6.02785E-02  3.17477E-09
 6.31251E-02  2.41476E-09
 6.61062E-02  1.75346E-09
 6.92281E-02  1.34552E-09
 7.24974E-02  9.19893E-10
 7.59211E-02  6.66238E-10
 7.95065E-02  4.53094E-10
 8.32612E-02  3.16319E-10
 8.71933E-02  1.79598E-10
 9.13110E-02  1.49894E-10
 9.56232E-02  9.07575E-11
 1.00139E-01  5.26258E-11
 1.04868E-01  4.19020E-11
 1.09820E-01  2.85714E-11
 1.15007E-01  1.65214E-11
 1.20438E-01  1.21164E-11
 1.26126E-01  7.50575E-12
 1.32082E-01  4.57614E-12
 1.38320E-01  3.04207E-12
 1.44852E-01  1.79527E-12
 1.51692E-01  8.38418E-13
 1.58856E-01  5.50413E-13
 1.66358E-01  2.41616E-13
 1.74214E-01  1.44803E-13
 1.82442E-01  6.11763E-14
 1.91058E-01  8.14359E-14
 2.00080E-01  9.40662E-14
 2.09529E-01  1.65223E-13
 2.19424E-01  5.58991E-14
 2.29787E-01  2.64800E-14
 2.40638E-01  6.28744E-15
 2.52002E-01  3.20646E-15
 2.63903E-01  1.28919E-15
 2.76366E-01  4.35383E-16
 2.89418E-01  1.14938E-16
 3.03085E-01  3.48620E-17
 3.17399E-01  1.19794E-17
 3.32388E-01  3.99408E-18
 3.48085E-01  1.57828E-18
 3.64523E-01  5.13504E-19
 3.81738E-01  1.97964E-19
 3.99766E-01  8.32417E-20
 4.18645E-01  4.25011E-20
 4.38415E-01  2.90515E-20
 4.59120E-01  1.46333E-20
 4.80802E-01  1.68438E-20
 5.03508E-01  1.99326E-20
 5.27286E-01  4.39156E-20
 5.52187E-01  1.05574E-19
 5.78264E-01  5.87706E-19
 6.05573E-01  6.89678E-18
 6.34171E-01  1.68645E-16
 6.64120E-01  1.21710E-14
 6.95483E-01  3.47427E-12
 7.28327E-01  4.04021E-09
 7.62723E-01  5.26429E-05
 7.98743E-01  4.05113E-04
 8.36463E-01  4.84978E-04
 8.75965E-01  5.29858E-04
 9.17333E-01  5.93003E-04
 9.60654E-01  5.97317E-04
 9.91011E-01  5.49940E-04
 9.91127E-01  5.49755E-04
 9.91243E-01  5.49571E-04
 9.91358E-01  5.49386E-04
 9.91474E-01  5.49202E-04
 9.91590E-01  5.49017E-04
 9.91706E-01  5.48832E-04
 9.91822E-01  5.48647E-04
 9.91938E-01  5.48462E-04
 9.92053E-01  5.48277E-04
 9.92169E-01  5.48092E-04
 9.92285E-01  5.47907E-04
 9.92401E-01  5.47722E-04
 9.92517E-01  5.47537E-04
 9.92633E-01  5.47351E-04
 9.92750E-01  5.47166E-04
 9.92866E-01  5.46980E-04
 9.92982E-01  5.46795E-04
 9.93098E-01  5.46609E-04
 9.93214E-01  5.46423E-04
 9.93330E-01  5.46238E-04
 9.93447E-01  5.46052E-04
 9.93563E-01  5.45866E-04
 9.93679E-01  5.45680E-04
 9.93795E-01  5.45494E-04
 9.93912E-01  5.45307E-04
 9.94028E-01  5.45121E-04
 9.94145E-01  5.44935E-04
 9.94261E-01  5.44749E-04
 9.94377E-01  5.44562E-04
 9.94494E-01  5.44376E-04
 9.94610E-01  5.44189E-04
 9.94727E-01  5.44002E-04
 9.94844E-01  5.43816E-04
 9.94960E-01  5.43629E-04
 9.95077E-01  5.43442E-04
 9.95193E-01  5.43255E-04
 9.95310E-01  5.43068E-04
 9.95427E-01  5.42881E-04
 9.95543E-01  5.42693E-04
 9.95660E-01  5.42506E-04
 9.95777E-01  5.42319E-04
 9.95894E-01  5.42131E-04
 9.96011E-01  5.41944E-04
 9.96128E-01  5.41756E-04
 9.96244E-01  5.41569E-04
 9.96361E-01  5.41381E-04
 9.96478E-01  5.41193E-04
 9.96595E-01  5.41006E-04
 9.96712E-01  5.40818E-04
 9.96829E-01  5.40630E-04
 9.96946E-01  5.40442E-04
 9.97063E-01  5.40253E-04
 9.97181E-01  5.40065E-04
 9.97298E-01  5.39877E-04
 9.97415E-01  5.39689E-04
 9.97532E-01  5.39500E-04
 9.97649E-01  5.39312E-04
 9.97767E-01  5.39123E-04
 9.97884E-01  5.38934E-04
 9.98001E-01  5.38746E-04
 9.98118E-01  5.38557E-04
 9.98236E-01  5.38368E-04
 9.98353E-01  5.38179E-04
 9.98471E-01  5.37990E-04
 9.98588E-01  5.37801E-04
 9.98706E-01  5.37612E-04
 9.98823E-01  5.37422E-04
 9.98941E-01  5.37233E-04
 9.99058E-01  5.37044E-04
 9.99176E-01  5.36854E-04
 9.99293E-01  5.36665E-04
 9.99411E-01  5.36475E-04
 9.99529E-01  5.36285E-04
 9.99646E-01  5.36096E-04
 9.99764E-01  5.35906E-04
 9.99882E-01  5.35716E-04
 1.00000E+00  5.35526E-04
 1.00012E+00  5.35347E-04
 1.00024E+00  5.35146E-04
 1.00035E+00  5.34955E-04
 1.00047E+00  5.34765E-04
 1.00059E+00  5.34625E-04
 1.00071E+00  5.34874E-04
 1.00082E+00  5.34194E-04
 1.00094E+00  5.34003E-04
 1.00106E+00  5.33813E-04
 1.00118E+00  5.38786E-04
 1.00130E+00  5.33431E-04
 1.00142E+00  5.33240E-04
 1.00153E+00  5.33049E-04
 1.00165E+00  5.32858E-04
 1.00177E+00  5.32667E-04
 1.00189E+00  5.32476E-04
 1.00201E+00  5.32284E-04
 1.00212E+00  5.32093E-04
 1.00224E+00  5.31902E-04
 1.00236E+00  5.31710E-04
 1.00248E+00  5.31519E-04
 1.00260E+00  5.31327E-04
 1.00272E+00  5.31135E-04
 1.00283E+00  5.30943E-04
 1.00295E+00  5.30752E-04
 1.00307E+00  5.30860E-04
 1.00319E+00  5.30368E-04
 1.00331E+00  5.38459E-04
 1.00343E+00  5.29983E-04
 1.00355E+00  5.29791E-04
 1.00366E+00  5.29599E-04
 1.00378E+00  5.29406E-04
 1.00390E+00  5.29214E-04
 1.00402E+00  5.29021E-04
 1.00414E+00  5.28829E-04
 1.00426E+00  5.28636E-04
 1.00438E+00  5.28443E-04
 1.00450E+00  5.28250E-04
 1.00461E+00  5.28057E-04
 1.00473E+00  5.27864E-04
 1.00485E+00  5.27671E-04
 1.00497E+00  5.27478E-04
 1.00509E+00  5.27285E-04
 1.00521E+00  5.27092E-04
 1.00533E+00  5.26898E-04
 1.00545E+00  5.26705E-04
 1.00557E+00  5.26511E-04
 1.00569E+00  5.26318E-04
 1.00580E+00  5.26124E-04
 1.00592E+00  5.25930E-04
 1.00602E+00  5.25788E-04
 1.00604E+00  5.25841E-04
 1.00616E+00  5.26092E-04
 1.00628E+00  5.27276E-04
 1.00640E+00  5.27002E-04
 1.00652E+00  5.26904E-04
 1.00664E+00  5.28049E-04
 1.00676E+00  5.27446E-04
 1.00688E+00  5.27849E-04
 1.00700E+00  5.27988E-04
 1.00712E+00  5.28259E-04
 1.00724E+00  5.28530E-04
 1.00736E+00  5.28804E-04
 1.00748E+00  5.30333E-04
 1.00760E+00  5.29345E-04
 1.00771E+00  5.29617E-04
 1.00783E+00  5.29942E-04
 1.00795E+00  5.30162E-04
 1.00807E+00  5.30473E-04
 1.00819E+00  5.30704E-04
 1.00831E+00  5.30978E-04
 1.00843E+00  5.31248E-04
 1.00855E+00  5.31535E-04
 1.00867E+00  5.31795E-04
 1.00879E+00  5.32121E-04
 1.00891E+00  5.32338E-04
 1.00903E+00  5.32671E-04
 1.00915E+00  5.33207E-04
 1.00927E+00  5.33476E-04
 1.00939E+00  5.34350E-04
 1.00951E+00  5.33713E-04
 1.00963E+00  5.33975E-04
 1.00975E+00  5.34259E-04
 1.00987E+00  5.34576E-04
 1.00999E+00  5.34802E-04
 1.01011E+00  5.35079E-04
 1.01023E+00  5.35518E-04
 1.01035E+00  5.35616E-04
 1.01047E+00  5.37849E-04
 1.01059E+00  5.40184E-04
 1.01071E+00  5.36450E-04
 1.01083E+00  5.36712E-04
 1.01095E+00  5.37002E-04
 1.01108E+00  5.37260E-04
 1.01120E+00  5.38490E-04
 1.01132E+00  5.37809E-04
 1.01144E+00  5.38088E-04
 1.01156E+00  5.38358E-04
 1.01168E+00  5.42182E-04
 1.01180E+00  5.38907E-04
 1.01192E+00  5.39438E-04
 1.01204E+00  5.39487E-04
 1.01216E+00  5.40458E-04
 1.01228E+00  5.40049E-04
 1.01240E+00  5.40418E-04
 1.01252E+00  5.40585E-04
 1.01264E+00  5.40833E-04
 1.01276E+00  5.43188E-04
 1.01288E+00  5.41397E-04
 1.01301E+00  5.42232E-04
 1.01313E+00  5.41941E-04
 1.01325E+00  5.43119E-04
 1.01337E+00  5.42766E-04
 1.01349E+00  5.43809E-04
 1.01361E+00  5.43328E-04
 1.01373E+00  5.43321E-04
 1.01385E+00  5.43591E-04
 1.01397E+00  5.44004E-04
 1.01409E+00  5.44286E-04
 1.01422E+00  5.44570E-04
 1.01434E+00  5.44697E-04
 1.01446E+00  5.44974E-04
 1.01458E+00  5.45699E-04
 1.01470E+00  5.51357E-04
 1.01482E+00  5.45841E-04
 1.01494E+00  5.46200E-04
 1.01506E+00  5.47479E-04
 1.01519E+00  5.49151E-04
 1.01531E+00  5.53319E-04
 1.01543E+00  5.48457E-04
 1.01555E+00  5.51792E-04
 1.01567E+00  5.59165E-04
 1.01579E+00  5.53233E-04
 1.01591E+00  5.51059E-04
 1.01604E+00  5.56551E-04
 1.01616E+00  5.61991E-04
 1.01628E+00  5.52852E-04
 1.01640E+00  5.49415E-04
 1.01652E+00  5.56449E-04
 1.01664E+00  5.61427E-04
 1.01677E+00  5.56942E-04
 1.01689E+00  5.76613E-04
 1.01701E+00  5.74104E-04
 1.01713E+00  5.58437E-04
 1.01725E+00  5.69240E-04
 1.01738E+00  5.66499E-04
 1.01750E+00  5.66458E-04
 1.01762E+00  5.57327E-04
 1.01774E+00  5.83873E-04
 1.01786E+00  5.96774E-04
 1.01799E+00  5.97538E-04
 1.01811E+00  6.44052E-04
 1.01823E+00  6.36163E-04
 1.01835E+00  6.12832E-04
 1.01847E+00  6.18433E-04
 1.01860E+00  7.07322E-04
 1.01872E+00  7.33411E-04
 1.01884E+00  7.36698E-04
 1.01896E+00  8.56169E-04
 1.01909E+00  1.00225E-03
 1.01921E+00  1.13409E-03
 1.01933E+00  1.39374E-03
 1.01945E+00  1.83103E-03
 1.01958E+00  2.33284E-03
 1.01970E+00  3.42289E-03
 1.01982E+00  3.89802E-03
 1.01994E+00  4.94517E-03
 1.02007E+00  5.75109E-03
 1.02019E+00  6.63738E-03
 1.02031E+00  8.48756E-03
 1.02043E+00  8.98478E-03
 1.02056E+00  9.91184E-03
 1.02068E+00  1.04137E-02
 1.02080E+00  1.18156E-02
 1.02092E+00  1.19587E-02
 1.02105E+00  1.26554E-02
 1.02117E+00  1.31275E-02
 1.02129E+00  1.29446E-02
 1.02142E+00  1.35403E-02
 1.02154E+00  1.27063E-02
 1.02166E+00  1.16481E-02
 1.02178E+00  1.19856E-02
 1.02191E+00  1.15412E-02
 1.02203E+00  1.09327E-02
 1.02215E+00  1.07653E-02
 1.02228E+00  1.10602E-02
 1.02240E+00  1.08386E-02
 1.02252E+00  9.53252E-03
 1.02265E+00  9.71708E-03
 1.02277E+00  9.16515E-03
 1.02289E+00  8.34854E-03
 1.02302E+00  8.65720E-03
 1.02314E+00  8.26966E-03
 1.02326E+00  8.11086E-03
 1.02339E+00  7.70804E-03
 1.02351E+00  8.16958E-03
 1.02363E+00  7.02572E-03
 1.02376E+00  6.86285E-03
 1.02388E+00  6.30755E-03
 1.02400E+00  6.99080E-03
 1.02413E+00  5.82075E-03
 1.02425E+00  5.99830E-03
 1.02437E+00  5.88271E-03
 1.02450E+00  5.90711E-03
 1.02462E+00  5.90969E-03
 1.02474E+00  5.02319E-03
 1.02487E+00  4.72911E-03
 1.02499E+00  5.02943E-03
 1.02512E+00  4.48219E-03
 1.02524E+00  4.40177E-03
 1.02536E+00  4.04765E-03
 1.02549E+00  3.88690E-03
 1.02561E+00  3.76102E-03
 1.02573E+00  3.73291E-03
 1.02586E+00  3.34809E-03
 1.02598E+00  3.08585E-03
 1.02611E+00  2.97916E-03
 1.02623E+00  2.73005E-03
 1.02635E+00  2.55830E-03
 1.02648E+00  2.42685E-03
 1.02660E+00  2.32929E-03
 1.02673E+00  2.17040E-03
 1.02685E+00  2.03454E-03
 1.02698E+00  1.92342E-03
 1.02710E+00  1.86459E-03
 1.02722E+00  1.65478E-03
 1.02735E+00  1.52538E-03
 1.02747E+00  1.52362E-03
 1.02760E+00  1.36887E-03
 1.02772E+00  1.37068E-03
 1.02785E+00  1.20756E-03
 1.02797E+00  1.21040E-03
 1.02809E+00  1.20465E-03
 1.02822E+00  1.11624E-03
 1.02834E+00  9.78524E-04
 1.02847E+00  1.00135E-03
 1.02859E+00  8.90255E-04
 1.02872E+00  8.89705E-04
 1.02884E+00  9.06545E-04
 1.02897E+00  8.94132E-04
 1.02909E+00  8.44794E-04
 1.02922E+00  8.72003E-04
 1.02934E+00  7.62061E-04
 1.02947E+00  7.69593E-04
 1.02959E+00  7.30234E-04
 1.02972E+00  7.05546E-04
 1.02984E+00  6.66349E-04
 1.02997E+00  7.20603E-04
 1.03009E+00  6.52386E-04
 1.03022E+00  6.42213E-04
 1.03034E+00  6.50281E-04
 1.03047E+00  6.21119E-04
 1.03059E+00  6.35811E-04
 1.03072E+00  6.27441E-04
 1.03084E+00  6.18115E-04
 1.03097E+00  6.12862E-04
 1.03109E+00  6.17398E-04
 1.03122E+00  6.09369E-04
 1.03134E+00  6.05098E-04
 1.03147E+00  6.05697E-04
 1.03159E+00  6.07120E-04
 1.03172E+00  6.09183E-04
 1.03184E+00  5.93376E-04
 1.03197E+00  5.95834E-04
 1.03209E+00  5.88758E-04
 1.03222E+00  5.94846E-04
 1.03235E+00  5.93720E-04
 1.03247E+00  5.88057E-04
 1.03260E+00  5.90084E-04
 1.03272E+00  5.90370E-04
 1.03285E+00  5.91855E-04
 1.03297E+00  5.88013E-04
 1.03310E+00  5.88381E-04
 1.03322E+00  5.89518E-04
 1.03335E+00  5.88538E-04
 1.03348E+00  5.93375E-04
 1.03360E+00  5.89115E-04
 1.03373E+00  5.91800E-04
 1.03385E+00  5.89631E-04
 1.03398E+00  5.89941E-04
 1.03411E+00  5.93000E-04
 1.03423E+00  5.90604E-04
 1.03436E+00  5.90763E-04
 1.03448E+00  5.91173E-04
 1.03461E+00  5.91385E-04
 1.03474E+00  5.91693E-04
 1.03486E+00  5.92184E-04
 1.03499E+00  5.92235E-04
 1.03511E+00  5.92537E-04
 1.03524E+00  5.93139E-04
 1.03537E+00  5.93104E-04
 1.03549E+00  5.93420E-04
 1.03562E+00  5.93678E-04
 1.03575E+00  5.93967E-04
 1.03587E+00  5.94268E-04
 1.03600E+00  5.94620E-04
 1.03612E+00  5.95004E-04
 1.03625E+00  5.95141E-04
 1.03638E+00  5.95526E-04
 1.03650E+00  5.95729E-04
 1.03663E+00  5.96020E-04
 1.03676E+00  5.96314E-04
 1.03688E+00  5.96608E-04
 1.03701E+00  5.97532E-04
 1.03714E+00  5.97199E-04
 1.03726E+00  5.97491E-04
 1.03739E+00  5.97785E-04
 1.03752E+00  5.98079E-04
 1.03764E+00  5.98580E-04
 1.03777E+00  5.98676E-04
 1.03790E+00  5.98963E-04
 1.03803E+00  5.99258E-04
 1.03815E+00  5.99554E-04
 1.03828E+00  5.99848E-04
 1.03841E+00  6.00144E-04
 1.03853E+00  6.00438E-04
 1.03866E+00  6.00733E-04
 1.03879E+00  6.01029E-04
 1.03891E+00  6.01324E-04
 1.03904E+00  6.01620E-04
 1.03917E+00  6.01921E-04
 1.03930E+00  6.02212E-04
 1.03942E+00  6.02507E-04
 1.03955E+00  6.02803E-04
 1.03968E+00  6.03100E-04
 1.03981E+00  6.03396E-04
 1.03993E+00  6.03692E-04
 1.04006E+00  6.03989E-04
 1.04019E+00  6.04285E-04
 1.04031E+00  6.04582E-04
 1.04044E+00  6.05011E-04
 1.04057E+00  6.05175E-04
 1.04070E+00  6.05472E-04
 1.04083E+00  6.05772E-04
 1.04095E+00  6.06066E-04
 1.04108E+00  6.06364E-04
 1.04121E+00  6.06661E-04
 1.04134E+00  6.06958E-04
 1.04146E+00  6.07256E-04
 1.04159E+00  6.07553E-04
 1.04172E+00  6.07851E-04
 1.04185E+00  6.08149E-04
 1.04197E+00  6.08447E-04
 1.04210E+00  6.08745E-04
 1.04223E+00  6.09043E-04
 1.04236E+00  6.09341E-04
 1.04249E+00  6.09640E-04
 1.04261E+00  6.09938E-04
 1.04274E+00  6.10237E-04
 1.04287E+00  6.10535E-04
 1.04300E+00  6.10834E-04
 1.04313E+00  6.11133E-04
 1.04326E+00  6.11432E-04
 1.04338E+00  6.11731E-04
 1.04351E+00  6.12030E-04
 1.04364E+00  6.12329E-04
 1.04377E+00  6.12628E-04
 1.04390E+00  6.12928E-04
 1.04402E+00  6.13227E-04
 1.04415E+00  6.13527E-04
 1.04428E+00  6.13827E-04
 1.04441E+00  6.14127E-04
 1.04454E+00  6.14427E-04
 1.04467E+00  6.14727E-04
 1.04480E+00  6.15027E-04
 1.04492E+00  6.15327E-04
 1.04505E+00  6.15627E-04
 1.04518E+00  6.15928E-04
 1.04531E+00  6.16228E-04
 1.04544E+00  6.16529E-04
 1.04557E+00  6.16830E-04
 1.04570E+00  6.17131E-04
 1.04583E+00  6.17432E-04
 1.04595E+00  6.17733E-04
 1.04608E+00  6.18034E-04
 1.04621E+00  6.18335E-04
 1.04634E+00  6.18636E-04
 1.04647E+00  6.18938E-04
 1.04660E+00  6.19239E-04
 1.04673E+00  6.19541E-04
 1.04686E+00  6.19843E-04
 1.04699E+00  6.20145E-04
 1.04712E+00  6.20447E-04
 1.04724E+00  6.20749E-04
 1.04737E+00  6.21051E-04
 1.04750E+00  6.21353E-04
 1.04763E+00  6.21656E-04
 1.04776E+00  6.21958E-04
 1.04789E+00  6.22261E-04
 1.04802E+00  6.22563E-04
 1.04815E+00  6.22866E-04
 1.04828E+00  6.23169E-04
 1.04841E+00  6.23472E-04
 1.04854E+00  6.23775E-04
 1.04867E+00  6.24078E-04
 1.04880E+00  6.24382E-04
 1.04893E+00  6.24685E-04
 1.04906E+00  6.24989E-04
 1.04919E+00  6.25292E-04
 1.04932E+00  6.25596E-04
 1.04945E+00  6.25900E-04
 1.04958E+00  6.26204E-04
 1.04970E+00  6.26508E-04
 1.04983E+00  6.26812E-04
 1.04996E+00  6.27116E-04
 1.05009E+00  6.27421E-04
 1.05022E+00  6.27725E-04
 1.05035E+00  6.28030E-04
 1.05048E+00  6.28334E-04
 1.05061E+00  6.28639E-04
 1.05074E+00  6.28944E-04
 1.05087E+00  6.29249E-04
 1.05100E+00  6.29554E-04
 1.05113E+00  6.29859E-04
 1.05126E+00  6.30164E-04
 1.05139E+00  6.30470E-04
 1.05153E+00  6.30775E-04
 1.05166E+00  6.31081E-04
 1.05179E+00  6.31386E-04
 1.05192E+00  6.31692E-04
 1.05205E+00  6.31998E-04
 1.05218E+00  6.32304E-04
 1.05231E+00  6.32610E-04
 1.05353E+00  6.35484E-04
 1.10328E+00  7.00788E-04
 1.15539E+00  7.26210E-04
 1.20995E+00  7.59940E-04
 1.26709E+00  7.61744E-04
 1.32693E+00  7.35173E-04
 1.38959E+00  7.33604E-04
 1.45522E+00  7.02499E-04
 1.52394E+00  6.61244E-04
 1.59591E+00  6.03011E-04
 1.67128E+00  5.57033E-04
 1.75020E+00  5.11849E-04
 1.83286E+00  4.84861E-04
 1.91941E+00  4.57707E-04
 2.01006E+00  4.51415E-04
 2.10498E+00  4.59862E-04
 2.20439E+00  4.75645E-04
 2.30849E+00  4.77329E-04
 2.41751E+00  4.90127E-04
 2.53168E+00  5.00370E-04
 2.65124E+00  5.03096E-04
 2.77644E+00  5.13654E-04
 2.90756E+00  5.19263E-04
 3.04487E+00  5.32866E-04
 3.18867E+00  7.58982E-04
 3.33925E+00  8.98921E-04
 3.49695E+00  9.33182E-04
 3.66209E+00  9.42348E-04
 3.83504E+00  9.78065E-04
 4.01615E+00  9.61703E-04
 4.20581E+00  9.79067E-04
 4.40443E+00  9.66075E-04
 4.61243E+00  9.70752E-04
 4.83025E+00  9.78065E-04
 5.05836E+00  9.80642E-04
 5.29725E+00  9.65007E-04
 5.54741E+00  9.54500E-04
 5.80939E+00  9.76185E-04
 6.08374E+00  9.66569E-04
 6.37104E+00  9.75135E-04
 6.67191E+00  9.65311E-04
 6.98700E+00  9.75835E-04
 7.31696E+00  9.99712E-04
 7.66250E+00  1.04117E-03
 8.02437E+00  1.05074E-03
 8.40332E+00  1.05591E-03
 8.80017E+00  1.05255E-03
 9.21576E+00  1.03192E-03
 9.65097E+00  1.03990E-03
 1.01067E+01  1.02677E-03
 1.05840E+01  1.02179E-03
 1.10839E+01  1.01817E-03
 1.16073E+01  1.04408E-03
 1.21555E+01  1.03724E-03
 1.27295E+01  1.04502E-03
 1.33307E+01  1.07943E-03
 1.39602E+01  1.06535E-03
 1.46195E+01  1.02461E-03
 1.53099E+01  9.91190E-04
 1.60329E+01  9.22251E-04
 1.67901E+01  8.88797E-04
 1.75830E+01  8.71351E-04
 1.84133E+01  8.34598E-04
 1.92829E+01  7.57628E-04
 2.01935E+01  6.64453E-04
 2.11472E+01  6.34754E-04
 2.21459E+01  6.16218E-04
 2.31917E+01  5.98350E-04
 2.42869E+01  5.67044E-04
 2.54339E+01  5.48793E-04
 2.66350E+01  5.23922E-04
 2.78929E+01  4.74788E-04
 2.92101E+01  4.68432E-04
 3.05896E+01  4.50210E-04
 3.20342E+01  4.10503E-04
 3.35470E+01  4.14361E-04
 3.51312E+01  4.27467E-04
 3.67903E+01  3.89895E-04
 3.85277E+01  3.98442E-04
 4.03472E+01  4.45814E-04
 4.22526E+01  4.78629E-04
 4.42480E+01  5.37254E-04
 4.63376E+01  6.30249E-04
 4.85259E+01  7.31638E-04
 5.08176E+01  8.64672E-04
 5.32175E+01  1.01264E-03
 5.57307E+01  1.17922E-03
 5.83625E+01  1.38817E-03
 6.11187E+01  1.63516E-03
 6.40051E+01  1.95821E-03
 6.70277E+01  2.38583E-03
 7.01931E+01  3.00220E-03
 7.35080E+01  3.76783E-03
 7.69794E+01  4.70216E-03
 8.06148E+01  5.80982E-03
 8.44219E+01  6.85038E-03
 8.84087E+01  7.96831E-03
 9.25838E+01  9.05832E-03
 9.69561E+01  1.04833E-02
 1.01535E+02  1.19497E-02
 1.06330E+02  1.36917E-02
 1.11351E+02  1.58629E-02
 1.16610E+02  1.86724E-02
 1.22117E+02  2.23640E-02
 1.27884E+02  2.70386E-02
 1.33923E+02  3.31374E-02
 1.40248E+02  4.03727E-02
 1.46871E+02  4.90127E-02
 1.53807E+02  6.01205E-02
 1.61071E+02  7.10066E-02
 1.68677E+02  8.44069E-02
 1.76643E+02  9.97029E-02
 1.84985E+02  1.17902E-01
 1.93721E+02  1.39624E-01
 2.02869E+02  1.65113E-01
 2.12450E+02  1.94562E-01
 2.22483E+02  2.24271E-01
 2.32990E+02  2.62249E-01
 2.43993E+02  3.02063E-01
 2.55515E+02  3.44859E-01
 2.67582E+02  3.89242E-01
 2.80219E+02  4.36457E-01
 2.93452E+02  4.82379E-01
 3.07310E+02  5.29928E-01
 3.21823E+02  5.75091E-01
 3.37021E+02  6.17893E-01
 3.52937E+02  6.54437E-01
 3.69605E+02  6.87825E-01
 3.87059E+02  7.20400E-01
 4.05338E+02  7.43961E-01
 4.24480E+02  7.65288E-01
 4.44527E+02  7.80915E-01
 4.65519E+02  7.88065E-01
 4.87504E+02  7.90862E-01
 5.10526E+02  7.92388E-01
 5.34636E+02  7.87040E-01
 5.59884E+02  7.72848E-01
 5.86325E+02  7.58210E-01
 6.14014E+02  7.34036E-01
 6.43011E+02  7.07866E-01
 6.73377E+02  6.81167E-01
 7.05178E+02  6.49891E-01
 7.38480E+02  6.17073E-01
 7.73355E+02  5.82323E-01
 8.09877E+02  5.45312E-01
 8.48123E+02  5.08212E-01
 8.88176E+02  4.67933E-01
 9.30120E+02  4.34691E-01
 9.74045E+02  3.99527E-01
 1.02004E+03  3.60825E-01
 1.06822E+03  3.28952E-01
 1.11866E+03  2.99512E-01
 1.17149E+03  2.70612E-01
 1.22682E+03  2.40272E-01
 1.28475E+03  2.17151E-01
 1.34543E+03  1.91294E-01
 1.40896E+03  1.69645E-01
 1.47550E+03  1.49469E-01
 1.54518E+03  1.28300E-01
 1.61815E+03  1.13198E-01
 1.69457E+03  9.68122E-02
 1.77460E+03  8.54048E-02
 1.85840E+03  7.32490E-02
 1.94617E+03  6.41868E-02
 2.03808E+03  5.35138E-02
 2.13432E+03  4.64676E-02
 2.23512E+03  4.07164E-02
 2.34067E+03  3.42908E-02
 2.45121E+03  2.87575E-02
 2.56697E+03  2.55699E-02
 2.68820E+03  2.09703E-02
 2.81515E+03  1.77348E-02
 2.94809E+03  1.50259E-02
 3.08732E+03  1.23032E-02
 3.23312E+03  1.05806E-02
 3.38580E+03  8.92862E-03
 3.54570E+03  8.10892E-03
 3.71314E+03  6.76330E-03
 3.88850E+03  5.20263E-03
 4.07213E+03  4.71824E-03
 4.26444E+03  3.94946E-03
 4.46583E+03  2.69177E-03
 4.67673E+03  2.49091E-03
 4.89758E+03  2.08067E-03
 5.12887E+03  1.62679E-03
 5.37109E+03  1.63540E-03
 5.62474E+03  1.46332E-03
 5.89037E+03  1.00791E-03
 6.16854E+03  1.01673E-03
 6.45985E+03  5.72335E-04
 6.76492E+03  6.43785E-04
 7.08439E+03  6.29335E-04
 7.41895E+03  1.41244E-04
 7.76932E+03  4.43706E-04
 8.13622E+03  3.09786E-04
