 0  3.296E+00   2.019E+01   2.504E-02   7.671E-03   3.183E+01   9.341E+01   2.915E+02   2.974E+11   2.145E+12   9.375E+10   9.110E+08   5.171E+08   2.188E+10   2.706E+11   2.447E-01   7.368E-04   7.223E+01   7.929E+00  -1.980E+00
 1  1.996E+00   1.849E+01   1.654E-02   7.013E-03   3.109E+01   8.070E+01   2.214E+02   3.074E+11   1.243E+12   7.634E+10   1.001E+09   5.193E+08   2.480E+10   2.781E+11   1.992E-01   7.616E-04   6.289E+01   4.469E+00  -1.981E+00
 2  2.708E+00   3.485E+01   2.758E-02   1.361E-02   2.997E+01   1.138E+02   4.091E+02   4.383E+11   2.306E+12   1.264E+11   1.506E+09   8.203E+08   4.120E+10   3.996E+11   3.299E-01   1.086E-03   7.223E+01   5.772E+00  -2.023E+00
 3  1.014E+00   5.309E+00   6.367E-03   2.125E-03   3.092E+01   9.313E+01   9.580E+01   9.230E+10   6.513E+11   2.323E+10   2.347E+08   2.310E+08   7.018E+09   8.394E+10   6.062E-02   2.287E-04   7.921E+01   7.760E+00  -2.060E+00
 4  1.794E+00   1.228E+01   1.832E-02   5.783E-03   3.356E+01   9.679E+01   2.734E+02   1.714E+11   1.873E+12   8.466E+10   7.107E+08   8.538E+08   1.196E+10   1.563E+11   2.209E-01   4.247E-04   7.223E+01   1.199E+01  -1.959E+00
 5  5.979E+00   1.699E+01   1.919E-02   5.184E-03   3.111E+01   1.130E+02   3.313E+02   3.434E+11   3.115E+12   5.899E+10   4.502E+08   6.452E+08   3.095E+10   3.191E+11   1.540E-01   8.507E-04   8.687E+01   9.763E+00  -1.744E+00
 6  2.756E+00   1.210E+01   1.521E-02   4.975E-03   3.256E+01   1.357E+02   2.220E+02   2.122E+11   1.641E+12   6.502E+10   8.412E+08   4.930E+08   1.886E+10   1.939E+11   1.697E-01   5.259E-04   7.921E+01   8.465E+00  -1.919E+00
 7  4.362E-01   8.932E+00   5.125E-03   2.735E-03   2.945E+01   5.159E+01   5.007E+01   1.194E+11   2.362E+11   2.310E+10   2.624E+08   1.383E+08   9.395E+09   1.078E+11   6.029E-02   2.959E-04   5.476E+01   2.192E+00  -2.104E+00
 8  6.656E-01   1.547E+01   7.585E-03   4.334E-03   2.949E+01   5.343E+01   9.729E+01   2.058E+11   4.047E+11   3.721E+10   4.959E+08   3.059E+08   1.855E+10   1.872E+11   9.710E-02   5.100E-04   5.735E+01   2.162E+00  -2.096E+00
 9  2.541E+00   9.361E+00   1.710E-02   5.177E-03   3.212E+01   1.416E+02   4.287E+02   1.078E+11   3.223E+12   6.654E+10   4.980E+08   6.779E+08   6.563E+09   9.807E+10   1.737E-01   2.671E-04   8.295E+01   3.287E+01  -1.879E+00
10  1.325E+00   3.001E+00   6.814E-03   3.226E-03   3.007E+01   1.570E+02   1.766E+02   3.497E+10   1.363E+12   3.171E+10   1.473E+08   5.688E+08   1.719E+09   3.233E+10   8.274E-02   8.663E-05   8.687E+01   4.214E+01  -1.761E+00
11  3.169E+00   1.993E+01   1.519E-02   6.468E-03   3.049E+01   2.222E+02   3.096E+02   3.075E+11   2.830E+12   6.518E+10   6.928E+08   5.036E+08   2.474E+10   2.795E+11   1.701E-01   7.618E-04   9.097E+01   1.012E+01  -2.028E+00
12  1.452E+00   1.335E+01   1.169E-02   4.203E-03   3.224E+01   7.244E+01   2.072E+02   2.212E+11   9.929E+11   5.350E+10   6.323E+08   4.709E+08   1.797E+10   2.012E+11   1.396E-01   5.482E-04   6.897E+01   4.935E+00  -2.047E+00
13  5.082E-01   4.002E+00   4.075E-03   1.676E-03   2.895E+01   1.255E+02   9.328E+01   4.620E+10   6.764E+11   1.356E+10   1.130E+08   2.027E+08   2.998E+09   4.198E+10   3.539E-02   1.145E-04   9.097E+01   1.611E+01  -2.009E+00
14  7.011E+00   5.015E+01   5.199E-02   1.663E-02   3.256E+01   2.311E+02   6.722E+02   6.226E+11   6.047E+12   1.802E+11   1.746E+09   8.559E+08   4.861E+10   5.677E+11   4.703E-01   1.542E-03   8.295E+01   1.065E+01  -1.877E+00
15  3.761E+00   3.064E+01   2.648E-02   9.730E-03   3.128E+01   1.401E+02   3.431E+02   4.914E+11   3.209E+12   1.132E+11   1.397E+09   6.050E+08   4.755E+10   4.503E+11   2.954E-01   1.218E-03   7.564E+01   7.127E+00  -1.991E+00
16  9.458E-01   5.386E+00   5.486E-03   1.550E-03   3.224E+01   8.173E+01   6.426E+01   7.508E+10   4.537E+11   2.061E+10   1.073E+08   4.343E+07   5.569E+09   6.889E+10   5.380E-02   1.860E-04   6.897E+01   6.587E+00  -1.952E+00
17  1.368E+00   1.571E+01   1.322E-02   4.014E-03   3.187E+01   9.543E+01   1.871E+02   2.423E+11   1.167E+12   4.884E+10   6.354E+08   2.713E+08   2.027E+10   2.202E+11   1.275E-01   6.004E-04   7.223E+01   5.297E+00  -2.062E+00
18  2.639E-01   4.789E+00   2.913E-03   1.292E-03   3.007E+01   5.581E+01   3.608E+01   5.862E+10   1.947E+11   1.286E+10   1.075E+08   4.721E+07   4.770E+09   5.331E+10   3.356E-02   1.453E-04   6.006E+01   3.653E+00  -1.993E+00
19  3.352E+00   1.947E+01   1.717E-02   4.568E-03   3.276E+01   1.925E+02   6.098E+02   3.234E+11   4.231E+12   5.327E+10   5.485E+08   1.582E+08   2.125E+10   2.922E+11   1.390E-01   8.014E-04   1.146E+02   1.448E+01  -2.000E+00
20  1.724E+00   2.097E+01   1.603E-02   4.879E-03   3.095E+01   1.210E+02   3.832E+02   3.087E+11   2.175E+12   5.431E+10   4.971E+08   1.594E+08   2.429E+10   2.820E+11   1.417E-01   7.648E-04   8.687E+01   7.712E+00  -2.050E+00
21  4.912E-01   4.989E+00   4.219E-03   1.690E-03   2.973E+01   8.763E+01   6.728E+01   7.216E+10   4.609E+11   1.615E+10   1.897E+08   1.386E+08   5.827E+09   6.552E+10   4.214E-02   1.788E-04   7.564E+01   7.034E+00  -1.973E+00
22  1.286E+00   4.964E+00   6.984E-03   1.154E-03   3.188E+01   1.524E+02   1.709E+02   9.327E+10   1.322E+12   1.419E+10   1.688E+08   7.931E+07   8.630E+09   8.517E+10   3.703E-02   2.311E-04   9.527E+01   1.552E+01  -1.849E+00
23  4.315E-01   8.278E+00   5.032E-03   2.189E-03   3.161E+01   4.873E+01   6.499E+01   1.220E+11   2.729E+11   2.546E+10   4.224E+08   1.667E+08   1.224E+10   1.104E+11   6.644E-02   3.023E-04   5.476E+01   2.471E+00  -2.084E+00
24  4.660E+00   9.937E+00   7.218E-03   2.160E-03   5.313E+01   2.463E+02   3.367E+02   3.105E+11   6.093E+12   3.867E+10   2.753E+08   1.096E+08   1.760E+10   2.840E+11   1.009E-01   7.692E-04   1.583E+02   2.146E+01  -1.664E+00
25  6.421E-01   1.290E+01   7.659E-03   4.013E-03   2.922E+01   4.718E+01   7.862E+01   1.504E+11   3.026E+11   3.264E+10   4.269E+08   1.435E+08   1.146E+10   1.365E+11   8.518E-02   3.725E-04   5.476E+01   2.218E+00  -1.967E+00
26  1.066E+00   8.082E+00   9.481E-03   2.657E-03   3.168E+01   1.201E+02   1.170E+02   1.231E+11   7.821E+11   3.187E+10   3.670E+08   1.547E+08   8.570E+09   1.115E+11   8.318E-02   3.051E-04   7.564E+01   7.018E+00  -1.978E+00
27  6.517E-01   4.815E+00   6.041E-03   1.646E-03   3.161E+01   8.915E+01   8.421E+01   6.701E+10   5.502E+11   2.026E+10   1.758E+08   9.333E+07   4.226E+09   6.139E+10   5.286E-02   1.660E-04   7.564E+01   8.962E+00  -1.938E+00
28  3.094E+00   1.065E+01   9.548E-03   2.573E-03   3.388E+01   3.045E+02   2.772E+02   2.460E+11   4.457E+12   4.078E+10   4.310E+08   1.909E+08   2.097E+10   2.254E+11   1.064E-01   6.096E-04   1.045E+02   1.977E+01  -1.847E+00
29  2.823E-01   4.437E+00   3.158E-03   1.320E-03   3.139E+01   5.695E+01   4.022E+01   6.805E+10   2.062E+11   1.514E+10   2.153E+08   8.057E+07   5.640E+09   6.196E+10   3.951E-02   1.686E-04   6.006E+01   3.328E+00  -2.028E+00
