-1.14898E+03  0.00000E+00
-1.12600E+03  9.26770E-04
-1.10302E+03  1.25709E-03
-1.08004E+03  1.62447E-03
-1.05706E+03  1.98514E-03
-1.03408E+03  4.13139E-03
-1.01110E+03  2.99425E-03
-9.88123E+02  3.48570E-03
-9.65143E+02  4.44030E-03
-9.42164E+02  4.02042E-03
-9.19184E+02  4.15236E-03
-8.96204E+02  4.48552E-03
-8.73225E+02  3.11187E-02
-8.50245E+02  6.71478E-03
-8.27266E+02  6.21538E-03
-8.04286E+02  1.06051E-02
-7.81306E+02  1.03080E-02
-7.58327E+02  1.12811E-02
-7.35347E+02  2.47693E-02
-7.12368E+02  4.37360E-02
-6.89388E+02  3.78869E-02
-6.66408E+02  3.53312E-02
-6.43429E+02  5.06596E-02
-6.20449E+02  7.87153E-02
-5.97470E+02  1.17525E-01
-5.74490E+02  1.68631E-01
-5.51510E+02  2.44378E-01
-5.28531E+02  3.95194E-01
-5.05551E+02  7.99884E-01
-4.82572E+02  5.19076E-01
-4.59592E+02  5.90792E-01
-4.36612E+02  6.60639E-01
-4.13633E+02  7.26367E-01
-3.90653E+02  7.78040E-01
-3.67674E+02  8.42540E-01
-3.44694E+02  9.05077E-01
-3.21714E+02  9.59162E-01
-2.98735E+02  1.03175E+00
-2.75755E+02  1.12606E+00
-2.52776E+02  1.21794E+00
-2.29796E+02  1.44623E+00
-2.06816E+02  1.44058E+00
-1.83837E+02  1.32004E+00
-1.60857E+02  1.32870E+00
-1.37878E+02  1.32502E+00
-1.14898E+02  1.28467E+00
-9.19184E+01  1.28165E+00
-6.89388E+01  1.25473E+00
-4.59592E+01  1.20634E+00
-2.29796E+01  1.20834E+00
 7.45058E-13  1.49823E+00
 2.29796E+01  1.27815E+00
 4.59592E+01  1.21936E+00
 6.89388E+01  1.21902E+00
 9.19184E+01  1.21514E+00
 1.14898E+02  1.21947E+00
 1.37878E+02  1.24032E+00
 1.60857E+02  1.28133E+00
 1.83837E+02  1.34404E+00
 2.06816E+02  1.45055E+00
 2.29796E+02  1.58470E+00
 2.52776E+02  1.72639E+00
 2.75755E+02  1.84399E+00
 2.98735E+02  1.88858E+00
 3.21714E+02  1.85518E+00
 3.44694E+02  1.73913E+00
 3.67674E+02  1.55494E+00
 3.90653E+02  1.32918E+00
 4.13633E+02  1.08427E+00
 4.36612E+02  8.40819E-01
 4.59592E+02  6.15423E-01
 4.82572E+02  6.03676E-01
 5.05551E+02  3.88033E-01
 5.28531E+02  1.63768E-01
 5.51510E+02  9.50174E-02
 5.74490E+02  5.45193E-02
 5.97470E+02  3.25629E-02
 6.20449E+02  2.18202E-02
 6.43429E+02  1.96678E-02
 6.66408E+02  1.56763E-02
 6.89388E+02  1.26564E-02
 7.12368E+02  1.15763E-02
 7.35347E+02  1.06929E-02
 7.58327E+02  1.00100E-02
 7.81306E+02  9.43746E-03
 8.04286E+02  8.63533E-03
 8.27266E+02  7.49415E-03
 8.50245E+02  6.26045E-03
 8.73225E+02  6.67918E-03
 8.96204E+02  4.49898E-03
 9.19184E+02  4.04573E-03
 9.42164E+02  3.86980E-03
 9.65143E+02  3.75751E-03
 9.88123E+02  3.64723E-03
 1.01110E+03  3.45867E-03
 1.03408E+03  3.10821E-03
 1.05706E+03  2.62342E-03
 1.08004E+03  2.17417E-03
 1.10302E+03  1.93518E-03
 1.12600E+03  1.92777E-03
 1.14898E+03  2.01526E-03
