-8.50696E+02  0.00000E+00
-8.33682E+02  1.59815E-09
-8.16668E+02  8.03000E-09
-7.99654E+02  3.33910E-08
-7.82640E+02  1.16301E-07
-7.65626E+02  3.54704E-07
-7.48612E+02  1.02166E-06
-7.31599E+02  2.99905E-06
-7.14585E+02  9.12440E-06
-6.97571E+02  2.76255E-05
-6.80557E+02  7.99233E-05
-6.63543E+02  2.16706E-04
-6.46529E+02  5.45095E-04
-6.29515E+02  1.25751E-03
-6.12501E+02  2.63931E-03
-5.95487E+02  5.11570E-03
-5.78473E+02  9.46595E-03
-5.61459E+02  1.77944E-02
-5.44445E+02  3.52438E-02
-5.27432E+02  7.17010E-02
-5.10418E+02  1.41176E-01
-4.93404E+02  2.56850E-01
-4.76390E+02  4.23031E-01
-4.59376E+02  6.29441E-01
-4.42362E+02  8.52106E-01
-4.25348E+02  1.06383E+00
-4.08334E+02  1.24470E+00
-3.91320E+02  1.38773E+00
-3.74306E+02  1.49826E+00
-3.57292E+02  1.59400E+00
-3.40278E+02  1.69979E+00
-3.23264E+02  1.83903E+00
-3.06251E+02  2.02839E+00
-2.89237E+02  2.27436E+00
-2.72223E+02  2.56476E+00
-2.55209E+02  2.89619E+00
-2.38195E+02  3.23366E+00
-2.21181E+02  3.51309E+00
-2.04167E+02  3.71696E+00
-1.87153E+02  3.83860E+00
-1.70139E+02  3.89019E+00
-1.53125E+02  3.89053E+00
-1.36111E+02  3.84745E+00
-1.19097E+02  3.75727E+00
-1.02084E+02  3.61650E+00
-8.50696E+01  3.43383E+00
-6.80557E+01  3.23342E+00
-5.10418E+01  3.04877E+00
-3.40278E+01  2.89964E+00
-1.70139E+01  2.78218E+00
 1.62981E-13  2.66968E+00
 1.70139E+01  2.53264E+00
 3.40278E+01  2.35857E+00
 5.10418E+01  2.15831E+00
 6.80557E+01  1.95601E+00
 8.50696E+01  1.77345E+00
 1.02084E+02  1.62000E+00
 1.19097E+02  1.49056E+00
 1.36111E+02  1.37503E+00
 1.53125E+02  1.27050E+00
 1.70139E+02  1.18633E+00
 1.87153E+02  1.13828E+00
 2.04167E+02  1.13798E+00
 2.21181E+02  1.19021E+00
 2.38195E+02  1.29057E+00
 2.55209E+02  1.42422E+00
 2.72223E+02  1.56620E+00
 2.89237E+02  1.68595E+00
 3.06251E+02  1.75660E+00
 3.23264E+02  1.76303E+00
 3.40278E+02  1.70556E+00
 3.57292E+02  1.59996E+00
 3.74306E+02  1.47140E+00
 3.91320E+02  1.34594E+00
 4.08334E+02  1.23968E+00
 4.25348E+02  1.15449E+00
 4.42362E+02  1.07954E+00
 4.59376E+02  9.95782E-01
 4.76390E+02  8.87325E-01
 4.93404E+02  7.50371E-01
 5.10418E+02  5.95823E-01
 5.27432E+02  4.43538E-01
 5.44445E+02  3.11883E-01
 5.61459E+02  2.10250E-01
 5.78473E+02  1.38207E-01
 5.95487E+02  8.97289E-02
 6.12501E+02  5.77392E-02
 6.29515E+02  3.66477E-02
 6.46529E+02  2.27701E-02
 6.63543E+02  1.37911E-02
 6.80557E+02  8.16565E-03
 6.97571E+02  4.75261E-03
 7.14585E+02  2.70409E-03
 7.31599E+02  1.46893E-03
 7.48612E+02  7.43147E-04
 7.65626E+02  3.43235E-04
 7.82640E+02  1.46072E-04
 7.99654E+02  6.42480E-05
 8.16668E+02  3.18452E-05
 8.33682E+02  1.78038E-05
 8.50696E+02  1.06536E-05
