-1.09415E+03  0.00000E+00
-1.07227E+03  8.73811E-04
-1.05038E+03  1.56901E-03
-1.02850E+03  2.62183E-03
-1.00662E+03  4.02689E-03
-9.84735E+02  5.74222E-03
-9.62852E+02  7.80303E-03
-9.40969E+02  1.03545E-02
-9.19086E+02  1.34617E-02
-8.97203E+02  1.70073E-02
-8.75320E+02  2.06691E-02
-8.53437E+02  2.43554E-02
-8.31554E+02  2.83758E-02
-8.09671E+02  3.34791E-02
-7.87788E+02  4.02934E-02
-7.65905E+02  4.89893E-02
-7.44022E+02  5.87847E-02
-7.22139E+02  6.80834E-02
-7.00256E+02  7.51336E-02
-6.78373E+02  7.97452E-02
-6.56490E+02  8.37950E-02
-6.34607E+02  8.98894E-02
-6.12724E+02  1.00748E-01
-5.90841E+02  1.19985E-01
-5.68958E+02  1.51003E-01
-5.47075E+02  1.96944E-01
-5.25192E+02  2.58816E-01
-5.03309E+02  3.31935E-01
-4.81426E+02  4.03812E-01
-4.59543E+02  4.57151E-01
-4.37660E+02  4.78398E-01
-4.15777E+02  4.67225E-01
-3.93894E+02  4.38627E-01
-3.72011E+02  4.16219E-01
-3.50128E+02  4.26121E-01
-3.28245E+02  4.89191E-01
-3.06362E+02  6.18297E-01
-2.84479E+02  8.13506E-01
-2.62596E+02  1.05467E+00
-2.40713E+02  1.30347E+00
-2.18830E+02  1.51782E+00
-1.96947E+02  1.65797E+00
-1.75064E+02  1.70371E+00
-1.53181E+02  1.65181E+00
-1.31298E+02  1.52230E+00
-1.09415E+02  1.35341E+00
-8.75320E+01  1.19492E+00
-6.56490E+01  1.08840E+00
-4.37660E+01  1.04753E+00
-2.18830E+01  1.05536E+00
 1.19209E-12  1.08119E+00
 2.18830E+01  1.09962E+00
 4.37660E+01  1.10434E+00
 6.56490E+01  1.10290E+00
 8.75320E+01  1.10748E+00
 1.09415E+02  1.12586E+00
 1.31298E+02  1.15942E+00
 1.53181E+02  1.20190E+00
 1.75064E+02  1.24175E+00
 1.96947E+02  1.27244E+00
 2.18830E+02  1.28859E+00
 2.40713E+02  1.28319E+00
 2.62596E+02  1.24944E+00
 2.84479E+02  1.18417E+00
 3.06362E+02  1.09139E+00
 3.28245E+02  9.80950E-01
 3.50128E+02  8.63515E-01
 3.72011E+02  7.49802E-01
 3.93894E+02  6.45824E-01
 4.15777E+02  5.55034E-01
 4.37660E+02  4.77792E-01
 4.59543E+02  4.12508E-01
 4.81426E+02  3.55150E-01
 5.03309E+02  3.02984E-01
 5.25192E+02  2.56241E-01
 5.47075E+02  2.16619E-01
 5.68958E+02  1.84980E-01
 5.90841E+02  1.59713E-01
 6.12724E+02  1.38117E-01
 6.34607E+02  1.18438E-01
 6.56490E+02  1.00424E-01
 6.78373E+02  8.44527E-02
 7.00256E+02  7.04146E-02
 7.22139E+02  5.76099E-02
 7.44022E+02  4.53704E-02
 7.65905E+02  3.39600E-02
 7.87788E+02  2.40943E-02
 8.09671E+02  1.63071E-02
 8.31554E+02  1.05387E-02
 8.53437E+02  6.40350E-03
 8.75320E+02  3.56335E-03
 8.97203E+02  1.76755E-03
 9.19086E+02  7.70037E-04
 9.40969E+02  2.96345E-04
 9.62852E+02  1.03776E-04
 9.84735E+02  3.45487E-05
 1.00662E+03  1.12074E-05
 1.02850E+03  3.46180E-06
 1.05038E+03  9.65301E-07
 1.07227E+03  2.31490E-07
 1.09415E+03  4.63056E-08
