-7.61684E+02  0.00000E+00
-7.46450E+02  4.98514E-06
-7.31216E+02  6.05718E-06
-7.15983E+02  8.15571E-06
-7.00749E+02  1.22227E-05
-6.85515E+02  1.86210E-05
-6.70282E+02  2.64316E-05
-6.55048E+02  3.39912E-05
-6.39814E+02  4.17543E-05
-6.24581E+02  5.84380E-05
-6.09347E+02  1.10617E-04
-5.94113E+02  2.53578E-04
-5.78880E+02  5.83163E-04
-5.63646E+02  1.24669E-03
-5.48412E+02  2.45367E-03
-5.33179E+02  4.45156E-03
-5.17945E+02  7.45756E-03
-5.02711E+02  1.15880E-02
-4.87478E+02  1.68615E-02
-4.72244E+02  2.33995E-02
-4.57010E+02  3.16633E-02
-4.41777E+02  4.26284E-02
-4.26543E+02  5.77585E-02
-4.11309E+02  7.90239E-02
-3.96076E+02  1.09013E-01
-3.80842E+02  1.51119E-01
-3.65608E+02  2.09500E-01
-3.50374E+02  2.87820E-01
-3.35141E+02  3.86562E-01
-3.19907E+02  5.01967E-01
-3.04673E+02  6.27182E-01
-2.89440E+02  7.58169E-01
-2.74206E+02  8.97504E-01
-2.58972E+02  1.05227E+00
-2.43739E+02  1.22547E+00
-2.28505E+02  1.40492E+00
-2.13271E+02  1.56160E+00
-1.98038E+02  1.66451E+00
-1.82804E+02  1.69799E+00
-1.67570E+02  1.67145E+00
-1.52337E+02  1.61422E+00
-1.37103E+02  1.55906E+00
-1.21869E+02  1.52605E+00
-1.06636E+02  1.51430E+00
-9.14020E+01  1.50561E+00
-7.61684E+01  1.47883E+00
-6.09347E+01  1.41918E+00
-4.57010E+01  1.32330E+00
-3.04673E+01  1.19788E+00
-1.52337E+01  1.05582E+00
-1.86265E-14  9.12417E-01
 1.52337E+01  7.84150E-01
 3.04673E+01  6.83807E-01
 4.57010E+01  6.17617E-01
 6.09347E+01  5.85496E-01
 7.61684E+01  5.80557E-01
 9.14020E+01  5.90715E-01
 1.06636E+02  6.02494E-01
 1.21869E+02  6.06041E-01
 1.37103E+02  5.97126E-01
 1.52337E+02  5.76892E-01
 1.67570E+02  5.48852E-01
 1.82804E+02  5.15887E-01
 1.98038E+02  4.81050E-01
 2.13271E+02  4.48496E-01
 2.28505E+02  4.23913E-01
 2.43739E+02  4.12741E-01
 2.58972E+02  4.18300E-01
 2.74206E+02  4.40240E-01
 2.89440E+02  4.74205E-01
 3.04673E+02  5.12118E-01
 3.19907E+02  5.43552E-01
 3.35141E+02  5.59888E-01
 3.50374E+02  5.59559E-01
 3.65608E+02  5.45480E-01
 3.80842E+02  5.22279E-01
 3.96076E+02  4.93280E-01
 4.11309E+02  4.60928E-01
 4.26543E+02  4.26523E-01
 4.41777E+02  3.91679E-01
 4.57010E+02  3.57712E-01
 4.72244E+02  3.24786E-01
 4.87478E+02  2.92013E-01
 5.02711E+02  2.58738E-01
 5.17945E+02  2.25099E-01
 5.33179E+02  1.91693E-01
 5.48412E+02  1.59074E-01
 5.63646E+02  1.27839E-01
 5.78880E+02  9.90166E-02
 5.94113E+02  7.39416E-02
 6.09347E+02  5.36189E-02
 6.24581E+02  3.81457E-02
 6.39814E+02  2.67379E-02
 6.55048E+02  1.83463E-02
 6.70282E+02  1.21708E-02
 6.85515E+02  7.73141E-03
 7.00749E+02  4.67978E-03
 7.15983E+02  2.68868E-03
 7.31216E+02  1.45105E-03
 7.46450E+02  7.21846E-04
 7.61684E+02  3.23077E-04
