-9.17445E+02  0.00000E+00
-8.99096E+02  7.52657E-05
-8.80748E+02  1.19771E-04
-8.62399E+02  1.78361E-04
-8.44050E+02  2.71224E-04
-8.25701E+02  4.36527E-04
-8.07352E+02  7.24981E-04
-7.89003E+02  1.23444E-03
-7.70654E+02  2.19799E-03
-7.52305E+02  4.03911E-03
-7.33956E+02  7.30762E-03
-7.15607E+02  1.25045E-02
-6.97258E+02  1.98285E-02
-6.78910E+02  2.92858E-02
-6.60561E+02  4.12891E-02
-6.42212E+02  5.69454E-02
-6.23863E+02  7.80144E-02
-6.05514E+02  1.06163E-01
-5.87165E+02  1.42258E-01
-5.68816E+02  1.84922E-01
-5.50467E+02  2.32455E-01
-5.32118E+02  2.80174E-01
-5.13769E+02  3.21773E-01
-4.95420E+02  3.54401E-01
-4.77072E+02  3.81171E-01
-4.58723E+02  4.03760E-01
-4.40374E+02  4.22759E-01
-4.22025E+02  4.40083E-01
-4.03676E+02  4.57832E-01
-3.85327E+02  4.80355E-01
-3.66978E+02  5.13793E-01
-3.48629E+02  5.62603E-01
-3.30280E+02  6.25693E-01
-3.11931E+02  6.97504E-01
-2.93583E+02  7.70235E-01
-2.75234E+02  8.39410E-01
-2.56885E+02  9.06762E-01
-2.38536E+02  9.79068E-01
-2.20187E+02  1.06410E+00
-2.01838E+02  1.16594E+00
-1.83489E+02  1.28321E+00
-1.65140E+02  1.40912E+00
-1.46791E+02  1.53544E+00
-1.28442E+02  1.65348E+00
-1.10093E+02  1.75366E+00
-9.17445E+01  1.82786E+00
-7.33956E+01  1.87303E+00
-5.50467E+01  1.89410E+00
-3.66978E+01  1.90267E+00
-1.83489E+01  1.90985E+00
 4.51691E-13  1.91750E+00
 1.83489E+01  1.91580E+00
 3.66978E+01  1.89126E+00
 5.50467E+01  1.83170E+00
 7.33956E+01  1.73395E+00
 9.17445E+01  1.60119E+00
 1.10093E+02  1.44813E+00
 1.28442E+02  1.29603E+00
 1.46791E+02  1.17205E+00
 1.65140E+02  1.09433E+00
 1.83489E+02  1.06688E+00
 2.01838E+02  1.08230E+00
 2.20187E+02  1.12512E+00
 2.38536E+02  1.17639E+00
 2.56885E+02  1.21866E+00
 2.75234E+02  1.23861E+00
 2.93583E+02  1.22813E+00
 3.11931E+02  1.18062E+00
 3.30280E+02  1.09248E+00
 3.48629E+02  9.65803E-01
 3.66978E+02  8.13929E-01
 3.85327E+02  6.59154E-01
 4.03676E+02  5.21771E-01
 4.22025E+02  4.11426E-01
 4.40374E+02  3.25368E-01
 4.58723E+02  2.54293E-01
 4.77072E+02  1.91117E-01
 4.95420E+02  1.34008E-01
 5.13769E+02  8.56049E-02
 5.32118E+02  4.91700E-02
 5.50467E+02  2.54397E-02
 5.68816E+02  1.21155E-02
 5.87165E+02  5.61036E-03
 6.05514E+02  2.71959E-03
 6.23863E+02  1.46378E-03
 6.42212E+02  8.79715E-04
 6.60561E+02  5.76061E-04
 6.78910E+02  3.98509E-04
 6.97258E+02  2.84367E-04
 7.15607E+02  2.25459E-04
 7.33956E+02  2.21406E-04
 7.52305E+02  2.61493E-04
 7.70654E+02  3.16692E-04
 7.89003E+02  3.51331E-04
 8.07352E+02  3.45052E-04
 8.25701E+02  3.07714E-04
 8.44050E+02  2.73804E-04
 8.62399E+02  2.68952E-04
 8.80748E+02  2.91546E-04
 8.99096E+02  3.08371E-04
 9.17445E+02  2.87334E-04
