-4.24843E+02  0.00000E+00
-4.16346E+02  1.90597E-05
-4.07849E+02  3.64641E-05
-3.99352E+02  7.08869E-05
-3.90855E+02  1.30341E-04
-3.82359E+02  2.19190E-04
-3.73862E+02  3.28152E-04
-3.65365E+02  4.26769E-04
-3.56868E+02  4.84155E-04
-3.48371E+02  4.99547E-04
-3.39874E+02  4.94893E-04
-3.31377E+02  4.96716E-04
-3.22881E+02  5.31534E-04
-3.14384E+02  6.09591E-04
-3.05887E+02  7.19971E-04
-2.97390E+02  8.60078E-04
-2.88893E+02  1.05492E-03
-2.80396E+02  1.34401E-03
-2.71899E+02  1.78874E-03
-2.63403E+02  2.48864E-03
-2.54906E+02  3.59402E-03
-2.46409E+02  5.34307E-03
-2.37912E+02  8.15156E-03
-2.29415E+02  1.27352E-02
-2.20918E+02  2.01626E-02
-2.12421E+02  3.17658E-02
-2.03925E+02  4.89093E-02
-1.95428E+02  7.26725E-02
-1.86931E+02  1.03498E-01
-1.78434E+02  1.40809E-01
-1.69937E+02  1.82877E-01
-1.61440E+02  2.27222E-01
-1.52943E+02  2.71026E-01
-1.44447E+02  3.11592E-01
-1.35950E+02  3.46398E-01
-1.27453E+02  3.72948E-01
-1.18956E+02  3.89062E-01
-1.10459E+02  3.93397E-01
-1.01962E+02  3.86366E-01
-9.34654E+01  3.70359E-01
-8.49686E+01  3.49248E-01
-7.64717E+01  3.27141E-01
-6.79749E+01  3.07324E-01
-5.94780E+01  2.91417E-01
-5.09811E+01  2.79338E-01
-4.24843E+01  2.70225E-01
-3.39874E+01  2.64035E-01
-2.54906E+01  2.61675E-01
-1.69937E+01  2.63856E-01
-8.49686E+00  2.70289E-01
 2.09548E-14  2.79069E-01
 8.49686E+00  2.87355E-01
 1.69937E+01  2.92252E-01
 2.54906E+01  2.92404E-01
 3.39874E+01  2.88661E-01
 4.24843E+01  2.83329E-01
 5.09811E+01  2.78408E-01
 5.94780E+01  2.74347E-01
 6.79749E+01  2.69673E-01
 7.64717E+01  2.61746E-01
 8.49686E+01  2.48125E-01
 9.34654E+01  2.27635E-01
 1.01962E+02  2.00535E-01
 1.10459E+02  1.68512E-01
 1.18956E+02  1.34339E-01
 1.27453E+02  1.01249E-01
 1.35950E+02  7.20397E-02
 1.44447E+02  4.88212E-02
 1.52943E+02  3.22518E-02
 1.61440E+02  2.14404E-02
 1.69937E+02  1.48048E-02
 1.78434E+02  1.09814E-02
 1.86931E+02  8.89715E-03
 1.95428E+02  7.80352E-03
 2.03925E+02  7.21425E-03
 2.12421E+02  6.80790E-03
 2.20918E+02  6.36451E-03
 2.29415E+02  5.79456E-03
 2.37912E+02  5.15122E-03
 2.46409E+02  4.58770E-03
 2.54906E+02  4.25016E-03
 2.63403E+02  4.18182E-03
 2.71899E+02  4.27762E-03
 2.80396E+02  4.33109E-03
 2.88893E+02  4.15646E-03
 2.97390E+02  3.68244E-03
 3.05887E+02  2.96983E-03
 3.14384E+02  2.16453E-03
 3.22881E+02  1.41978E-03
 3.31377E+02  8.37295E-04
 3.39874E+02  4.47225E-04
 3.48371E+02  2.22047E-04
 3.56868E+02  1.08442E-04
 3.65365E+02  5.68065E-05
 3.73862E+02  3.41920E-05
 3.82359E+02  2.28811E-05
 3.90855E+02  1.57636E-05
 3.99352E+02  1.07542E-05
 4.07849E+02  6.96633E-06
 4.16346E+02  4.26988E-06
 4.24843E+02  2.85310E-06
