-1.09406E+03  0.00000E+00
-1.07218E+03  6.14849E-03
-1.05030E+03  9.96518E-03
-1.02842E+03  1.52419E-02
-1.00654E+03  2.12825E-02
-9.84656E+02  2.45626E-02
-9.62774E+02  3.14425E-02
-9.40893E+02  3.88844E-02
-9.19012E+02  3.49683E-02
-8.97131E+02  4.31787E-02
-8.75249E+02  3.93237E-02
-8.53368E+02  3.42231E-02
-8.31487E+02  3.06926E-02
-8.09606E+02  3.83682E-02
-7.87724E+02  5.31626E-02
-7.65843E+02  7.54782E-02
-7.43962E+02  1.01259E-01
-7.22081E+02  1.10501E-01
-7.00200E+02  1.03424E-01
-6.78318E+02  9.92777E-02
-6.56437E+02  8.73683E-02
-6.34556E+02  8.01617E-02
-6.12675E+02  7.90191E-02
-5.90793E+02  8.29150E-02
-5.68912E+02  9.59070E-02
-5.47031E+02  9.52420E-02
-5.25150E+02  1.02677E-01
-5.03268E+02  1.21018E-01
-4.81387E+02  1.29642E-01
-4.59506E+02  1.55012E-01
-4.37625E+02  1.93883E-01
-4.15743E+02  2.30578E-01
-3.93862E+02  2.69024E-01
-3.71981E+02  3.09170E-01
-3.50100E+02  3.23939E-01
-3.28219E+02  3.49034E-01
-3.06337E+02  3.74765E-01
-2.84456E+02  4.03719E-01
-2.62575E+02  4.64155E-01
-2.40694E+02  5.50391E-01
-2.18812E+02  6.08348E-01
-1.96931E+02  6.87261E-01
-1.75050E+02  7.41498E-01
-1.53169E+02  7.60410E-01
-1.31287E+02  7.59422E-01
-1.09406E+02  7.27176E-01
-8.75249E+01  6.88449E-01
-6.56437E+01  6.68912E-01
-4.37625E+01  6.51684E-01
-2.18812E+01  6.52577E-01
-1.12690E-12  6.15225E-01
 2.18812E+01  5.93693E-01
 4.37625E+01  5.71495E-01
 6.56437E+01  5.64284E-01
 8.75249E+01  5.50395E-01
 1.09406E+02  5.42413E-01
 1.31287E+02  5.00078E-01
 1.53169E+02  4.91497E-01
 1.75050E+02  4.83566E-01
 1.96931E+02  4.78839E-01
 2.18812E+02  4.74507E-01
 2.40694E+02  4.69448E-01
 2.62575E+02  4.59792E-01
 2.84456E+02  4.39457E-01
 3.06337E+02  4.01976E-01
 3.28219E+02  3.68973E-01
 3.50100E+02  3.16877E-01
 3.71981E+02  2.70911E-01
 3.93862E+02  2.26755E-01
 4.15743E+02  1.93277E-01
 4.37625E+02  1.65412E-01
 4.59506E+02  1.42178E-01
 4.81387E+02  1.23894E-01
 5.03268E+02  1.13535E-01
 5.25150E+02  1.02728E-01
 5.47031E+02  9.05956E-02
 5.68912E+02  7.92988E-02
 5.90793E+02  6.93929E-02
 6.12675E+02  5.13740E-02
 6.34556E+02  3.77078E-02
 6.56437E+02  2.57056E-02
 6.78318E+02  1.84780E-02
 7.00200E+02  1.39586E-02
 7.22081E+02  9.62775E-03
 7.43962E+02  6.88374E-03
 7.65843E+02  4.78361E-03
 7.87724E+02  3.38665E-03
 8.09606E+02  2.85984E-03
 8.31487E+02  3.15908E-03
 8.53368E+02  3.83948E-03
 8.75249E+02  4.71772E-03
 8.97131E+02  5.46652E-03
 9.19012E+02  5.49126E-03
 9.40893E+02  4.64885E-03
 9.62774E+02  3.28322E-03
 9.84656E+02  1.92323E-03
 1.00654E+03  9.32268E-04
 1.02842E+03  3.73136E-04
 1.05030E+03  1.22892E-04
 1.07218E+03  3.31499E-05
 1.09406E+03  7.28492E-06
