-1.24857E+03  0.00000E+00
-1.22360E+03  1.73543E-04
-1.19863E+03  3.70041E-04
-1.17366E+03  7.39901E-04
-1.14869E+03  1.27507E-03
-1.12372E+03  1.85849E-03
-1.09874E+03  2.28535E-03
-1.07377E+03  2.36037E-03
-1.04880E+03  2.07836E-03
-1.02383E+03  1.61243E-03
-9.98858E+02  1.22730E-03
-9.73887E+02  1.13494E-03
-9.48915E+02  1.42833E-03
-9.23944E+02  2.08319E-03
-8.98973E+02  3.23261E-03
-8.74001E+02  3.62156E-03
-8.49030E+02  3.99699E-03
-8.24058E+02  3.98407E-03
-7.99087E+02  3.73816E-03
-7.74115E+02  3.52941E-03
-7.49144E+02  3.63355E-03
-7.24172E+02  4.27186E-03
-6.99201E+02  5.62405E-03
-6.74229E+02  8.18051E-03
-6.49258E+02  1.15877E-02
-6.24286E+02  1.64815E-02
-5.99315E+02  2.33773E-02
-5.74344E+02  3.06935E-02
-5.49372E+02  3.99963E-02
-5.24401E+02  4.95457E-02
-4.99429E+02  6.18849E-02
-4.74458E+02  7.69552E-02
-4.49486E+02  9.34605E-02
-4.24515E+02  1.15445E-01
-3.99543E+02  1.42090E-01
-3.74572E+02  1.67533E-01
-3.49600E+02  1.88433E-01
-3.24629E+02  2.00481E-01
-2.99658E+02  2.11704E-01
-2.74686E+02  2.25089E-01
-2.49715E+02  2.37224E-01
-2.24743E+02  2.59149E-01
-1.99772E+02  2.77785E-01
-1.74800E+02  3.08527E-01
-1.49829E+02  3.29481E-01
-1.24857E+02  3.46485E-01
-9.98858E+01  3.47671E-01
-7.49144E+01  3.40978E-01
-4.99429E+01  3.29748E-01
-2.49715E+01  3.22999E-01
 9.49949E-13  3.08631E-01
 2.49715E+01  3.02692E-01
 4.99429E+01  2.82688E-01
 7.49144E+01  2.86587E-01
 9.98858E+01  3.08796E-01
 1.24857E+02  3.35793E-01
 1.49829E+02  3.48897E-01
 1.74800E+02  3.50954E-01
 1.99772E+02  3.38467E-01
 2.24743E+02  3.14434E-01
 2.49715E+02  2.89261E-01
 2.74686E+02  2.77626E-01
 2.99658E+02  2.72494E-01
 3.24629E+02  2.77944E-01
 3.49600E+02  2.91786E-01
 3.74572E+02  2.98876E-01
 3.99543E+02  2.91559E-01
 4.24515E+02  2.73343E-01
 4.49486E+02  2.55530E-01
 4.74458E+02  2.33027E-01
 4.99429E+02  2.08360E-01
 5.24401E+02  1.81117E-01
 5.49372E+02  1.59777E-01
 5.74344E+02  1.49513E-01
 5.99315E+02  1.28655E-01
 6.24286E+02  1.01914E-01
 6.49258E+02  7.57594E-02
 6.74229E+02  5.74105E-02
 6.99201E+02  4.34735E-02
 7.24172E+02  3.38842E-02
 7.49144E+02  2.80057E-02
 7.74115E+02  2.39421E-02
 7.99087E+02  2.29812E-02
 8.24058E+02  2.20677E-02
 8.49030E+02  2.24895E-02
 8.74001E+02  2.37038E-02
 8.98973E+02  2.59898E-02
 9.23944E+02  2.54767E-02
 9.48915E+02  2.74736E-02
 9.73887E+02  2.57056E-02
 9.98858E+02  2.38103E-02
 1.02383E+03  1.94607E-02
 1.04880E+03  1.45902E-02
 1.07377E+03  9.77001E-03
 1.09874E+03  6.11727E-03
 1.12372E+03  4.11639E-03
 1.14869E+03  3.76285E-03
 1.17366E+03  4.73819E-03
 1.19863E+03  6.45257E-03
 1.22360E+03  7.97956E-03
 1.24857E+03  8.28626E-03
