-8.50608E+02  0.00000E+00
-8.33596E+02  2.91779E-08
-8.16583E+02  1.44250E-07
-7.99571E+02  5.99875E-07
-7.82559E+02  2.15957E-06
-7.65547E+02  6.92770E-06
-7.48535E+02  2.00530E-05
-7.31523E+02  5.17601E-05
-7.14511E+02  1.16207E-04
-6.97498E+02  2.22961E-04
-6.80486E+02  3.68674E-04
-6.63474E+02  5.75728E-04
-6.46462E+02  8.66567E-04
-6.29450E+02  1.45272E-03
-6.12438E+02  2.55875E-03
-5.95425E+02  4.59898E-03
-5.78413E+02  7.59288E-03
-5.61401E+02  1.16359E-02
-5.44389E+02  1.66852E-02
-5.27377E+02  2.33081E-02
-5.10365E+02  3.42853E-02
-4.93353E+02  5.30090E-02
-4.76340E+02  8.07301E-02
-4.59328E+02  1.17718E-01
-4.42316E+02  1.61505E-01
-4.25304E+02  2.14205E-01
-4.08292E+02  2.71326E-01
-3.91280E+02  3.24313E-01
-3.74267E+02  3.84080E-01
-3.57255E+02  4.36580E-01
-3.40243E+02  4.84776E-01
-3.23231E+02  5.40774E-01
-3.06219E+02  6.04351E-01
-2.89207E+02  6.59115E-01
-2.72194E+02  7.07564E-01
-2.55182E+02  7.69401E-01
-2.38170E+02  8.38326E-01
-2.21158E+02  8.92766E-01
-2.04146E+02  9.36765E-01
-1.87134E+02  9.75211E-01
-1.70122E+02  1.00550E+00
-1.53109E+02  1.02452E+00
-1.36097E+02  1.05108E+00
-1.19085E+02  1.08165E+00
-1.02073E+02  1.09090E+00
-8.50608E+01  1.09056E+00
-6.80486E+01  1.05883E+00
-5.10365E+01  1.02066E+00
-3.40243E+01  1.00669E+00
-1.70122E+01  1.00581E+00
 6.00703E-13  1.01261E+00
 1.70122E+01  9.54818E-01
 3.40243E+01  8.91786E-01
 5.10365E+01  8.13699E-01
 6.80486E+01  7.38698E-01
 8.50608E+01  6.93082E-01
 1.02073E+02  6.47149E-01
 1.19085E+02  6.03053E-01
 1.36097E+02  5.58555E-01
 1.53109E+02  5.14260E-01
 1.70122E+02  4.82661E-01
 1.87134E+02  4.61575E-01
 2.04146E+02  4.36728E-01
 2.21158E+02  4.26467E-01
 2.38170E+02  4.16751E-01
 2.55182E+02  4.17589E-01
 2.72194E+02  4.24008E-01
 2.89207E+02  4.21453E-01
 3.06219E+02  4.18302E-01
 3.23231E+02  4.12794E-01
 3.40243E+02  3.99914E-01
 3.57255E+02  3.73980E-01
 3.74267E+02  3.37671E-01
 3.91280E+02  3.00069E-01
 4.08292E+02  2.62413E-01
 4.25304E+02  2.19128E-01
 4.42316E+02  1.81531E-01
 4.59328E+02  1.51333E-01
 4.76340E+02  1.24468E-01
 4.93353E+02  9.71297E-02
 5.10365E+02  7.80730E-02
 5.27377E+02  6.35619E-02
 5.44389E+02  5.21154E-02
 5.61401E+02  4.37306E-02
 5.78413E+02  3.86360E-02
 5.95425E+02  3.29549E-02
 6.12438E+02  2.69020E-02
 6.29450E+02  2.24642E-02
 6.46462E+02  1.91979E-02
 6.63474E+02  1.63381E-02
 6.80486E+02  1.24826E-02
 6.97498E+02  1.20859E-02
 7.14511E+02  8.80265E-03
 7.31523E+02  6.52620E-03
 7.48535E+02  5.21030E-03
 7.65547E+02  4.56267E-03
 7.82559E+02  4.32689E-03
 7.99571E+02  4.09383E-03
 8.16583E+02  3.93518E-03
 8.33596E+02  3.60228E-03
 8.50608E+02  2.96695E-03
