-7.61614E+02  0.00000E+00
-7.46382E+02  8.10704E-03
-7.31149E+02  7.87763E-03
-7.15917E+02  6.93986E-03
-7.00685E+02  5.72554E-03
-6.85452E+02  5.38676E-03
-6.70220E+02  5.53966E-03
-6.54988E+02  5.12141E-03
-6.39756E+02  4.82736E-03
-6.24523E+02  4.39927E-03
-6.09291E+02  4.16247E-03
-5.94059E+02  4.09184E-03
-5.78826E+02  4.68224E-03
-5.63594E+02  6.28601E-03
-5.48362E+02  8.54383E-03
-5.33130E+02  1.13682E-02
-5.17897E+02  1.34219E-02
-5.02665E+02  1.62907E-02
-4.87433E+02  2.11247E-02
-4.72201E+02  2.77421E-02
-4.56968E+02  3.41928E-02
-4.41736E+02  4.09895E-02
-4.26504E+02  4.71833E-02
-4.11271E+02  5.40629E-02
-3.96039E+02  5.36964E-02
-3.80807E+02  5.99798E-02
-3.65575E+02  7.04681E-02
-3.50342E+02  8.52453E-02
-3.35110E+02  1.01712E-01
-3.19878E+02  1.17072E-01
-3.04646E+02  1.32268E-01
-2.89413E+02  1.45797E-01
-2.74181E+02  1.64467E-01
-2.58949E+02  1.89799E-01
-2.43716E+02  2.20821E-01
-2.28484E+02  2.54429E-01
-2.13252E+02  2.82557E-01
-1.98020E+02  3.02216E-01
-1.82787E+02  3.11871E-01
-1.67555E+02  3.11990E-01
-1.52323E+02  3.12589E-01
-1.37090E+02  3.17923E-01
-1.21858E+02  3.26297E-01
-1.06626E+02  3.31601E-01
-9.13937E+01  3.26405E-01
-7.61614E+01  3.17694E-01
-6.09291E+01  3.05788E-01
-4.56968E+01  2.96574E-01
-3.04646E+01  2.81130E-01
-1.52323E+01  2.62071E-01
 5.12227E-14  2.43969E-01
 1.52323E+01  2.21072E-01
 3.04646E+01  1.98066E-01
 4.56968E+01  1.82229E-01
 6.09291E+01  1.70722E-01
 7.61614E+01  1.68671E-01
 9.13937E+01  1.67526E-01
 1.06626E+02  1.68541E-01
 1.21858E+02  1.69511E-01
 1.37090E+02  1.64122E-01
 1.52323E+02  1.57308E-01
 1.67555E+02  1.50136E-01
 1.82787E+02  1.47028E-01
 1.98020E+02  1.41386E-01
 2.13252E+02  1.34697E-01
 2.28484E+02  1.35373E-01
 2.43716E+02  1.46348E-01
 2.58949E+02  1.61325E-01
 2.74181E+02  1.76423E-01
 2.89413E+02  1.86789E-01
 3.04646E+02  2.00880E-01
 3.19878E+02  2.09589E-01
 3.35110E+02  2.16288E-01
 3.50342E+02  2.19018E-01
 3.65575E+02  2.12241E-01
 3.80807E+02  2.02974E-01
 3.96039E+02  1.94196E-01
 4.11271E+02  1.80252E-01
 4.26504E+02  1.64719E-01
 4.41736E+02  1.51574E-01
 4.56968E+02  1.38950E-01
 4.72201E+02  1.22578E-01
 4.87433E+02  1.04264E-01
 5.02665E+02  8.26634E-02
 5.17897E+02  6.53855E-02
 5.33130E+02  5.08639E-02
 5.48362E+02  4.10001E-02
 5.63594E+02  3.19234E-02
 5.78826E+02  2.29970E-02
 5.94059E+02  1.62669E-02
 6.09291E+02  1.15118E-02
 6.24523E+02  8.19944E-03
 6.39756E+02  5.62116E-03
 6.54988E+02  3.57413E-03
 6.70220E+02  2.11710E-03
 6.85452E+02  1.23950E-03
 7.00685E+02  6.15483E-04
 7.15917E+02  3.01996E-04
 7.31149E+02  1.26514E-04
 7.46382E+02  4.57628E-05
 7.61614E+02  1.73635E-05
