-9.17364E+02  0.00000E+00
-8.99017E+02  8.66877E-04
-8.80669E+02  1.33665E-03
-8.62322E+02  2.05640E-03
-8.43975E+02  2.17091E-03
-8.25627E+02  2.82695E-03
-8.07280E+02  3.80640E-03
-7.88933E+02  4.70033E-03
-7.70586E+02  6.39702E-03
-7.52238E+02  9.46671E-03
-7.33891E+02  1.28483E-02
-7.15544E+02  1.76599E-02
-6.97197E+02  2.51501E-02
-6.78849E+02  3.24695E-02
-6.60502E+02  4.04376E-02
-6.42155E+02  4.78008E-02
-6.23807E+02  5.72958E-02
-6.05460E+02  6.96126E-02
-5.87113E+02  8.62424E-02
-5.68766E+02  1.04395E-01
-5.50418E+02  1.21246E-01
-5.32071E+02  1.47621E-01
-5.13724E+02  1.74853E-01
-4.95376E+02  1.93234E-01
-4.77029E+02  2.18958E-01
-4.58682E+02  2.35775E-01
-4.40335E+02  2.44390E-01
-4.21987E+02  2.49150E-01
-4.03640E+02  2.53245E-01
-3.85293E+02  2.64404E-01
-3.66946E+02  2.76061E-01
-3.48598E+02  2.85440E-01
-3.30251E+02  3.05610E-01
-3.11904E+02  3.17003E-01
-2.93556E+02  3.23968E-01
-2.75209E+02  3.31583E-01
-2.56862E+02  3.39258E-01
-2.38515E+02  3.43349E-01
-2.20167E+02  3.47093E-01
-2.01820E+02  3.58573E-01
-1.83473E+02  3.73157E-01
-1.65125E+02  3.95599E-01
-1.46778E+02  4.23012E-01
-1.28431E+02  4.48585E-01
-1.10084E+02  4.69977E-01
-9.17364E+01  4.96448E-01
-7.33891E+01  5.20282E-01
-5.50418E+01  5.32842E-01
-3.66946E+01  5.39731E-01
-1.83473E+01  5.46374E-01
-8.24220E-13  5.59492E-01
 1.83473E+01  5.78115E-01
 3.66946E+01  5.88111E-01
 5.50418E+01  5.92268E-01
 7.33891E+01  5.92508E-01
 9.17364E+01  5.88210E-01
 1.10084E+02  5.86191E-01
 1.28431E+02  5.59756E-01
 1.46778E+02  5.43879E-01
 1.65125E+02  5.37427E-01
 1.83473E+02  5.33732E-01
 2.01820E+02  5.32489E-01
 2.20167E+02  5.28374E-01
 2.38515E+02  5.28431E-01
 2.56862E+02  5.17874E-01
 2.75209E+02  4.94943E-01
 2.93556E+02  4.67330E-01
 3.11904E+02  4.27421E-01
 3.30251E+02  3.88914E-01
 3.48598E+02  3.43188E-01
 3.66946E+02  2.94592E-01
 3.85293E+02  2.47029E-01
 4.03640E+02  1.99861E-01
 4.21987E+02  1.56445E-01
 4.40335E+02  1.21480E-01
 4.58682E+02  9.34056E-02
 4.77029E+02  7.10119E-02
 4.95376E+02  5.37717E-02
 5.13724E+02  4.08860E-02
 5.32071E+02  3.15867E-02
 5.50418E+02  2.55901E-02
 5.68766E+02  2.08652E-02
 5.87113E+02  1.81744E-02
 6.05460E+02  1.32275E-02
 6.23807E+02  9.67028E-03
 6.42155E+02  7.24831E-03
 6.60502E+02  5.83229E-03
 6.78849E+02  5.21304E-03
 6.97197E+02  5.20886E-03
 7.15544E+02  5.77499E-03
 7.33891E+02  6.67432E-03
 7.52238E+02  7.69641E-03
 7.70586E+02  8.24299E-03
 7.88933E+02  8.02664E-03
 8.07280E+02  7.10703E-03
 8.25627E+02  5.75104E-03
 8.43975E+02  4.59425E-03
 8.62322E+02  3.98021E-03
 8.80669E+02  4.22631E-03
 8.99017E+02  5.06637E-03
 9.17364E+02  5.82294E-03
