-1.14890E+03  0.00000E+00
-1.12592E+03  1.89092E-03
-1.10294E+03  1.55268E-03
-1.07997E+03  1.82293E-03
-1.05699E+03  1.84739E-03
-1.03401E+03  1.61402E-03
-1.01103E+03  2.28466E-03
-9.88055E+02  5.59605E-03
-9.65077E+02  9.96281E-03
-9.42099E+02  7.68625E-03
-9.19121E+02  1.00181E-02
-8.96143E+02  1.49954E-02
-8.73165E+02  1.43873E-02
-8.50187E+02  1.33509E-02
-8.27209E+02  1.44405E-02
-8.04231E+02  1.49234E-02
-7.81253E+02  1.60628E-02
-7.58274E+02  2.17232E-02
-7.35296E+02  2.09519E-02
-7.12318E+02  2.28273E-02
-6.89340E+02  2.53184E-02
-6.66362E+02  3.21178E-02
-6.43384E+02  4.01021E-02
-6.20406E+02  4.79629E-02
-5.97428E+02  5.67095E-02
-5.74450E+02  7.67739E-02
-5.51472E+02  1.08095E-01
-5.28494E+02  1.84377E-01
-5.05516E+02  2.22217E-01
-4.82538E+02  2.36077E-01
-4.59560E+02  2.47868E-01
-4.36582E+02  2.77122E-01
-4.13604E+02  3.25448E-01
-3.90626E+02  3.82759E-01
-3.67648E+02  4.36012E-01
-3.44670E+02  4.84102E-01
-3.21692E+02  5.45361E-01
-2.98714E+02  6.29503E-01
-2.75736E+02  7.99033E-01
-2.52758E+02  9.53509E-01
-2.29780E+02  9.25237E-01
-2.06802E+02  9.42289E-01
-1.83824E+02  8.97898E-01
-1.60846E+02  8.54515E-01
-1.37868E+02  7.93513E-01
-1.14890E+02  7.21162E-01
-9.19121E+01  6.48693E-01
-6.89340E+01  5.33075E-01
-4.59560E+01  4.64223E-01
-2.29780E+01  4.17433E-01
 1.34110E-12  3.68832E-01
 2.29780E+01  3.40148E-01
 4.59560E+01  3.20779E-01
 6.89340E+01  3.20251E-01
 9.19121E+01  3.13464E-01
 1.14890E+02  2.91737E-01
 1.37868E+02  2.84736E-01
 1.60846E+02  2.78040E-01
 1.83824E+02  2.91020E-01
 2.06802E+02  2.91597E-01
 2.29780E+02  2.94709E-01
 2.52758E+02  3.01210E-01
 2.75736E+02  3.04059E-01
 2.98714E+02  2.90923E-01
 3.21692E+02  2.78944E-01
 3.44670E+02  2.54843E-01
 3.67648E+02  2.27558E-01
 3.90626E+02  2.03575E-01
 4.13604E+02  1.81217E-01
 4.36582E+02  1.60886E-01
 4.59560E+02  1.19980E-01
 4.82538E+02  7.23122E-01
 5.05516E+02  6.84317E-01
 5.28494E+02  5.17227E-02
 5.51472E+02  3.72109E-02
 5.74450E+02  2.75562E-02
 5.97428E+02  2.43047E-02
 6.20406E+02  2.35382E-02
 6.43384E+02  2.37505E-02
 6.66362E+02  2.22689E-02
 6.89340E+02  1.88806E-02
 7.12318E+02  1.73011E-02
 7.35296E+02  1.80204E-02
 7.58274E+02  1.70425E-02
 7.81253E+02  1.66066E-02
 8.04231E+02  1.61555E-02
 8.27209E+02  1.53596E-02
 8.50187E+02  1.39143E-02
 8.73165E+02  1.19104E-02
 8.96143E+02  9.66953E-03
 9.19121E+02  7.63549E-03
 9.42099E+02  6.16978E-03
 9.65077E+02  5.21348E-03
 9.88055E+02  4.76440E-03
 1.01103E+03  4.55844E-03
 1.03401E+03  4.27984E-03
 1.05699E+03  3.78005E-03
 1.07997E+03  3.13747E-03
 1.10294E+03  2.58138E-03
 1.12592E+03  2.21799E-03
 1.14890E+03  2.24560E-03
