 7.88283E-05  7.07101E-11
 8.25510E-05  1.21401E-10
 8.64495E-05  1.17018E-10
 9.05321E-05  1.37726E-10
 9.48075E-05  1.44401E-10
 9.92848E-05  2.22321E-10
 1.03974E-04  1.69799E-10
 1.08884E-04  2.03106E-10
 1.14026E-04  2.30427E-10
 1.19411E-04  2.47351E-10
 1.25050E-04  2.02276E-10
 1.30955E-04  3.40443E-10
 1.37140E-04  3.58001E-10
 1.43616E-04  3.33857E-10
 1.50398E-04  4.12249E-10
 1.57501E-04  4.74410E-10
 1.64939E-04  5.13384E-10
 1.72728E-04  5.06084E-10
 1.80886E-04  4.69201E-10
 1.89428E-04  5.53547E-10
 1.98374E-04  7.21826E-10
 2.07742E-04  7.69489E-10
 2.17553E-04  7.16168E-10
 2.27826E-04  7.46371E-10
 2.38586E-04  7.82397E-10
 2.49853E-04  8.95821E-10
 2.61652E-04  1.15668E-09
 2.74009E-04  9.40130E-10
 2.86949E-04  1.10188E-09
 3.00500E-04  1.34852E-09
 3.14691E-04  1.04634E-09
 3.29553E-04  1.68073E-09
 3.45116E-04  1.34460E-09
 3.61414E-04  1.55267E-09
 3.78482E-04  1.63194E-09
 3.96356E-04  1.99351E-09
 4.15074E-04  1.93716E-09
 4.34676E-04  2.02617E-09
 4.55203E-04  2.78459E-09
 4.76700E-04  2.95464E-09
 4.99213E-04  2.55472E-09
 5.22788E-04  2.67989E-09
 5.47477E-04  3.19263E-09
 5.73332E-04  3.74279E-09
 6.00407E-04  4.04841E-09
 6.28762E-04  3.82162E-09
 6.58455E-04  3.74534E-09
 6.89551E-04  4.07182E-09
 7.22115E-04  4.83413E-09
 7.56217E-04  4.98431E-09
 7.91929E-04  5.26163E-09
 8.29328E-04  5.93834E-09
 8.68493E-04  5.59121E-09
 9.09508E-04  6.25717E-09
 9.52460E-04  6.33428E-09
 9.97440E-04  6.32121E-09
 1.04454E-03  7.32185E-09
 1.09387E-03  8.41924E-09
 1.14553E-03  9.50221E-09
 1.19963E-03  8.93367E-09
 1.25628E-03  9.60937E-09
 1.31561E-03  1.01990E-08
 1.37774E-03  1.14353E-08
 1.44280E-03  1.28615E-08
 1.51094E-03  1.27067E-08
 1.58230E-03  1.40239E-08
 1.65702E-03  1.52664E-08
 1.73527E-03  1.69936E-08
 1.81722E-03  1.77477E-08
 1.90304E-03  1.78203E-08
 1.99291E-03  1.77251E-08
 2.08703E-03  1.76854E-08
 2.18559E-03  1.89815E-08
 2.28880E-03  1.89741E-08
 2.39689E-03  2.25538E-08
 2.51008E-03  2.45482E-08
 2.62862E-03  2.64683E-08
 2.75276E-03  2.64649E-08
 2.88276E-03  2.95590E-08
 3.01890E-03  2.92666E-08
 3.16147E-03  3.24664E-08
 3.31077E-03  3.33650E-08
 3.46712E-03  3.61882E-08
 3.63086E-03  4.26368E-08
 3.80232E-03  3.84370E-08
 3.98189E-03  3.99410E-08
 4.16993E-03  4.27238E-08
 4.36686E-03  4.50384E-08
 4.57309E-03  4.98207E-08
 4.78905E-03  4.60303E-08
 5.01522E-03  4.39711E-08
 5.25206E-03  4.59873E-08
 5.50009E-03  5.09006E-08
 5.75983E-03  5.10399E-08
 6.03184E-03  5.39330E-08
 6.31670E-03  5.75760E-08
 6.61500E-03  5.68789E-08
 6.92740E-03  6.30854E-08
 7.25455E-03  5.49692E-08
 7.59714E-03  5.31475E-08
 7.95592E-03  6.37324E-08
 8.33164E-03  5.11878E-08
 8.72510E-03  5.93716E-08
 9.13715E-03  5.50559E-08
 9.56865E-03  4.20640E-08
 1.00205E-02  4.74650E-08
 1.04938E-02  4.33450E-08
 1.09893E-02  3.52873E-08
 1.15083E-02  3.39260E-08
 1.20518E-02  3.63498E-08
 1.26209E-02  2.77435E-08
 1.32170E-02  2.94928E-08
 1.38411E-02  3.05159E-08
 1.44948E-02  3.03851E-08
 1.51793E-02  1.84834E-08
 1.58961E-02  2.50457E-08
 1.66468E-02  2.82539E-08
 1.74330E-02  2.17903E-08
 1.82563E-02  2.36570E-08
 1.91184E-02  2.08847E-08
 2.00213E-02  3.17137E-08
 2.09668E-02  4.38955E-08
 2.19570E-02  5.29220E-08
 2.29939E-02  5.03460E-08
 2.40798E-02  6.36995E-08
 2.52169E-02  6.51244E-08
 2.64078E-02  8.46724E-08
 2.76549E-02  9.96459E-08
 2.89609E-02  1.04350E-07
 3.03286E-02  1.20878E-07
 3.17609E-02  1.28767E-07
 3.32608E-02  1.64112E-07
 3.48316E-02  2.03432E-07
 3.64765E-02  1.65305E-07
 3.81991E-02  1.94936E-07
 4.00031E-02  1.91283E-07
 4.18922E-02  1.83577E-07
 4.38706E-02  2.02643E-07
 4.59424E-02  1.80763E-07
 4.81120E-02  1.80247E-07
 5.03841E-02  1.58503E-07
 5.27635E-02  1.38878E-07
 5.52553E-02  1.28174E-07
 5.78647E-02  1.09729E-07
 6.05974E-02  9.68023E-08
 6.34591E-02  8.94840E-08
 6.64560E-02  6.95676E-08
 6.95944E-02  6.25712E-08
 7.28810E-02  4.46910E-08
 7.63228E-02  3.52329E-08
 7.99272E-02  2.93560E-08
 8.37017E-02  2.37787E-08
 8.76546E-02  1.69985E-08
 9.17941E-02  1.23826E-08
 9.61291E-02  8.30707E-09
 1.00669E-01  6.29510E-09
 1.05423E-01  4.05529E-09
 1.10401E-01  2.59798E-09
 1.15615E-01  1.97141E-09
 1.21075E-01  1.19115E-09
 1.26793E-01  6.41642E-10
 1.32781E-01  5.09186E-10
 1.39051E-01  2.47167E-10
 1.45618E-01  1.53777E-10
 1.52495E-01  8.55785E-11
 1.59697E-01  4.38802E-11
 1.67238E-01  2.46710E-11
 1.75136E-01  1.68681E-11
 1.83407E-01  1.40076E-11
 1.92068E-01  1.52810E-11
 2.01139E-01  6.58066E-12
 2.10638E-01  3.55831E-12
 2.20585E-01  1.23072E-12
 2.31002E-01  7.29987E-13
 2.41911E-01  3.55748E-13
 2.53336E-01  1.52616E-13
 2.65300E-01  5.65678E-14
 2.77828E-01  2.34353E-14
 2.90949E-01  1.03882E-14
 3.04689E-01  4.39784E-15
 3.19078E-01  2.28394E-15
 3.34146E-01  9.40153E-16
 3.49927E-01  4.72191E-16
 3.66452E-01  2.50398E-16
 3.83758E-01  1.48219E-16
 4.01881E-01  1.29995E-16
 4.20860E-01  7.59863E-17
 4.40735E-01  8.42737E-17
 4.61549E-01  9.77951E-17
 4.83345E-01  1.95576E-16
 5.06171E-01  3.61743E-16
 5.30075E-01  1.37762E-15
 5.55108E-01  9.13476E-15
 5.81323E-01  1.09978E-13
 6.08777E-01  2.89791E-12
 6.37526E-01  2.26075E-10
 6.67633E-01  5.39510E-08
 6.99163E-01  9.78966E-05
 7.32181E-01  6.19812E-04
 7.66758E-01  7.79826E-04
 8.02968E-01  8.60187E-04
 8.40889E-01  1.01466E-03
 8.80600E-01  1.02285E-03
 9.08427E-01  9.20022E-04
 9.08533E-01  9.19622E-04
 9.08639E-01  9.19222E-04
 9.08745E-01  9.18822E-04
 9.08851E-01  9.18422E-04
 9.08957E-01  9.18022E-04
 9.09064E-01  9.17621E-04
 9.09170E-01  9.17220E-04
 9.09276E-01  9.16820E-04
 9.09382E-01  9.16419E-04
 9.09489E-01  9.16017E-04
 9.09595E-01  9.15616E-04
 9.09701E-01  9.15215E-04
 9.09808E-01  9.14813E-04
 9.09914E-01  9.14411E-04
 9.10020E-01  9.14009E-04
 9.10127E-01  9.13607E-04
 9.10233E-01  9.13205E-04
 9.10340E-01  9.12803E-04
 9.10446E-01  9.12400E-04
 9.10553E-01  9.11997E-04
 9.10659E-01  9.11595E-04
 9.10766E-01  9.11192E-04
 9.10873E-01  9.10788E-04
 9.10979E-01  9.10385E-04
 9.11086E-01  9.09982E-04
 9.11192E-01  9.09578E-04
 9.11299E-01  9.09174E-04
 9.11406E-01  9.08770E-04
 9.11513E-01  9.08366E-04
 9.11619E-01  9.07962E-04
 9.11726E-01  9.07558E-04
 9.11833E-01  9.07153E-04
 9.11940E-01  9.06748E-04
 9.12047E-01  9.06344E-04
 9.12154E-01  9.05939E-04
 9.12261E-01  9.05533E-04
 9.12368E-01  9.05128E-04
 9.12475E-01  9.04723E-04
 9.12582E-01  9.04317E-04
 9.12689E-01  9.03911E-04
 9.12796E-01  9.03505E-04
 9.12903E-01  9.03099E-04
 9.13010E-01  9.02693E-04
 9.13117E-01  9.02287E-04
 9.13224E-01  9.01880E-04
 9.13331E-01  9.01473E-04
 9.13438E-01  9.01066E-04
 9.13546E-01  9.00659E-04
 9.13653E-01  9.00252E-04
 9.13760E-01  8.99845E-04
 9.13868E-01  8.99437E-04
 9.13975E-01  8.99030E-04
 9.14082E-01  8.98622E-04
 9.14190E-01  8.98214E-04
 9.14297E-01  8.97806E-04
 9.14404E-01  8.97398E-04
 9.14512E-01  8.96989E-04
 9.14619E-01  8.96581E-04
 9.14727E-01  8.96172E-04
 9.14834E-01  8.95763E-04
 9.14942E-01  8.95354E-04
 9.15050E-01  8.94945E-04
 9.15157E-01  8.94535E-04
 9.15265E-01  8.94126E-04
 9.15372E-01  8.93716E-04
 9.15480E-01  8.93306E-04
 9.15588E-01  8.92896E-04
 9.15696E-01  8.92586E-04
 9.15803E-01  8.92076E-04
 9.15911E-01  8.91665E-04
 9.16019E-01  8.91255E-04
 9.16127E-01  8.90844E-04
 9.16235E-01  8.90433E-04
 9.16342E-01  8.90022E-04
 9.16450E-01  8.89611E-04
 9.16558E-01  8.89199E-04
 9.16666E-01  8.88788E-04
 9.16774E-01  8.88376E-04
 9.16882E-01  8.87964E-04
 9.16990E-01  8.87552E-04
 9.17098E-01  8.87140E-04
 9.17206E-01  8.86879E-04
 9.17315E-01  8.86315E-04
 9.17423E-01  8.85903E-04
 9.17531E-01  8.85505E-04
 9.17639E-01  8.85077E-04
 9.17747E-01  8.84663E-04
 9.17856E-01  8.84250E-04
 9.17964E-01  8.83837E-04
 9.18072E-01  8.83423E-04
 9.18180E-01  8.83009E-04
 9.18289E-01  8.82595E-04
 9.18397E-01  8.82256E-04
 9.18506E-01  8.81767E-04
 9.18614E-01  8.81353E-04
 9.18722E-01  8.80938E-04
 9.18831E-01  8.80523E-04
 9.18939E-01  8.80108E-04
 9.19048E-01  8.79693E-04
 9.19156E-01  8.79278E-04
 9.19265E-01  8.78863E-04
 9.19374E-01  8.78804E-04
 9.19482E-01  8.78032E-04
 9.19591E-01  8.77616E-04
 9.19700E-01  8.77200E-04
 9.19808E-01  8.76784E-04
 9.19917E-01  8.76368E-04
 9.20026E-01  8.75951E-04
 9.20135E-01  8.75535E-04
 9.20243E-01  8.75188E-04
 9.20352E-01  8.74700E-04
 9.20461E-01  8.74499E-04
 9.20570E-01  8.73866E-04
 9.20679E-01  8.73448E-04
 9.20788E-01  8.73031E-04
 9.20897E-01  8.72613E-04
 9.21006E-01  8.72195E-04
 9.21115E-01  8.71798E-04
 9.21224E-01  8.71359E-04
 9.21333E-01  8.70940E-04
 9.21442E-01  8.70522E-04
 9.21551E-01  8.70103E-04
 9.21660E-01  8.69684E-04
 9.21769E-01  8.69265E-04
 9.21879E-01  8.68846E-04
 9.21988E-01  8.68426E-04
 9.22097E-01  8.68012E-04
 9.22186E-01  8.67665E-04
 9.22206E-01  8.67757E-04
 9.22316E-01  8.68267E-04
 9.22425E-01  8.68777E-04
 9.22534E-01  8.69287E-04
 9.22644E-01  8.69802E-04
 9.22753E-01  8.70307E-04
 9.22862E-01  8.70818E-04
 9.22972E-01  8.71330E-04
 9.23081E-01  8.71840E-04
 9.23191E-01  8.72351E-04
 9.23300E-01  8.72862E-04
 9.23410E-01  8.73373E-04
 9.23520E-01  8.73885E-04
 9.23629E-01  8.75155E-04
 9.23739E-01  8.74908E-04
 9.23848E-01  8.75421E-04
 9.23958E-01  8.75933E-04
 9.24068E-01  8.76636E-04
 9.24178E-01  8.76958E-04
 9.24287E-01  8.77470E-04
 9.24397E-01  8.77983E-04
 9.24507E-01  8.78500E-04
 9.24617E-01  8.79760E-04
 9.24727E-01  8.79599E-04
 9.24837E-01  8.80037E-04
 9.24946E-01  8.80556E-04
 9.25056E-01  8.81065E-04
 9.25166E-01  8.81685E-04
 9.25276E-01  8.82093E-04
 9.25386E-01  8.82621E-04
 9.25496E-01  8.83762E-04
 9.25607E-01  8.83637E-04
 9.25717E-01  8.84162E-04
 9.25827E-01  8.84667E-04
 9.25937E-01  8.85216E-04
 9.26047E-01  8.85768E-04
 9.26157E-01  8.86698E-04
 9.26268E-01  8.87884E-04
 9.26378E-01  8.87268E-04
 9.26488E-01  8.93555E-04
 9.26598E-01  8.88278E-04
 9.26709E-01  8.89720E-04
 9.26819E-01  8.89546E-04
 9.26929E-01  8.90489E-04
 9.27040E-01  8.90369E-04
 9.27150E-01  8.90979E-04
 9.27261E-01  8.91382E-04
 9.27371E-01  8.91897E-04
 9.27482E-01  8.92416E-04
 9.27592E-01  8.92965E-04
 9.27703E-01  8.94619E-04
 9.27814E-01  8.94048E-04
 9.27924E-01  8.94490E-04
 9.28035E-01  8.95562E-04
 9.28146E-01  8.95547E-04
 9.28256E-01  9.03833E-04
 9.28367E-01  9.12178E-04
 9.28478E-01  8.97087E-04
 9.28589E-01  8.97651E-04
 9.28699E-01  8.98391E-04
 9.28810E-01  9.46275E-04
 9.28921E-01  8.99205E-04
 9.29032E-01  8.99719E-04
 9.29143E-01  9.00336E-04
 9.29254E-01  9.08611E-04
 9.29365E-01  9.01385E-04
 9.29476E-01  9.31645E-04
 9.29587E-01  9.06813E-04
 9.29698E-01  9.19255E-04
 9.29809E-01  9.03720E-04
 9.29920E-01  9.04171E-04
 9.30031E-01  9.18102E-04
 9.30142E-01  9.14970E-04
 9.30254E-01  9.06249E-04
 9.30365E-01  1.00641E-03
 9.30476E-01  9.09355E-04
 9.30587E-01  9.15080E-04
 9.30699E-01  9.12836E-04
 9.30810E-01  9.38087E-04
 9.30921E-01  9.36026E-04
 9.31033E-01  9.28414E-04
 9.31144E-01  9.43086E-04
 9.31255E-01  1.00951E-03
 9.31367E-01  9.15875E-04
 9.31478E-01  1.06299E-03
 9.31590E-01  9.52565E-04
 9.31701E-01  9.68881E-04
 9.31813E-01  9.68345E-04
 9.31925E-01  1.10083E-03
 9.32036E-01  1.16131E-03
 9.32148E-01  1.11735E-03
 9.32259E-01  9.27206E-04
 9.32371E-01  1.14986E-03
 9.32483E-01  1.40610E-03
 9.32595E-01  1.24664E-03
 9.32706E-01  9.80924E-04
 9.32818E-01  1.30700E-03
 9.32930E-01  1.26378E-03
 9.33042E-01  1.11036E-03
 9.33154E-01  1.29055E-03
 9.33266E-01  1.34626E-03
 9.33378E-01  1.13663E-03
 9.33490E-01  1.45875E-03
 9.33602E-01  1.11828E-03
 9.33714E-01  1.62507E-03
 9.33826E-01  2.20785E-03
 9.33938E-01  2.29456E-03
 9.34050E-01  3.42273E-03
 9.34162E-01  4.03090E-03
 9.34274E-01  3.40655E-03
 9.34386E-01  4.49477E-03
 9.34498E-01  4.53861E-03
 9.34611E-01  6.43905E-03
 9.34723E-01  7.43315E-03
 9.34835E-01  9.39141E-03
 9.34947E-01  9.85726E-03
 9.35060E-01  8.71395E-03
 9.35172E-01  1.11444E-02
 9.35285E-01  1.17632E-02
 9.35397E-01  1.22066E-02
 9.35509E-01  1.19540E-02
 9.35622E-01  1.36201E-02
 9.35734E-01  1.30618E-02
 9.35847E-01  1.47637E-02
 9.35959E-01  1.70064E-02
 9.36072E-01  1.66712E-02
 9.36185E-01  1.72420E-02
 9.36297E-01  1.49467E-02
 9.36410E-01  1.55548E-02
 9.36523E-01  1.96013E-02
 9.36635E-01  1.31994E-02
 9.36748E-01  1.42484E-02
 9.36861E-01  1.58533E-02
 9.36974E-01  1.48674E-02
 9.37087E-01  1.51416E-02
 9.37199E-01  1.56813E-02
 9.37312E-01  1.46725E-02
 9.37425E-01  1.22874E-02
 9.37538E-01  1.11503E-02
 9.37651E-01  1.21027E-02
 9.37764E-01  1.19220E-02
 9.37877E-01  1.14011E-02
 9.37990E-01  1.26944E-02
 9.38103E-01  1.25899E-02
 9.38216E-01  1.12478E-02
 9.38329E-01  1.36049E-02
 9.38443E-01  1.03635E-02
 9.38556E-01  1.05099E-02
 9.38669E-01  8.85985E-03
 9.38782E-01  9.12385E-03
 9.38895E-01  9.44804E-03
 9.39009E-01  8.04948E-03
 9.39122E-01  7.99434E-03
 9.39235E-01  6.08527E-03
 9.39349E-01  6.89667E-03
 9.39462E-01  6.27712E-03
 9.39576E-01  6.99483E-03
 9.39689E-01  5.58063E-03
 9.39802E-01  5.67545E-03
 9.39916E-01  5.60095E-03
 9.40030E-01  6.52133E-03
 9.40143E-01  5.65210E-03
 9.40257E-01  5.60902E-03
 9.40370E-01  5.05349E-03
 9.40484E-01  4.32781E-03
 9.40598E-01  4.23266E-03
 9.40711E-01  4.08046E-03
 9.40825E-01  4.67738E-03
 9.40939E-01  3.31496E-03
 9.41053E-01  2.91791E-03
 9.41166E-01  3.24089E-03
 9.41280E-01  2.45998E-03
 9.41394E-01  2.82584E-03
 9.41508E-01  2.36657E-03
 9.41622E-01  2.60093E-03
 9.41736E-01  2.95390E-03
 9.41850E-01  2.16938E-03
 9.41964E-01  2.21002E-03
 9.42078E-01  2.70058E-03
 9.42192E-01  1.97112E-03
 9.42306E-01  2.10963E-03
 9.42420E-01  1.84926E-03
 9.42534E-01  1.83115E-03
 9.42648E-01  1.36490E-03
 9.42763E-01  1.55127E-03
 9.42877E-01  1.68912E-03
 9.42991E-01  1.32278E-03
 9.43105E-01  1.39850E-03
 9.43220E-01  1.57312E-03
 9.43334E-01  1.82439E-03
 9.43448E-01  1.33307E-03
 9.43563E-01  1.38435E-03
 9.43677E-01  1.42900E-03
 9.43792E-01  1.29925E-03
 9.43906E-01  1.15436E-03
 9.44021E-01  1.34465E-03
 9.44135E-01  1.09147E-03
 9.44250E-01  1.11803E-03
 9.44364E-01  1.18869E-03
 9.44479E-01  1.03264E-03
 9.44594E-01  1.10680E-03
 9.44708E-01  1.13210E-03
 9.44823E-01  1.01738E-03
 9.44938E-01  1.07873E-03
 9.45052E-01  1.05534E-03
 9.45167E-01  9.99021E-04
 9.45282E-01  1.08864E-03
 9.45397E-01  1.05625E-03
 9.45512E-01  1.10340E-03
 9.45627E-01  1.03395E-03
 9.45741E-01  1.07035E-03
 9.45856E-01  1.07542E-03
 9.45971E-01  1.01304E-03
 9.46086E-01  9.85342E-04
 9.46201E-01  9.91060E-04
 9.46316E-01  9.81540E-04
 9.46432E-01  1.03501E-03
 9.46547E-01  1.02122E-03
 9.46662E-01  1.03797E-03
 9.46777E-01  9.94935E-04
 9.46892E-01  9.89450E-04
 9.47007E-01  9.97708E-04
 9.47123E-01  9.85218E-04
 9.47238E-01  9.85841E-04
 9.47353E-01  9.88571E-04
 9.47469E-01  9.87010E-04
 9.47584E-01  1.00437E-03
 9.47699E-01  9.88180E-04
 9.47815E-01  9.91391E-04
 9.47930E-01  9.89204E-04
 9.48046E-01  9.92390E-04
 9.48161E-01  9.90325E-04
 9.48277E-01  9.90875E-04
 9.48392E-01  9.91294E-04
 9.48508E-01  9.91830E-04
 9.48624E-01  9.92750E-04
 9.48739E-01  9.92931E-04
 9.48855E-01  9.98620E-04
 9.48971E-01  9.94139E-04
 9.49086E-01  9.94586E-04
 9.49202E-01  9.95102E-04
 9.49318E-01  9.95728E-04
 9.49434E-01  9.96234E-04
 9.49549E-01  9.96759E-04
 9.49665E-01  9.97431E-04
 9.49781E-01  9.97868E-04
 9.49897E-01  9.98423E-04
 9.50013E-01  9.99575E-04
 9.50129E-01  9.99527E-04
 9.50245E-01  1.00019E-03
 9.50361E-01  1.00063E-03
 9.50477E-01  1.00119E-03
 9.50593E-01  1.00174E-03
 9.50710E-01  1.00230E-03
 9.50826E-01  1.00366E-03
 9.50942E-01  1.00346E-03
 9.51058E-01  1.00401E-03
 9.51174E-01  1.00452E-03
 9.51291E-01  1.00752E-03
 9.51407E-01  1.00563E-03
 9.51523E-01  1.00631E-03
 9.51640E-01  1.00674E-03
 9.51756E-01  1.00732E-03
 9.51872E-01  1.00785E-03
 9.51989E-01  1.00934E-03
 9.52105E-01  1.00897E-03
 9.52222E-01  1.01125E-03
 9.52338E-01  1.01079E-03
 9.52455E-01  1.01064E-03
 9.52571E-01  1.01120E-03
 9.52688E-01  1.01176E-03
 9.52805E-01  1.01231E-03
 9.52921E-01  1.01287E-03
 9.53038E-01  1.01343E-03
 9.53155E-01  1.01399E-03
 9.53272E-01  1.01455E-03
 9.53388E-01  1.01528E-03
 9.53505E-01  1.01567E-03
 9.53622E-01  1.01628E-03
 9.53739E-01  1.01678E-03
 9.53856E-01  1.01773E-03
 9.53973E-01  1.01790E-03
 9.54090E-01  1.01846E-03
 9.54207E-01  1.01903E-03
 9.54324E-01  1.01959E-03
 9.54441E-01  1.02015E-03
 9.54558E-01  1.02071E-03
 9.54675E-01  1.02156E-03
 9.54792E-01  1.02183E-03
 9.54909E-01  1.02239E-03
 9.55026E-01  1.02296E-03
 9.55144E-01  1.02351E-03
 9.55261E-01  1.02408E-03
 9.55378E-01  1.02464E-03
 9.55495E-01  1.02520E-03
 9.55613E-01  1.02576E-03
 9.55730E-01  1.02635E-03
 9.55847E-01  1.02689E-03
 9.55965E-01  1.02745E-03
 9.56082E-01  1.02802E-03
 9.56200E-01  1.02858E-03
 9.56317E-01  1.02914E-03
 9.56435E-01  1.02971E-03
 9.56552E-01  1.03027E-03
 9.56670E-01  1.03084E-03
 9.56788E-01  1.03140E-03
 9.56905E-01  1.03197E-03
 9.57023E-01  1.03253E-03
 9.57141E-01  1.03368E-03
 9.57258E-01  1.03366E-03
 9.57376E-01  1.03423E-03
 9.57494E-01  1.03479E-03
 9.57612E-01  1.03536E-03
 9.57730E-01  1.03592E-03
 9.57847E-01  1.03649E-03
 9.57965E-01  1.03706E-03
 9.58083E-01  1.03762E-03
 9.58201E-01  1.03819E-03
 9.58319E-01  1.03876E-03
 9.58437E-01  1.03933E-03
 9.58555E-01  1.03989E-03
 9.58673E-01  1.04046E-03
 9.58792E-01  1.04103E-03
 9.58910E-01  1.04160E-03
 9.59028E-01  1.04216E-03
 9.59146E-01  1.04273E-03
 9.59264E-01  1.04330E-03
 9.59383E-01  1.04387E-03
 9.59501E-01  1.04446E-03
 9.59619E-01  1.04501E-03
 9.59737E-01  1.04558E-03
 9.59856E-01  1.04615E-03
 9.59974E-01  1.04672E-03
 9.60093E-01  1.04729E-03
 9.60211E-01  1.04786E-03
 9.60330E-01  1.04843E-03
 9.60448E-01  1.04900E-03
 9.60567E-01  1.04957E-03
 9.60685E-01  1.05014E-03
 9.60804E-01  1.05071E-03
 9.60923E-01  1.05128E-03
 9.61041E-01  1.05185E-03
 9.61160E-01  1.05243E-03
 9.61279E-01  1.05300E-03
 9.61397E-01  1.05357E-03
 9.61516E-01  1.05414E-03
 9.61635E-01  1.05472E-03
 9.61754E-01  1.05529E-03
 9.61873E-01  1.05586E-03
 9.61992E-01  1.05643E-03
 9.62110E-01  1.05701E-03
 9.62229E-01  1.05758E-03
 9.62348E-01  1.05816E-03
 9.62467E-01  1.05873E-03
 9.62587E-01  1.05930E-03
 9.62706E-01  1.05988E-03
 9.62825E-01  1.06045E-03
 9.62944E-01  1.06103E-03
 9.63063E-01  1.06160E-03
 9.63182E-01  1.06218E-03
 9.63301E-01  1.06275E-03
 9.63421E-01  1.06333E-03
 9.63540E-01  1.06390E-03
 9.63659E-01  1.06448E-03
 9.63779E-01  1.06505E-03
 9.63898E-01  1.06563E-03
 9.64017E-01  1.06621E-03
 9.64137E-01  1.06678E-03
 9.64256E-01  1.06736E-03
 9.64376E-01  1.06794E-03
 9.64495E-01  1.06852E-03
 9.64615E-01  1.06909E-03
 9.65737E-01  1.07451E-03
 1.01134E+00  1.19644E-03
 1.05910E+00  1.24375E-03
 1.10912E+00  1.28269E-03
 1.16150E+00  1.30347E-03
 1.21635E+00  1.25885E-03
 1.27379E+00  1.25634E-03
 1.33395E+00  1.20594E-03
 1.39695E+00  1.15366E-03
 1.46292E+00  1.05695E-03
 1.53200E+00  9.77026E-04
 1.60435E+00  9.20604E-04
 1.68012E+00  8.58888E-04
 1.75946E+00  8.23885E-04
 1.84255E+00  8.23148E-04
 1.92957E+00  8.11669E-04
 2.02069E+00  8.55119E-04
 2.11612E+00  8.79167E-04
 2.21605E+00  8.82190E-04
 2.32071E+00  9.21038E-04
 2.43030E+00  9.39713E-04
 2.54507E+00  9.47620E-04
 2.66527E+00  1.00708E-03
 2.79113E+00  9.99888E-04
 2.92295E+00  1.46343E-03
 3.06098E+00  1.75828E-03
 3.20554E+00  1.89981E-03
 3.35692E+00  1.91465E-03
 3.51545E+00  2.06324E-03
 3.68147E+00  2.04757E-03
 3.85533E+00  2.09432E-03
 4.03739E+00  2.12777E-03
 4.22806E+00  2.18869E-03
 4.42773E+00  2.25092E-03
 4.63683E+00  2.34461E-03
 4.85581E+00  2.38418E-03
 5.08512E+00  2.35747E-03
 5.32527E+00  2.41452E-03
 5.57676E+00  2.46982E-03
 5.84012E+00  2.56064E-03
 6.11592E+00  2.62991E-03
 6.40475E+00  2.68676E-03
 6.70721E+00  2.88438E-03
 7.02396E+00  3.04326E-03
 7.35567E+00  3.16827E-03
 7.70304E+00  3.28836E-03
 8.06682E+00  3.32642E-03
 8.44778E+00  3.39206E-03
 8.84673E+00  3.46858E-03
 9.26451E+00  3.57381E-03
 9.70203E+00  3.68855E-03
 1.01602E+01  3.88119E-03
 1.06400E+01  4.11116E-03
 1.11425E+01  4.49431E-03
 1.16687E+01  4.93371E-03
 1.22198E+01  5.54075E-03
 1.27969E+01  6.32857E-03
 1.34012E+01  7.14970E-03
 1.40341E+01  8.28590E-03
 1.46968E+01  9.41772E-03
 1.53909E+01  1.10201E-02
 1.61177E+01  1.30570E-02
 1.68789E+01  1.52985E-02
 1.76760E+01  1.75215E-02
 1.85107E+01  2.02611E-02
 1.93849E+01  2.37361E-02
 2.03004E+01  2.68387E-02
 2.12591E+01  3.00647E-02
 2.22630E+01  3.42132E-02
 2.33144E+01  3.74444E-02
 2.44154E+01  4.15526E-02
 2.55685E+01  4.53807E-02
 2.67759E+01  4.87187E-02
 2.80404E+01  5.18060E-02
 2.93646E+01  5.46585E-02
 3.07514E+01  5.83561E-02
 3.22036E+01  6.09808E-02
 3.37245E+01  6.30129E-02
 3.53171E+01  6.60546E-02
 3.69850E+01  6.99686E-02
 3.87316E+01  7.35130E-02
 4.05607E+01  7.79480E-02
 4.24762E+01  8.44535E-02
 4.44821E+01  9.02104E-02
 4.65828E+01  9.77937E-02
 4.87827E+01  1.07856E-01
 5.10864E+01  1.20641E-01
 5.34990E+01  1.35965E-01
 5.60255E+01  1.54371E-01
 5.86713E+01  1.77847E-01
 6.14421E+01  2.10627E-01
 6.43437E+01  2.53366E-01
 6.73823E+01  3.05748E-01
 7.05645E+01  3.72450E-01
 7.38969E+01  4.41335E-01
 7.73867E+01  5.06933E-01
 8.10413E+01  5.72951E-01
 8.48685E+01  6.44767E-01
 8.88764E+01  7.19915E-01
 9.30736E+01  8.04003E-01
 9.74691E+01  8.97891E-01
 1.02072E+02  1.01271E+00
 1.06892E+02  1.13869E+00
 1.11940E+02  1.29741E+00
 1.17227E+02  1.48659E+00
 1.22763E+02  1.70258E+00
 1.28560E+02  1.95021E+00
 1.34632E+02  2.21190E+00
 1.40990E+02  2.50792E+00
 1.47648E+02  2.79797E+00
 1.54621E+02  3.11501E+00
 1.61923E+02  3.44591E+00
 1.69569E+02  3.79969E+00
 1.77577E+02  4.19273E+00
 1.85964E+02  4.60173E+00
 1.94746E+02  5.00906E+00
 2.03943E+02  5.42219E+00
 2.13574E+02  5.84182E+00
 2.23660E+02  6.25767E+00
 2.34222E+02  6.63830E+00
 2.45284E+02  6.98587E+00
 2.56867E+02  7.27162E+00
 2.68998E+02  7.50445E+00
 2.81701E+02  7.68155E+00
 2.95005E+02  7.76217E+00
 3.08936E+02  7.83090E+00
 3.23526E+02  7.79785E+00
 3.38804E+02  7.72522E+00
 3.54804E+02  7.56133E+00
 3.71560E+02  7.38844E+00
 3.89107E+02  7.15392E+00
 4.07483E+02  6.88367E+00
 4.26726E+02  6.58249E+00
 4.46878E+02  6.30902E+00
 4.67982E+02  5.96430E+00
 4.90083E+02  5.61067E+00
 5.13227E+02  5.27662E+00
 5.37464E+02  4.93517E+00
 5.62846E+02  4.58383E+00
 5.89427E+02  4.24479E+00
 6.17263E+02  3.91280E+00
 6.46413E+02  3.61860E+00
 6.76940E+02  3.30343E+00
 7.08909E+02  3.00823E+00
 7.42387E+02  2.74757E+00
 7.77446E+02  2.50316E+00
 8.14161E+02  2.23238E+00
 8.52610E+02  2.02201E+00
 8.92875E+02  1.83607E+00
 9.35041E+02  1.63682E+00
 9.79199E+02  1.45812E+00
 1.02544E+03  1.30461E+00
 1.07387E+03  1.15390E+00
 1.12458E+03  1.01845E+00
 1.17769E+03  8.98742E-01
 1.23331E+03  7.95889E-01
 1.29155E+03  7.06750E-01
 1.35254E+03  6.12769E-01
 1.41642E+03  5.27026E-01
 1.48331E+03  4.54408E-01
 1.55336E+03  3.91882E-01
 1.62672E+03  3.33339E-01
 1.70354E+03  2.94533E-01
 1.78399E+03  2.48745E-01
 1.86824E+03  2.12962E-01
 1.95646E+03  1.77178E-01
 2.04886E+03  1.52115E-01
 2.14562E+03  1.38757E-01
 2.24694E+03  1.11540E-01
 2.35306E+03  9.33995E-02
 2.46418E+03  7.36335E-02
 2.58055E+03  6.61374E-02
 2.70242E+03  5.60088E-02
 2.83004E+03  4.77355E-02
 2.96369E+03  4.00800E-02
 3.10365E+03  3.24865E-02
 3.25022E+03  2.67527E-02
 3.40371E+03  2.74401E-02
 3.56445E+03  2.11522E-02
 3.73279E+03  1.62216E-02
 3.90907E+03  1.13859E-02
 4.09367E+03  1.18548E-02
 4.28700E+03  7.40215E-03
 4.48945E+03  9.96553E-03
 4.70147E+03  7.30993E-03
 4.92350E+03  6.38604E-03
 5.15601E+03  4.85027E-03
 5.39950E+03  1.68518E-03
 5.65449E+03  5.29137E-03
 5.92153E+03  1.86050E-03
 6.20117E+03  2.32696E-03
 6.49403E+03  1.53661E-03
 6.80071E+03  2.49242E-03
 7.12187E+03  1.12109E-03
 7.45820E+03  1.76114E-03
