 7.88283E-05  2.31291E-11
 8.25510E-05  3.26113E-11
 8.64495E-05  3.18280E-11
 9.05321E-05  4.04230E-11
 9.48075E-05  4.61273E-11
 9.92848E-05  3.60676E-11
 1.03974E-04  4.42672E-11
 1.08884E-04  5.81564E-11
 1.14026E-04  6.11249E-11
 1.19411E-04  6.51765E-11
 1.25050E-04  7.29960E-11
 1.30955E-04  7.63942E-11
 1.37140E-04  8.62150E-11
 1.43616E-04  1.02782E-10
 1.50398E-04  8.53099E-11
 1.57501E-04  1.00641E-10
 1.64939E-04  1.08587E-10
 1.72728E-04  1.32579E-10
 1.80886E-04  1.46937E-10
 1.89428E-04  1.40598E-10
 1.98374E-04  1.71426E-10
 2.07742E-04  1.65177E-10
 2.17553E-04  1.87471E-10
 2.27826E-04  1.81511E-10
 2.38586E-04  1.92732E-10
 2.49853E-04  2.17199E-10
 2.61652E-04  2.11469E-10
 2.74009E-04  2.65222E-10
 2.86949E-04  2.63008E-10
 3.00500E-04  3.13035E-10
 3.14691E-04  3.15683E-10
 3.29553E-04  3.25124E-10
 3.45116E-04  4.07018E-10
 3.61414E-04  3.88111E-10
 3.78482E-04  3.98737E-10
 3.96356E-04  4.27439E-10
 4.15074E-04  4.74257E-10
 4.34676E-04  4.28369E-10
 4.55203E-04  5.18009E-10
 4.76700E-04  4.96492E-10
 4.99213E-04  6.55722E-10
 5.22788E-04  6.16310E-10
 5.47477E-04  6.41210E-10
 5.73332E-04  7.09658E-10
 6.00407E-04  8.06388E-10
 6.28762E-04  8.63609E-10
 6.58455E-04  7.07274E-10
 6.89551E-04  9.46249E-10
 7.22115E-04  1.04106E-09
 7.56217E-04  1.11889E-09
 7.91929E-04  1.02548E-09
 8.29328E-04  1.19320E-09
 8.68493E-04  1.15161E-09
 9.09508E-04  1.17766E-09
 9.52460E-04  1.22953E-09
 9.97440E-04  1.41070E-09
 1.04454E-03  1.52234E-09
 1.09387E-03  1.57464E-09
 1.14553E-03  1.83495E-09
 1.19963E-03  1.67591E-09
 1.25628E-03  2.08024E-09
 1.31561E-03  2.15410E-09
 1.37774E-03  2.14135E-09
 1.44280E-03  2.61825E-09
 1.51094E-03  2.48080E-09
 1.58230E-03  2.58025E-09
 1.65702E-03  2.90512E-09
 1.73527E-03  2.58426E-09
 1.81722E-03  2.95576E-09
 1.90304E-03  2.85197E-09
 1.99291E-03  3.33722E-09
 2.08703E-03  3.18892E-09
 2.18559E-03  4.07086E-09
 2.28880E-03  3.90218E-09
 2.39689E-03  4.20740E-09
 2.51008E-03  4.73531E-09
 2.62862E-03  5.02783E-09
 2.75276E-03  4.72921E-09
 2.88276E-03  5.37833E-09
 3.01890E-03  5.55526E-09
 3.16147E-03  6.26368E-09
 3.31077E-03  6.07060E-09
 3.46712E-03  6.39306E-09
 3.63086E-03  7.12456E-09
 3.80232E-03  7.38234E-09
 3.98189E-03  7.22079E-09
 4.16993E-03  7.79127E-09
 4.36686E-03  7.41678E-09
 4.57309E-03  8.43015E-09
 4.78905E-03  7.50968E-09
 5.01522E-03  8.52632E-09
 5.25206E-03  9.32523E-09
 5.50009E-03  9.66387E-09
 5.75983E-03  9.39542E-09
 6.03184E-03  1.07897E-08
 6.31670E-03  1.03544E-08
 6.61500E-03  1.08921E-08
 6.92740E-03  1.18733E-08
 7.25455E-03  1.02350E-08
 7.59714E-03  1.09362E-08
 7.95592E-03  1.18535E-08
 8.33164E-03  1.09744E-08
 8.72510E-03  1.13358E-08
 9.13715E-03  1.00817E-08
 9.56865E-03  1.08223E-08
 1.00205E-02  1.16351E-08
 1.04938E-02  9.17670E-09
 1.09893E-02  9.74097E-09
 1.15083E-02  8.91146E-09
 1.20518E-02  9.88492E-09
 1.26209E-02  9.27922E-09
 1.32170E-02  1.02604E-08
 1.38411E-02  8.35283E-09
 1.44948E-02  7.65705E-09
 1.51793E-02  7.91543E-09
 1.58961E-02  1.04166E-08
 1.66468E-02  1.10400E-08
 1.74330E-02  1.23904E-08
 1.82563E-02  1.55831E-08
 1.91184E-02  2.09476E-08
 2.00213E-02  2.48205E-08
 2.09668E-02  2.67070E-08
 2.19570E-02  3.24346E-08
 2.29939E-02  4.20826E-08
 2.40798E-02  4.50542E-08
 2.52169E-02  4.97955E-08
 2.64078E-02  5.70810E-08
 2.76549E-02  6.22259E-08
 2.89609E-02  6.75728E-08
 3.03286E-02  7.27420E-08
 3.17609E-02  7.60556E-08
 3.32608E-02  7.98358E-08
 3.48316E-02  8.51892E-08
 3.64765E-02  8.85186E-08
 3.81991E-02  8.93774E-08
 4.00031E-02  9.16451E-08
 4.18922E-02  8.13707E-08
 4.38706E-02  8.14083E-08
 4.59424E-02  7.51436E-08
 4.81120E-02  6.67270E-08
 5.03841E-02  6.59695E-08
 5.27635E-02  5.65743E-08
 5.52553E-02  4.69694E-08
 5.78647E-02  4.09582E-08
 6.05974E-02  3.41288E-08
 6.34591E-02  2.96975E-08
 6.64560E-02  2.43602E-08
 6.95944E-02  1.93441E-08
 7.28810E-02  1.63512E-08
 7.63228E-02  1.25891E-08
 7.99272E-02  9.45291E-09
 8.37017E-02  6.87911E-09
 8.76546E-02  5.04425E-09
 9.17941E-02  3.50103E-09
 9.61291E-02  2.56143E-09
 1.00669E-01  1.87229E-09
 1.05423E-01  1.18649E-09
 1.10401E-01  7.94030E-10
 1.15615E-01  5.21567E-10
 1.21075E-01  3.19378E-10
 1.26793E-01  2.21444E-10
 1.32781E-01  1.17654E-10
 1.39051E-01  7.03502E-11
 1.45618E-01  3.98548E-11
 1.52495E-01  2.25066E-11
 1.59697E-01  1.22058E-11
 1.67238E-01  6.55189E-12
 1.75136E-01  8.01276E-12
 1.83407E-01  8.32614E-12
 1.92068E-01  1.21832E-11
 2.01139E-01  5.50779E-12
 2.10638E-01  3.18457E-12
 2.20585E-01  1.01551E-12
 2.31002E-01  6.09330E-13
 2.41911E-01  3.35067E-13
 2.53336E-01  1.41436E-13
 2.65300E-01  4.90383E-14
 2.77828E-01  2.06890E-14
 2.90949E-01  9.55017E-15
 3.04689E-01  4.17508E-15
 3.19078E-01  2.18775E-15
 3.34146E-01  9.14513E-16
 3.49927E-01  4.27480E-16
 3.66452E-01  2.33916E-16
 3.83758E-01  1.41641E-16
 4.01881E-01  1.14916E-16
 4.20860E-01  6.49182E-17
 4.40735E-01  7.64191E-17
 4.61549E-01  8.74532E-17
 4.83345E-01  1.70363E-16
 5.06171E-01  3.22519E-16
 5.30075E-01  1.25147E-15
 5.55108E-01  8.21609E-15
 5.81323E-01  9.52880E-14
 6.08777E-01  2.58380E-12
 6.37526E-01  2.07475E-10
 6.67633E-01  4.80748E-08
 6.99163E-01  8.31291E-05
 7.32181E-01  4.96497E-04
 7.66758E-01  5.82237E-04
 8.02968E-01  6.37820E-04
 8.40889E-01  7.14433E-04
 8.80600E-01  7.17783E-04
 9.08427E-01  6.63256E-04
 9.08533E-01  6.63043E-04
 9.08639E-01  6.62831E-04
 9.08745E-01  6.62618E-04
 9.08851E-01  6.62406E-04
 9.08957E-01  6.62193E-04
 9.09064E-01  6.61980E-04
 9.09170E-01  6.61768E-04
 9.09276E-01  6.61555E-04
 9.09382E-01  6.61342E-04
 9.09489E-01  6.61129E-04
 9.09595E-01  6.60916E-04
 9.09701E-01  6.60702E-04
 9.09808E-01  6.60489E-04
 9.09914E-01  6.60276E-04
 9.10020E-01  6.60062E-04
 9.10127E-01  6.59849E-04
 9.10233E-01  6.59635E-04
 9.10340E-01  6.59421E-04
 9.10446E-01  6.59207E-04
 9.10553E-01  6.58993E-04
 9.10659E-01  6.58779E-04
 9.10766E-01  6.58565E-04
 9.10873E-01  6.58351E-04
 9.10979E-01  6.58137E-04
 9.11086E-01  6.57923E-04
 9.11192E-01  6.57708E-04
 9.11299E-01  6.57494E-04
 9.11406E-01  6.57279E-04
 9.11513E-01  6.57064E-04
 9.11619E-01  6.56850E-04
 9.11726E-01  6.56635E-04
 9.11833E-01  6.56420E-04
 9.11940E-01  6.56205E-04
 9.12047E-01  6.55990E-04
 9.12154E-01  6.55775E-04
 9.12261E-01  6.55559E-04
 9.12368E-01  6.55344E-04
 9.12475E-01  6.55129E-04
 9.12582E-01  6.54913E-04
 9.12689E-01  6.54698E-04
 9.12796E-01  6.54482E-04
 9.12903E-01  6.54266E-04
 9.13010E-01  6.54050E-04
 9.13117E-01  6.53834E-04
 9.13224E-01  6.53618E-04
 9.13331E-01  6.53402E-04
 9.13438E-01  6.53186E-04
 9.13546E-01  6.52970E-04
 9.13653E-01  6.52753E-04
 9.13760E-01  6.52537E-04
 9.13868E-01  6.52320E-04
 9.13975E-01  6.52104E-04
 9.14082E-01  6.51887E-04
 9.14190E-01  6.51670E-04
 9.14297E-01  6.51453E-04
 9.14404E-01  6.51237E-04
 9.14512E-01  6.51019E-04
 9.14619E-01  6.50802E-04
 9.14727E-01  6.50585E-04
 9.14834E-01  6.50368E-04
 9.14942E-01  6.50150E-04
 9.15050E-01  6.49933E-04
 9.15157E-01  6.49715E-04
 9.15265E-01  6.49498E-04
 9.15372E-01  6.49280E-04
 9.15480E-01  6.49062E-04
 9.15588E-01  6.48844E-04
 9.15696E-01  6.48626E-04
 9.15803E-01  6.48408E-04
 9.15911E-01  6.48190E-04
 9.16019E-01  6.47972E-04
 9.16127E-01  6.47754E-04
 9.16235E-01  6.47535E-04
 9.16342E-01  6.47317E-04
 9.16450E-01  6.47098E-04
 9.16558E-01  6.46879E-04
 9.16666E-01  6.46661E-04
 9.16774E-01  6.46442E-04
 9.16882E-01  6.46223E-04
 9.16990E-01  6.46004E-04
 9.17098E-01  6.45785E-04
 9.17206E-01  6.45565E-04
 9.17315E-01  6.45346E-04
 9.17423E-01  6.45127E-04
 9.17531E-01  6.44907E-04
 9.17639E-01  6.44688E-04
 9.17747E-01  6.44468E-04
 9.17856E-01  6.44248E-04
 9.17964E-01  6.44029E-04
 9.18072E-01  6.43809E-04
 9.18180E-01  6.43594E-04
 9.18289E-01  6.43369E-04
 9.18397E-01  6.43149E-04
 9.18506E-01  6.42928E-04
 9.18614E-01  6.42708E-04
 9.18722E-01  6.42488E-04
 9.18831E-01  6.42267E-04
 9.18939E-01  6.42047E-04
 9.19048E-01  6.41826E-04
 9.19156E-01  6.41605E-04
 9.19265E-01  6.41384E-04
 9.19374E-01  6.41163E-04
 9.19482E-01  6.40942E-04
 9.19591E-01  6.40721E-04
 9.19700E-01  6.40500E-04
 9.19808E-01  6.40279E-04
 9.19917E-01  6.40057E-04
 9.20026E-01  6.39836E-04
 9.20135E-01  6.39614E-04
 9.20243E-01  6.39393E-04
 9.20352E-01  6.39171E-04
 9.20461E-01  6.38949E-04
 9.20570E-01  6.38727E-04
 9.20679E-01  6.38505E-04
 9.20788E-01  6.39814E-04
 9.20897E-01  6.38062E-04
 9.21006E-01  6.37839E-04
 9.21115E-01  6.37790E-04
 9.21224E-01  6.37394E-04
 9.21333E-01  6.37299E-04
 9.21442E-01  6.36973E-04
 9.21551E-01  6.36726E-04
 9.21660E-01  6.36507E-04
 9.21769E-01  6.36281E-04
 9.21879E-01  6.36058E-04
 9.21988E-01  6.36002E-04
 9.22097E-01  6.35707E-04
 9.22186E-01  6.35447E-04
 9.22206E-01  6.35485E-04
 9.22316E-01  6.36783E-04
 9.22425E-01  6.36261E-04
 9.22534E-01  6.36411E-04
 9.22644E-01  6.36700E-04
 9.22753E-01  6.37004E-04
 9.22862E-01  6.37313E-04
 9.22972E-01  6.37650E-04
 9.23081E-01  6.37926E-04
 9.23191E-01  6.39084E-04
 9.23300E-01  6.38545E-04
 9.23410E-01  6.39366E-04
 9.23520E-01  6.39201E-04
 9.23629E-01  6.39448E-04
 9.23739E-01  6.39746E-04
 9.23848E-01  6.40049E-04
 9.23958E-01  6.40476E-04
 9.24068E-01  6.40660E-04
 9.24178E-01  6.40971E-04
 9.24287E-01  6.41270E-04
 9.24397E-01  6.41610E-04
 9.24507E-01  6.41881E-04
 9.24617E-01  6.42345E-04
 9.24727E-01  6.42987E-04
 9.24837E-01  6.42801E-04
 9.24946E-01  6.43105E-04
 9.25056E-01  6.43431E-04
 9.25166E-01  6.43839E-04
 9.25276E-01  6.44108E-04
 9.25386E-01  6.44448E-04
 9.25496E-01  6.44639E-04
 9.25607E-01  6.44959E-04
 9.25717E-01  6.48143E-04
 9.25827E-01  6.45939E-04
 9.25937E-01  6.46911E-04
 9.26047E-01  6.46227E-04
 9.26157E-01  6.46611E-04
 9.26268E-01  6.55964E-04
 9.26378E-01  6.47092E-04
 9.26488E-01  6.47466E-04
 9.26598E-01  6.49383E-04
 9.26709E-01  6.48098E-04
 9.26819E-01  6.48446E-04
 9.26929E-01  6.48946E-04
 9.27040E-01  6.50075E-04
 9.27150E-01  6.50207E-04
 9.27261E-01  6.49589E-04
 9.27371E-01  6.50864E-04
 9.27482E-01  6.50211E-04
 9.27592E-01  6.50483E-04
 9.27703E-01  6.51182E-04
 9.27814E-01  6.52252E-04
 9.27924E-01  6.51849E-04
 9.28035E-01  6.52689E-04
 9.28146E-01  6.52032E-04
 9.28256E-01  6.52425E-04
 9.28367E-01  6.53000E-04
 9.28478E-01  6.53343E-04
 9.28589E-01  6.54392E-04
 9.28699E-01  6.53605E-04
 9.28810E-01  6.54370E-04
 9.28921E-01  6.54320E-04
 9.29032E-01  6.59310E-04
 9.29143E-01  6.67601E-04
 9.29254E-01  6.55488E-04
 9.29365E-01  6.55770E-04
 9.29476E-01  6.57555E-04
 9.29587E-01  6.56103E-04
 9.29698E-01  6.58008E-04
 9.29809E-01  6.56912E-04
 9.29920E-01  6.57931E-04
 9.30031E-01  6.57397E-04
 9.30142E-01  6.57645E-04
 9.30254E-01  6.59468E-04
 9.30365E-01  6.63393E-04
 9.30476E-01  6.59709E-04
 9.30587E-01  6.63527E-04
 9.30699E-01  6.59543E-04
 9.30810E-01  6.59920E-04
 9.30921E-01  6.60646E-04
 9.31033E-01  6.60311E-04
 9.31144E-01  6.68410E-04
 9.31255E-01  6.63387E-04
 9.31367E-01  6.61075E-04
 9.31478E-01  6.65726E-04
 9.31590E-01  6.86201E-04
 9.31701E-01  6.63083E-04
 9.31813E-01  6.70129E-04
 9.31925E-01  6.83967E-04
 9.32036E-01  6.64520E-04
 9.32148E-01  6.69510E-04
 9.32259E-01  6.69877E-04
 9.32371E-01  6.75384E-04
 9.32483E-01  6.93310E-04
 9.32595E-01  6.83926E-04
 9.32706E-01  6.99277E-04
 9.32818E-01  6.82704E-04
 9.32930E-01  7.02090E-04
 9.33042E-01  7.14284E-04
 9.33154E-01  6.85513E-04
 9.33266E-01  7.16711E-04
 9.33378E-01  7.38336E-04
 9.33490E-01  7.30919E-04
 9.33602E-01  7.57983E-04
 9.33714E-01  8.69024E-04
 9.33826E-01  7.75179E-04
 9.33938E-01  8.58834E-04
 9.34050E-01  9.92800E-04
 9.34162E-01  9.89915E-04
 9.34274E-01  1.35814E-03
 9.34386E-01  1.61793E-03
 9.34498E-01  2.13136E-03
 9.34611E-01  2.49248E-03
 9.34723E-01  3.18106E-03
 9.34835E-01  3.98443E-03
 9.34947E-01  5.78754E-03
 9.35060E-01  7.21055E-03
 9.35172E-01  8.77886E-03
 9.35285E-01  9.23588E-03
 9.35397E-01  1.06112E-02
 9.35509E-01  1.16308E-02
 9.35622E-01  1.11932E-02
 9.35734E-01  1.30317E-02
 9.35847E-01  1.36810E-02
 9.35959E-01  1.33673E-02
 9.36072E-01  1.42085E-02
 9.36185E-01  1.40302E-02
 9.36297E-01  1.42654E-02
 9.36410E-01  1.29822E-02
 9.36523E-01  1.31188E-02
 9.36635E-01  1.38949E-02
 9.36748E-01  1.24283E-02
 9.36861E-01  1.15029E-02
 9.36974E-01  1.21981E-02
 9.37087E-01  1.10372E-02
 9.37199E-01  1.08237E-02
 9.37312E-01  9.18269E-03
 9.37425E-01  1.01366E-02
 9.37538E-01  9.92209E-03
 9.37651E-01  9.53184E-03
 9.37764E-01  8.81083E-03
 9.37877E-01  7.97658E-03
 9.37990E-01  8.00593E-03
 9.38103E-01  8.44485E-03
 9.38216E-01  7.80882E-03
 9.38329E-01  7.68074E-03
 9.38443E-01  7.09437E-03
 9.38556E-01  6.52397E-03
 9.38669E-01  6.40706E-03
 9.38782E-01  6.25399E-03
 9.38895E-01  5.53847E-03
 9.39009E-01  6.00515E-03
 9.39122E-01  5.53515E-03
 9.39235E-01  5.25882E-03
 9.39349E-01  5.18962E-03
 9.39462E-01  4.48181E-03
 9.39576E-01  4.78796E-03
 9.39689E-01  4.65034E-03
 9.39802E-01  4.60889E-03
 9.39916E-01  3.87798E-03
 9.40030E-01  3.88230E-03
 9.40143E-01  3.50770E-03
 9.40257E-01  3.38607E-03
 9.40370E-01  3.33949E-03
 9.40484E-01  2.95065E-03
 9.40598E-01  3.06325E-03
 9.40711E-01  2.91722E-03
 9.40825E-01  2.66040E-03
 9.40939E-01  2.55804E-03
 9.41053E-01  2.42463E-03
 9.41166E-01  2.19985E-03
 9.41280E-01  2.23779E-03
 9.41394E-01  1.80296E-03
 9.41508E-01  1.80532E-03
 9.41622E-01  1.73528E-03
 9.41736E-01  1.79736E-03
 9.41850E-01  1.42196E-03
 9.41964E-01  1.37579E-03
 9.42078E-01  1.33931E-03
 9.42192E-01  1.27429E-03
 9.42306E-01  1.32073E-03
 9.42420E-01  1.28102E-03
 9.42534E-01  1.19232E-03
 9.42648E-01  1.17020E-03
 9.42763E-01  9.76265E-04
 9.42877E-01  9.70698E-04
 9.42991E-01  9.27319E-04
 9.43105E-01  1.01103E-03
 9.43220E-01  8.96075E-04
 9.43334E-01  8.95049E-04
 9.43448E-01  9.02620E-04
 9.43563E-01  8.87345E-04
 9.43677E-01  8.15994E-04
 9.43792E-01  8.13427E-04
 9.43906E-01  8.26269E-04
 9.44021E-01  8.00160E-04
 9.44135E-01  7.72279E-04
 9.44250E-01  7.67378E-04
 9.44364E-01  7.25467E-04
 9.44479E-01  7.70627E-04
 9.44594E-01  7.24603E-04
 9.44708E-01  7.28296E-04
 9.44823E-01  7.30776E-04
 9.44938E-01  7.24015E-04
 9.45052E-01  7.15350E-04
 9.45167E-01  7.16311E-04
 9.45282E-01  7.05800E-04
 9.45397E-01  7.11937E-04
 9.45512E-01  7.04648E-04
 9.45627E-01  7.10885E-04
 9.45741E-01  7.27588E-04
 9.45856E-01  7.12082E-04
 9.45971E-01  7.08029E-04
 9.46086E-01  7.04230E-04
 9.46201E-01  7.09664E-04
 9.46316E-01  7.05382E-04
 9.46432E-01  7.07156E-04
 9.46547E-01  7.05981E-04
 9.46662E-01  7.10802E-04
 9.46777E-01  7.04612E-04
 9.46892E-01  7.05280E-04
 9.47007E-01  7.06255E-04
 9.47123E-01  7.07249E-04
 9.47238E-01  7.06904E-04
 9.47353E-01  7.07753E-04
 9.47469E-01  7.07013E-04
 9.47584E-01  7.06833E-04
 9.47699E-01  7.07066E-04
 9.47815E-01  7.07369E-04
 9.47930E-01  7.07715E-04
 9.48046E-01  7.08126E-04
 9.48161E-01  7.08559E-04
 9.48277E-01  7.08704E-04
 9.48392E-01  7.09630E-04
 9.48508E-01  7.09965E-04
 9.48624E-01  7.09703E-04
 9.48739E-01  7.10249E-04
 9.48855E-01  7.10301E-04
 9.48971E-01  7.10663E-04
 9.49086E-01  7.10959E-04
 9.49202E-01  7.11705E-04
 9.49318E-01  7.11619E-04
 9.49434E-01  7.11944E-04
 9.49549E-01  7.12302E-04
 9.49665E-01  7.12610E-04
 9.49781E-01  7.14114E-04
 9.49897E-01  7.13260E-04
 9.50013E-01  7.13588E-04
 9.50129E-01  7.13919E-04
 9.50245E-01  7.14247E-04
 9.50361E-01  7.14577E-04
 9.50477E-01  7.15071E-04
 9.50593E-01  7.15236E-04
 9.50710E-01  7.15566E-04
 9.50826E-01  7.15896E-04
 9.50942E-01  7.16227E-04
 9.51058E-01  7.16557E-04
 9.51174E-01  7.16887E-04
 9.51291E-01  7.17217E-04
 9.51407E-01  7.17722E-04
 9.51523E-01  7.17881E-04
 9.51640E-01  7.18258E-04
 9.51756E-01  7.18540E-04
 9.51872E-01  7.18872E-04
 9.51989E-01  7.19203E-04
 9.52105E-01  7.19534E-04
 9.52222E-01  7.19865E-04
 9.52338E-01  7.20197E-04
 9.52455E-01  7.20528E-04
 9.52571E-01  7.20877E-04
 9.52688E-01  7.21192E-04
 9.52805E-01  7.21527E-04
 9.52921E-01  7.21856E-04
 9.53038E-01  7.22188E-04
 9.53155E-01  7.22520E-04
 9.53272E-01  7.22853E-04
 9.53388E-01  7.23185E-04
 9.53505E-01  7.23523E-04
 9.53622E-01  7.23850E-04
 9.53739E-01  7.24184E-04
 9.53856E-01  7.24516E-04
 9.53973E-01  7.24849E-04
 9.54090E-01  7.25182E-04
 9.54207E-01  7.25546E-04
 9.54324E-01  7.25849E-04
 9.54441E-01  7.26182E-04
 9.54558E-01  7.26516E-04
 9.54675E-01  7.26850E-04
 9.54792E-01  7.27183E-04
 9.54909E-01  7.27517E-04
 9.55026E-01  7.27852E-04
 9.55144E-01  7.28186E-04
 9.55261E-01  7.28520E-04
 9.55378E-01  7.28854E-04
 9.55495E-01  7.29189E-04
 9.55613E-01  7.29523E-04
 9.55730E-01  7.29858E-04
 9.55847E-01  7.30193E-04
 9.55965E-01  7.30528E-04
 9.56082E-01  7.30863E-04
 9.56200E-01  7.31198E-04
 9.56317E-01  7.31533E-04
 9.56435E-01  7.31869E-04
 9.56552E-01  7.32204E-04
 9.56670E-01  7.32540E-04
 9.56788E-01  7.32876E-04
 9.56905E-01  7.33211E-04
 9.57023E-01  7.33547E-04
 9.57141E-01  7.33883E-04
 9.57258E-01  7.34220E-04
 9.57376E-01  7.34556E-04
 9.57494E-01  7.34892E-04
 9.57612E-01  7.35229E-04
 9.57730E-01  7.35565E-04
 9.57847E-01  7.35902E-04
 9.57965E-01  7.36239E-04
 9.58083E-01  7.36576E-04
 9.58201E-01  7.36913E-04
 9.58319E-01  7.37250E-04
 9.58437E-01  7.37588E-04
 9.58555E-01  7.37925E-04
 9.58673E-01  7.38262E-04
 9.58792E-01  7.38600E-04
 9.58910E-01  7.38938E-04
 9.59028E-01  7.39278E-04
 9.59146E-01  7.39614E-04
 9.59264E-01  7.39952E-04
 9.59383E-01  7.40290E-04
 9.59501E-01  7.40628E-04
 9.59619E-01  7.40967E-04
 9.59737E-01  7.41305E-04
 9.59856E-01  7.41644E-04
 9.59974E-01  7.41983E-04
 9.60093E-01  7.42322E-04
 9.60211E-01  7.42661E-04
 9.60330E-01  7.43000E-04
 9.60448E-01  7.43339E-04
 9.60567E-01  7.43679E-04
 9.60685E-01  7.44018E-04
 9.60804E-01  7.44358E-04
 9.60923E-01  7.44697E-04
 9.61041E-01  7.45037E-04
 9.61160E-01  7.45377E-04
 9.61279E-01  7.45717E-04
 9.61397E-01  7.46057E-04
 9.61516E-01  7.46398E-04
 9.61635E-01  7.46738E-04
 9.61754E-01  7.47078E-04
 9.61873E-01  7.47419E-04
 9.61992E-01  7.47760E-04
 9.62110E-01  7.48101E-04
 9.62229E-01  7.48442E-04
 9.62348E-01  7.48783E-04
 9.62467E-01  7.49124E-04
 9.62587E-01  7.49465E-04
 9.62706E-01  7.49807E-04
 9.62825E-01  7.50148E-04
 9.62944E-01  7.50490E-04
 9.63063E-01  7.50832E-04
 9.63182E-01  7.51173E-04
 9.63301E-01  7.51515E-04
 9.63421E-01  7.51858E-04
 9.63540E-01  7.52200E-04
 9.63659E-01  7.52542E-04
 9.63779E-01  7.52885E-04
 9.63898E-01  7.53227E-04
 9.64017E-01  7.53570E-04
 9.64137E-01  7.53913E-04
 9.64256E-01  7.54256E-04
 9.64376E-01  7.54599E-04
 9.64495E-01  7.54942E-04
 9.64615E-01  7.55285E-04
 9.65737E-01  7.58508E-04
 1.01134E+00  8.23094E-04
 1.05910E+00  8.56547E-04
 1.10912E+00  8.95477E-04
 1.16150E+00  8.83567E-04
 1.21635E+00  8.52582E-04
 1.27379E+00  8.58403E-04
 1.33395E+00  8.17839E-04
 1.39695E+00  7.80822E-04
 1.46292E+00  7.15568E-04
 1.53200E+00  6.65920E-04
 1.60435E+00  6.15065E-04
 1.68012E+00  5.82359E-04
 1.75946E+00  5.60118E-04
 1.84255E+00  5.47645E-04
 1.92957E+00  5.59898E-04
 2.02069E+00  5.71476E-04
 2.11612E+00  5.72440E-04
 2.21605E+00  5.89693E-04
 2.32071E+00  5.96546E-04
 2.43030E+00  5.98953E-04
 2.54507E+00  6.09783E-04
 2.66527E+00  6.14055E-04
 2.79113E+00  6.26846E-04
 2.92295E+00  8.79866E-04
 3.06098E+00  1.04499E-03
 3.20554E+00  1.09530E-03
 3.35692E+00  1.07725E-03
 3.51545E+00  1.14150E-03
 3.68147E+00  1.11062E-03
 3.85533E+00  1.14075E-03
 4.03739E+00  1.13923E-03
 4.22806E+00  1.14788E-03
 4.42773E+00  1.16191E-03
 4.63683E+00  1.15878E-03
 4.85581E+00  1.15279E-03
 5.08512E+00  1.13867E-03
 5.32527E+00  1.15110E-03
 5.57676E+00  1.16248E-03
 5.84012E+00  1.18013E-03
 6.11592E+00  1.18903E-03
 6.40475E+00  1.22256E-03
 6.70721E+00  1.26707E-03
 7.02396E+00  1.31900E-03
 7.35567E+00  1.36051E-03
 7.70304E+00  1.35876E-03
 8.06682E+00  1.38701E-03
 8.44778E+00  1.38043E-03
 8.84673E+00  1.40308E-03
 9.26451E+00  1.40706E-03
 9.70203E+00  1.42758E-03
 1.01602E+01  1.43291E-03
 1.06400E+01  1.47073E-03
 1.11425E+01  1.52207E-03
 1.16687E+01  1.56060E-03
 1.22198E+01  1.56598E-03
 1.27969E+01  1.59778E-03
 1.34012E+01  1.55047E-03
 1.40341E+01  1.54375E-03
 1.46968E+01  1.49526E-03
 1.53909E+01  1.40942E-03
 1.61177E+01  1.38700E-03
 1.68789E+01  1.31735E-03
 1.76760E+01  1.20618E-03
 1.85107E+01  1.03935E-03
 1.93849E+01  1.02901E-03
 2.03004E+01  1.00979E-03
 2.12591E+01  9.89794E-04
 2.22630E+01  9.63370E-04
 2.33144E+01  9.29139E-04
 2.44154E+01  8.70084E-04
 2.55685E+01  8.43854E-04
 2.67759E+01  8.11163E-04
 2.80404E+01  8.11946E-04
 2.93646E+01  7.82394E-04
 3.07514E+01  7.98889E-04
 3.22036E+01  7.87236E-04
 3.37245E+01  7.71586E-04
 3.53171E+01  7.86349E-04
 3.69850E+01  9.11402E-04
 3.87316E+01  1.05102E-03
 4.05607E+01  1.24792E-03
 4.24762E+01  1.49601E-03
 4.44821E+01  1.78103E-03
 4.65828E+01  2.11628E-03
 4.87827E+01  2.56756E-03
 5.10864E+01  3.10281E-03
 5.34990E+01  3.76923E-03
 5.60255E+01  4.57447E-03
 5.86713E+01  5.62451E-03
 6.14421E+01  6.93071E-03
 6.43437E+01  8.92667E-03
 6.73823E+01  1.11768E-02
 7.05645E+01  1.44901E-02
 7.38969E+01  1.79955E-02
 7.73867E+01  2.14922E-02
 8.10413E+01  2.50902E-02
 8.48685E+01  2.89623E-02
 8.88764E+01  3.30666E-02
 9.30736E+01  3.81385E-02
 9.74691E+01  4.39281E-02
 1.02072E+02  5.04088E-02
 1.06892E+02  5.88205E-02
 1.11940E+02  7.00889E-02
 1.17227E+02  8.40493E-02
 1.22763E+02  1.00885E-01
 1.28560E+02  1.21937E-01
 1.34632E+02  1.45253E-01
 1.40990E+02  1.72564E-01
 1.47648E+02  2.00680E-01
 1.54621E+02  2.32682E-01
 1.61923E+02  2.67700E-01
 1.69569E+02  3.08171E-01
 1.77577E+02  3.52600E-01
 1.85964E+02  4.01085E-01
 1.94746E+02  4.54276E-01
 2.03943E+02  5.12196E-01
 2.13574E+02  5.70595E-01
 2.23660E+02  6.29698E-01
 2.34222E+02  6.90332E-01
 2.45284E+02  7.48832E-01
 2.56867E+02  8.00550E-01
 2.68998E+02  8.49872E-01
 2.81701E+02  8.89953E-01
 2.95005E+02  9.27742E-01
 3.08936E+02  9.54671E-01
 3.23526E+02  9.77384E-01
 3.38804E+02  9.90602E-01
 3.54804E+02  9.93330E-01
 3.71560E+02  9.99166E-01
 3.89107E+02  9.94073E-01
 4.07483E+02  9.86749E-01
 4.26726E+02  9.71038E-01
 4.46878E+02  9.57012E-01
 4.67982E+02  9.37292E-01
 4.90083E+02  9.10403E-01
 5.13227E+02  8.85021E-01
 5.37464E+02  8.57369E-01
 5.62846E+02  8.20888E-01
 5.89427E+02  7.93491E-01
 6.17263E+02  7.56815E-01
 6.46413E+02  7.19222E-01
 6.76940E+02  6.82020E-01
 7.08909E+02  6.44015E-01
 7.42387E+02  6.01734E-01
 7.77446E+02  5.65377E-01
 8.14161E+02  5.21731E-01
 8.52610E+02  4.85457E-01
 8.92875E+02  4.46680E-01
 9.35041E+02  4.11259E-01
 9.79199E+02  3.72296E-01
 1.02544E+03  3.44600E-01
 1.07387E+03  3.07014E-01
 1.12458E+03  2.76023E-01
 1.17769E+03  2.47387E-01
 1.23331E+03  2.21255E-01
 1.29155E+03  1.94810E-01
 1.35254E+03  1.73786E-01
 1.41642E+03  1.52480E-01
 1.48331E+03  1.33804E-01
 1.55336E+03  1.16643E-01
 1.62672E+03  1.02599E-01
 1.70354E+03  8.97753E-02
 1.78399E+03  7.46085E-02
 1.86824E+03  6.53570E-02
 1.95646E+03  5.60315E-02
 2.04886E+03  4.80339E-02
 2.14562E+03  4.09988E-02
 2.24694E+03  3.57670E-02
 2.35306E+03  2.98887E-02
 2.46418E+03  2.58615E-02
 2.58055E+03  2.20586E-02
 2.70242E+03  1.89775E-02
 2.83004E+03  1.59315E-02
 2.96369E+03  1.31477E-02
 3.10365E+03  1.06894E-02
 3.25022E+03  1.00161E-02
 3.40371E+03  8.41823E-03
 3.56445E+03  7.11054E-03
 3.73279E+03  6.30325E-03
 3.90907E+03  5.14159E-03
 4.09367E+03  5.21916E-03
 4.28700E+03  3.73463E-03
 4.48945E+03  3.34473E-03
 4.70147E+03  2.10345E-03
 4.92350E+03  1.87976E-03
 5.15601E+03  1.86024E-03
 5.39950E+03  9.47162E-04
 5.65449E+03  1.40553E-03
 5.92153E+03  1.41717E-03
 6.20117E+03  1.02414E-03
 6.49403E+03  8.07981E-04
 6.80071E+03  4.24750E-04
 7.12187E+03  4.40840E-04
 7.45820E+03  5.43455E-04
