 7.88283E-05  6.81723E-11
 8.25510E-05  6.23361E-11
 8.64495E-05  6.68163E-11
 9.05321E-05  6.65005E-11
 9.48075E-05  7.57063E-11
 9.92848E-05  7.39207E-11
 1.03974E-04  1.12000E-10
 1.08884E-04  9.84691E-11
 1.14026E-04  1.14790E-10
 1.19411E-04  1.46920E-10
 1.25050E-04  1.48081E-10
 1.30955E-04  1.43542E-10
 1.37140E-04  1.63853E-10
 1.43616E-04  1.31839E-10
 1.50398E-04  2.08025E-10
 1.57501E-04  2.16729E-10
 1.64939E-04  2.74880E-10
 1.72728E-04  2.45508E-10
 1.80886E-04  2.74578E-10
 1.89428E-04  2.95703E-10
 1.98374E-04  3.34008E-10
 2.07742E-04  3.74408E-10
 2.17553E-04  3.46927E-10
 2.27826E-04  3.93792E-10
 2.38586E-04  4.53902E-10
 2.49853E-04  5.44359E-10
 2.61652E-04  6.13094E-10
 2.74009E-04  6.06738E-10
 2.86949E-04  6.08200E-10
 3.00500E-04  5.85811E-10
 3.14691E-04  7.68142E-10
 3.29553E-04  6.44286E-10
 3.45116E-04  7.39148E-10
 3.61414E-04  7.86012E-10
 3.78482E-04  8.66820E-10
 3.96356E-04  8.65312E-10
 4.15074E-04  9.58331E-10
 4.34676E-04  1.08810E-09
 4.55203E-04  1.21249E-09
 4.76700E-04  1.35944E-09
 4.99213E-04  1.27793E-09
 5.22788E-04  1.47513E-09
 5.47477E-04  1.38282E-09
 5.73332E-04  1.73791E-09
 6.00407E-04  1.79977E-09
 6.28762E-04  1.68257E-09
 6.58455E-04  2.01593E-09
 6.89551E-04  2.04490E-09
 7.22115E-04  2.32840E-09
 7.56217E-04  2.35236E-09
 7.91929E-04  2.39448E-09
 8.29328E-04  2.41874E-09
 8.68493E-04  3.33662E-09
 9.09508E-04  2.80905E-09
 9.52460E-04  2.96222E-09
 9.97440E-04  3.28878E-09
 1.04454E-03  3.38574E-09
 1.09387E-03  3.73941E-09
 1.14553E-03  3.76902E-09
 1.19963E-03  4.24657E-09
 1.25628E-03  4.54144E-09
 1.31561E-03  4.78768E-09
 1.37774E-03  4.49376E-09
 1.44280E-03  5.51591E-09
 1.51094E-03  5.52246E-09
 1.58230E-03  5.56102E-09
 1.65702E-03  6.35940E-09
 1.73527E-03  6.28165E-09
 1.81722E-03  7.39074E-09
 1.90304E-03  7.94144E-09
 1.99291E-03  7.74387E-09
 2.08703E-03  8.53616E-09
 2.18559E-03  8.86365E-09
 2.28880E-03  8.56900E-09
 2.39689E-03  9.74562E-09
 2.51008E-03  1.08133E-08
 2.62862E-03  1.20657E-08
 2.75276E-03  1.17122E-08
 2.88276E-03  1.22080E-08
 3.01890E-03  1.45592E-08
 3.16147E-03  1.48098E-08
 3.31077E-03  1.56423E-08
 3.46712E-03  1.71461E-08
 3.63086E-03  1.62639E-08
 3.80232E-03  1.62382E-08
 3.98189E-03  1.76725E-08
 4.16993E-03  1.94009E-08
 4.36686E-03  2.16450E-08
 4.57309E-03  2.12880E-08
 4.78905E-03  2.04711E-08
 5.01522E-03  2.03556E-08
 5.25206E-03  2.42701E-08
 5.50009E-03  2.44751E-08
 5.75983E-03  2.41753E-08
 6.03184E-03  2.50690E-08
 6.31670E-03  2.69877E-08
 6.61500E-03  2.51979E-08
 6.92740E-03  2.72898E-08
 7.25455E-03  2.90719E-08
 7.59714E-03  2.74823E-08
 7.95592E-03  3.05965E-08
 8.33164E-03  2.75235E-08
 8.72510E-03  2.66035E-08
 9.13715E-03  2.26751E-08
 9.56865E-03  2.34543E-08
 1.00205E-02  2.49049E-08
 1.04938E-02  2.22227E-08
 1.09893E-02  2.00816E-08
 1.15083E-02  2.10805E-08
 1.20518E-02  2.11862E-08
 1.26209E-02  2.09502E-08
 1.32170E-02  1.96501E-08
 1.38411E-02  1.71567E-08
 1.44948E-02  1.77726E-08
 1.51793E-02  1.67102E-08
 1.58961E-02  1.50800E-08
 1.66468E-02  1.55874E-08
 1.74330E-02  1.74333E-08
 1.82563E-02  1.55093E-08
 1.91184E-02  2.31728E-08
 2.00213E-02  2.17716E-08
 2.09668E-02  1.99117E-08
 2.19570E-02  2.56625E-08
 2.29939E-02  2.77987E-08
 2.40798E-02  3.16744E-08
 2.52169E-02  3.60054E-08
 2.64078E-02  3.69688E-08
 2.76549E-02  5.37015E-08
 2.89609E-02  4.17457E-08
 3.03286E-02  4.68047E-08
 3.17609E-02  4.90748E-08
 3.32608E-02  6.13629E-08
 3.48316E-02  8.64941E-08
 3.64765E-02  8.29033E-08
 3.81991E-02  8.12457E-08
 4.00031E-02  7.93298E-08
 4.18922E-02  7.68583E-08
 4.38706E-02  7.09529E-08
 4.59424E-02  6.62378E-08
 4.81120E-02  5.70685E-08
 5.03841E-02  5.75314E-08
 5.27635E-02  5.16937E-08
 5.52553E-02  4.29967E-08
 5.78647E-02  4.01729E-08
 6.05974E-02  3.43896E-08
 6.34591E-02  2.69417E-08
 6.64560E-02  2.40538E-08
 6.95944E-02  1.93198E-08
 7.28810E-02  1.52534E-08
 7.63228E-02  1.15263E-08
 7.99272E-02  8.72907E-09
 8.37017E-02  6.81437E-09
 8.76546E-02  4.78155E-09
 9.17941E-02  3.36932E-09
 9.61291E-02  2.38589E-09
 1.00669E-01  1.58594E-09
 1.05423E-01  1.00678E-09
 1.10401E-01  7.27666E-10
 1.15615E-01  4.08189E-10
 1.21075E-01  2.88885E-10
 1.26793E-01  1.73777E-10
 1.32781E-01  9.92691E-11
 1.39051E-01  6.29352E-11
 1.45618E-01  3.16583E-11
 1.52495E-01  1.78623E-11
 1.59697E-01  1.02635E-11
 1.67238E-01  5.27827E-12
 1.75136E-01  5.40299E-12
 1.83407E-01  6.76340E-12
 1.92068E-01  1.23206E-11
 2.01139E-01  5.21280E-12
 2.10638E-01  3.21113E-12
 2.20585E-01  9.41990E-13
 2.31002E-01  6.29666E-13
 2.41911E-01  3.30056E-13
 2.53336E-01  1.45500E-13
 2.65300E-01  5.22219E-14
 2.77828E-01  2.00708E-14
 2.90949E-01  9.81713E-15
 3.04689E-01  4.15141E-15
 3.19078E-01  2.15804E-15
 3.34146E-01  9.28144E-16
 3.49927E-01  4.52292E-16
 3.66452E-01  2.34425E-16
 3.83758E-01  1.47202E-16
 4.01881E-01  1.14167E-16
 4.20860E-01  6.29078E-17
 4.40735E-01  7.64482E-17
 4.61549E-01  8.73841E-17
 4.83345E-01  1.67486E-16
 5.06171E-01  3.14300E-16
 5.30075E-01  1.21266E-15
 5.55108E-01  7.99858E-15
 5.81323E-01  9.09837E-14
 6.08777E-01  2.49037E-12
 6.37526E-01  1.99261E-10
 6.67633E-01  4.58968E-08
 6.99163E-01  7.57940E-05
 7.32181E-01  4.60626E-04
 7.66758E-01  5.71875E-04
 8.02968E-01  6.29151E-04
 8.40889E-01  7.17124E-04
 8.80600E-01  7.32730E-04
 9.08427E-01  6.65942E-04
 9.08533E-01  6.65683E-04
 9.08639E-01  6.65423E-04
 9.08745E-01  6.65163E-04
 9.08851E-01  6.64903E-04
 9.08957E-01  6.64643E-04
 9.09064E-01  6.64382E-04
 9.09170E-01  6.64122E-04
 9.09276E-01  6.63861E-04
 9.09382E-01  6.63601E-04
 9.09489E-01  6.63340E-04
 9.09595E-01  6.63079E-04
 9.09701E-01  6.62818E-04
 9.09808E-01  6.62557E-04
 9.09914E-01  6.62296E-04
 9.10020E-01  6.62035E-04
 9.10127E-01  6.61774E-04
 9.10233E-01  6.61513E-04
 9.10340E-01  6.61251E-04
 9.10446E-01  6.60989E-04
 9.10553E-01  6.60728E-04
 9.10659E-01  6.60466E-04
 9.10766E-01  6.60204E-04
 9.10873E-01  6.59942E-04
 9.10979E-01  6.59680E-04
 9.11086E-01  6.59418E-04
 9.11192E-01  6.59155E-04
 9.11299E-01  6.58893E-04
 9.11406E-01  6.58631E-04
 9.11513E-01  6.58368E-04
 9.11619E-01  6.58105E-04
 9.11726E-01  6.57842E-04
 9.11833E-01  6.57580E-04
 9.11940E-01  6.57317E-04
 9.12047E-01  6.57053E-04
 9.12154E-01  6.56790E-04
 9.12261E-01  6.56527E-04
 9.12368E-01  6.56264E-04
 9.12475E-01  6.56000E-04
 9.12582E-01  6.55736E-04
 9.12689E-01  6.55473E-04
 9.12796E-01  6.55209E-04
 9.12903E-01  6.54945E-04
 9.13010E-01  6.54681E-04
 9.13117E-01  6.54417E-04
 9.13224E-01  6.54153E-04
 9.13331E-01  6.53888E-04
 9.13438E-01  6.53624E-04
 9.13546E-01  6.53359E-04
 9.13653E-01  6.53095E-04
 9.13760E-01  6.52830E-04
 9.13868E-01  6.52565E-04
 9.13975E-01  6.52300E-04
 9.14082E-01  6.52035E-04
 9.14190E-01  6.51770E-04
 9.14297E-01  6.51505E-04
 9.14404E-01  6.51239E-04
 9.14512E-01  6.50974E-04
 9.14619E-01  6.50708E-04
 9.14727E-01  6.50443E-04
 9.14834E-01  6.50177E-04
 9.14942E-01  6.49911E-04
 9.15050E-01  6.49645E-04
 9.15157E-01  6.49379E-04
 9.15265E-01  6.49113E-04
 9.15372E-01  6.48846E-04
 9.15480E-01  6.48580E-04
 9.15588E-01  6.48320E-04
 9.15696E-01  6.48047E-04
 9.15803E-01  6.47780E-04
 9.15911E-01  6.47514E-04
 9.16019E-01  6.47247E-04
 9.16127E-01  6.46980E-04
 9.16235E-01  6.46713E-04
 9.16342E-01  6.46445E-04
 9.16450E-01  6.46178E-04
 9.16558E-01  6.45911E-04
 9.16666E-01  6.45643E-04
 9.16774E-01  6.45375E-04
 9.16882E-01  6.45108E-04
 9.16990E-01  6.44840E-04
 9.17098E-01  6.44572E-04
 9.17206E-01  6.44304E-04
 9.17315E-01  6.44036E-04
 9.17423E-01  6.43768E-04
 9.17531E-01  6.43499E-04
 9.17639E-01  6.43231E-04
 9.17747E-01  6.42962E-04
 9.17856E-01  6.42694E-04
 9.17964E-01  6.42425E-04
 9.18072E-01  6.42156E-04
 9.18180E-01  6.41887E-04
 9.18289E-01  6.41618E-04
 9.18397E-01  6.41349E-04
 9.18506E-01  6.41079E-04
 9.18614E-01  6.40810E-04
 9.18722E-01  6.40541E-04
 9.18831E-01  6.40271E-04
 9.18939E-01  6.40001E-04
 9.19048E-01  6.39731E-04
 9.19156E-01  6.39462E-04
 9.19265E-01  6.39192E-04
 9.19374E-01  6.38923E-04
 9.19482E-01  6.38656E-04
 9.19591E-01  6.38381E-04
 9.19700E-01  6.38113E-04
 9.19808E-01  6.37840E-04
 9.19917E-01  6.37569E-04
 9.20026E-01  6.37298E-04
 9.20135E-01  6.37030E-04
 9.20243E-01  6.36757E-04
 9.20352E-01  6.36528E-04
 9.20461E-01  6.36216E-04
 9.20570E-01  6.35943E-04
 9.20679E-01  6.35672E-04
 9.20788E-01  6.35400E-04
 9.20897E-01  6.35129E-04
 9.21006E-01  6.34857E-04
 9.21115E-01  6.34585E-04
 9.21224E-01  6.34335E-04
 9.21333E-01  6.34046E-04
 9.21442E-01  6.33769E-04
 9.21551E-01  6.33498E-04
 9.21660E-01  6.33225E-04
 9.21769E-01  6.32952E-04
 9.21879E-01  6.32699E-04
 9.21988E-01  6.32407E-04
 9.22097E-01  6.32134E-04
 9.22186E-01  6.31915E-04
 9.22206E-01  6.31981E-04
 9.22316E-01  6.32330E-04
 9.22425E-01  6.32684E-04
 9.22534E-01  6.33038E-04
 9.22644E-01  6.33401E-04
 9.22753E-01  6.33747E-04
 9.22862E-01  6.34101E-04
 9.22972E-01  6.34456E-04
 9.23081E-01  6.34811E-04
 9.23191E-01  6.35165E-04
 9.23300E-01  6.35520E-04
 9.23410E-01  6.35875E-04
 9.23520E-01  6.36231E-04
 9.23629E-01  6.36594E-04
 9.23739E-01  6.36941E-04
 9.23848E-01  6.37299E-04
 9.23958E-01  6.37652E-04
 9.24068E-01  6.38056E-04
 9.24178E-01  6.38364E-04
 9.24287E-01  6.38720E-04
 9.24397E-01  6.39321E-04
 9.24507E-01  6.39433E-04
 9.24617E-01  6.39789E-04
 9.24727E-01  6.40146E-04
 9.24837E-01  6.40829E-04
 9.24946E-01  6.40859E-04
 9.25056E-01  6.41224E-04
 9.25166E-01  6.41574E-04
 9.25276E-01  6.41929E-04
 9.25386E-01  6.43468E-04
 9.25496E-01  6.42644E-04
 9.25607E-01  6.43001E-04
 9.25717E-01  6.43666E-04
 9.25827E-01  6.43719E-04
 9.25937E-01  6.44074E-04
 9.26047E-01  6.44433E-04
 9.26157E-01  6.44791E-04
 9.26268E-01  6.45149E-04
 9.26378E-01  6.46687E-04
 9.26488E-01  6.45928E-04
 9.26598E-01  6.46240E-04
 9.26709E-01  6.46759E-04
 9.26819E-01  6.46942E-04
 9.26929E-01  6.47556E-04
 9.27040E-01  6.47660E-04
 9.27150E-01  6.86058E-04
 9.27261E-01  6.48381E-04
 9.27371E-01  6.49383E-04
 9.27482E-01  6.49547E-04
 9.27592E-01  6.49472E-04
 9.27703E-01  6.53351E-04
 9.27814E-01  6.50445E-04
 9.27924E-01  6.50639E-04
 9.28035E-01  6.51029E-04
 9.28146E-01  6.53455E-04
 9.28256E-01  6.51615E-04
 9.28367E-01  6.52271E-04
 9.28478E-01  6.52739E-04
 9.28589E-01  6.52972E-04
 9.28699E-01  6.53227E-04
 9.28810E-01  6.53427E-04
 9.28921E-01  6.61476E-04
 9.29032E-01  6.54148E-04
 9.29143E-01  6.57027E-04
 9.29254E-01  6.54918E-04
 9.29365E-01  6.55230E-04
 9.29476E-01  6.55681E-04
 9.29587E-01  6.55972E-04
 9.29698E-01  6.56403E-04
 9.29809E-01  6.60377E-04
 9.29920E-01  6.59451E-04
 9.30031E-01  6.61623E-04
 9.30142E-01  6.59130E-04
 9.30254E-01  6.59580E-04
 9.30365E-01  6.59627E-04
 9.30476E-01  6.59110E-04
 9.30587E-01  6.59429E-04
 9.30699E-01  6.82569E-04
 9.30810E-01  6.64832E-04
 9.30921E-01  6.60428E-04
 9.31033E-01  6.62802E-04
 9.31144E-01  6.83878E-04
 9.31255E-01  6.68979E-04
 9.31367E-01  6.78094E-04
 9.31478E-01  6.64005E-04
 9.31590E-01  7.01639E-04
 9.31701E-01  6.63778E-04
 9.31813E-01  6.70281E-04
 9.31925E-01  6.86906E-04
 9.32036E-01  6.82219E-04
 9.32148E-01  6.64629E-04
 9.32259E-01  6.95722E-04
 9.32371E-01  6.72431E-04
 9.32483E-01  7.36727E-04
 9.32595E-01  7.34946E-04
 9.32706E-01  6.96568E-04
 9.32818E-01  7.99443E-04
 9.32930E-01  8.36422E-04
 9.33042E-01  7.76360E-04
 9.33154E-01  8.15121E-04
 9.33266E-01  7.36616E-04
 9.33378E-01  8.51796E-04
 9.33490E-01  9.45721E-04
 9.33602E-01  7.94253E-04
 9.33714E-01  1.21406E-03
 9.33826E-01  1.05864E-03
 9.33938E-01  1.42504E-03
 9.34050E-01  1.36734E-03
 9.34162E-01  2.07855E-03
 9.34274E-01  1.89914E-03
 9.34386E-01  2.60532E-03
 9.34498E-01  3.33166E-03
 9.34611E-01  3.60921E-03
 9.34723E-01  3.87448E-03
 9.34835E-01  4.42815E-03
 9.34947E-01  5.77537E-03
 9.35060E-01  7.97683E-03
 9.35172E-01  8.56957E-03
 9.35285E-01  8.92266E-03
 9.35397E-01  1.03794E-02
 9.35509E-01  1.19844E-02
 9.35622E-01  1.24678E-02
 9.35734E-01  1.35984E-02
 9.35847E-01  1.34282E-02
 9.35959E-01  1.47453E-02
 9.36072E-01  1.21793E-02
 9.36185E-01  1.40231E-02
 9.36297E-01  1.39991E-02
 9.36410E-01  1.22924E-02
 9.36523E-01  1.30140E-02
 9.36635E-01  1.31668E-02
 9.36748E-01  1.23191E-02
 9.36861E-01  1.17156E-02
 9.36974E-01  1.14143E-02
 9.37087E-01  9.98189E-03
 9.37199E-01  1.09090E-02
 9.37312E-01  9.96479E-03
 9.37425E-01  9.37079E-03
 9.37538E-01  9.94556E-03
 9.37651E-01  9.65472E-03
 9.37764E-01  8.91911E-03
 9.37877E-01  8.59390E-03
 9.37990E-01  8.32489E-03
 9.38103E-01  8.28702E-03
 9.38216E-01  7.78391E-03
 9.38329E-01  6.99531E-03
 9.38443E-01  7.37870E-03
 9.38556E-01  7.30049E-03
 9.38669E-01  6.49766E-03
 9.38782E-01  5.53908E-03
 9.38895E-01  5.59802E-03
 9.39009E-01  4.96762E-03
 9.39122E-01  5.37492E-03
 9.39235E-01  4.78969E-03
 9.39349E-01  4.45171E-03
 9.39462E-01  4.15033E-03
 9.39576E-01  4.13674E-03
 9.39689E-01  4.14378E-03
 9.39802E-01  4.04352E-03
 9.39916E-01  3.82876E-03
 9.40030E-01  3.20346E-03
 9.40143E-01  3.23133E-03
 9.40257E-01  3.12273E-03
 9.40370E-01  3.37398E-03
 9.40484E-01  2.96711E-03
 9.40598E-01  2.39081E-03
 9.40711E-01  2.12132E-03
 9.40825E-01  2.53519E-03
 9.40939E-01  2.25526E-03
 9.41053E-01  2.00886E-03
 9.41166E-01  1.79228E-03
 9.41280E-01  1.64186E-03
 9.41394E-01  1.70430E-03
 9.41508E-01  1.58601E-03
 9.41622E-01  1.44786E-03
 9.41736E-01  1.24695E-03
 9.41850E-01  1.41410E-03
 9.41964E-01  1.39797E-03
 9.42078E-01  1.16876E-03
 9.42192E-01  1.15827E-03
 9.42306E-01  1.17570E-03
 9.42420E-01  1.07985E-03
 9.42534E-01  1.07739E-03
 9.42648E-01  9.73395E-04
 9.42763E-01  8.51326E-04
 9.42877E-01  1.03240E-03
 9.42991E-01  9.46777E-04
 9.43105E-01  8.67894E-04
 9.43220E-01  8.84234E-04
 9.43334E-01  8.40869E-04
 9.43448E-01  8.88263E-04
 9.43563E-01  7.76321E-04
 9.43677E-01  7.42830E-04
 9.43792E-01  7.35351E-04
 9.43906E-01  7.77763E-04
 9.44021E-01  7.53463E-04
 9.44135E-01  7.38259E-04
 9.44250E-01  7.49755E-04
 9.44364E-01  7.47128E-04
 9.44479E-01  7.66721E-04
 9.44594E-01  7.20442E-04
 9.44708E-01  7.25656E-04
 9.44823E-01  7.66249E-04
 9.44938E-01  7.91609E-04
 9.45052E-01  7.20324E-04
 9.45167E-01  7.16194E-04
 9.45282E-01  7.15597E-04
 9.45397E-01  7.30510E-04
 9.45512E-01  7.22837E-04
 9.45627E-01  7.10106E-04
 9.45741E-01  7.12775E-04
 9.45856E-01  7.25540E-04
 9.45971E-01  7.33326E-04
 9.46086E-01  7.12260E-04
 9.46201E-01  7.13813E-04
 9.46316E-01  7.12799E-04
 9.46432E-01  7.12988E-04
 9.46547E-01  7.12588E-04
 9.46662E-01  7.16960E-04
 9.46777E-01  7.12921E-04
 9.46892E-01  7.15236E-04
 9.47007E-01  7.14050E-04
 9.47123E-01  7.16387E-04
 9.47238E-01  7.23826E-04
 9.47353E-01  7.14578E-04
 9.47469E-01  7.14782E-04
 9.47584E-01  7.15140E-04
 9.47699E-01  7.19067E-04
 9.47815E-01  7.15883E-04
 9.47930E-01  7.16438E-04
 9.48046E-01  7.16553E-04
 9.48161E-01  7.17923E-04
 9.48277E-01  7.17402E-04
 9.48392E-01  7.18048E-04
 9.48508E-01  7.18796E-04
 9.48624E-01  7.18620E-04
 9.48739E-01  7.19173E-04
 9.48855E-01  7.19544E-04
 9.48971E-01  7.19765E-04
 9.49086E-01  7.20011E-04
 9.49202E-01  7.20382E-04
 9.49318E-01  7.20763E-04
 9.49434E-01  7.21180E-04
 9.49549E-01  7.23139E-04
 9.49665E-01  7.21921E-04
 9.49781E-01  7.22311E-04
 9.49897E-01  7.22708E-04
 9.50013E-01  7.23068E-04
 9.50129E-01  7.23512E-04
 9.50245E-01  7.23836E-04
 9.50361E-01  7.24222E-04
 9.50477E-01  7.24614E-04
 9.50593E-01  7.25095E-04
 9.50710E-01  7.25404E-04
 9.50826E-01  7.25761E-04
 9.50942E-01  7.26146E-04
 9.51058E-01  7.26531E-04
 9.51174E-01  7.26918E-04
 9.51291E-01  7.27327E-04
 9.51407E-01  7.27754E-04
 9.51523E-01  7.28080E-04
 9.51640E-01  7.28459E-04
 9.51756E-01  7.28846E-04
 9.51872E-01  7.29233E-04
 9.51989E-01  7.29619E-04
 9.52105E-01  7.30005E-04
 9.52222E-01  7.30422E-04
 9.52338E-01  7.30796E-04
 9.52455E-01  7.31165E-04
 9.52571E-01  7.31553E-04
 9.52688E-01  7.31940E-04
 9.52805E-01  7.32327E-04
 9.52921E-01  7.32715E-04
 9.53038E-01  7.33102E-04
 9.53155E-01  7.33490E-04
 9.53272E-01  7.34059E-04
 9.53388E-01  7.34267E-04
 9.53505E-01  7.34654E-04
 9.53622E-01  7.35043E-04
 9.53739E-01  7.35431E-04
 9.53856E-01  7.35819E-04
 9.53973E-01  7.36228E-04
 9.54090E-01  7.46866E-04
 9.54207E-01  7.36986E-04
 9.54324E-01  7.37375E-04
 9.54441E-01  7.37764E-04
 9.54558E-01  7.38153E-04
 9.54675E-01  7.38543E-04
 9.54792E-01  7.39025E-04
 9.54909E-01  7.39322E-04
 9.55026E-01  7.39717E-04
 9.55144E-01  7.40103E-04
 9.55261E-01  7.40492E-04
 9.55378E-01  7.40882E-04
 9.55495E-01  7.41273E-04
 9.55613E-01  7.41663E-04
 9.55730E-01  7.42054E-04
 9.55847E-01  7.42445E-04
 9.55965E-01  7.42835E-04
 9.56082E-01  7.43226E-04
 9.56200E-01  7.43618E-04
 9.56317E-01  7.44009E-04
 9.56435E-01  7.44400E-04
 9.56552E-01  7.44792E-04
 9.56670E-01  7.45184E-04
 9.56788E-01  7.45576E-04
 9.56905E-01  7.45968E-04
 9.57023E-01  7.46360E-04
 9.57141E-01  7.46752E-04
 9.57258E-01  7.47144E-04
 9.57376E-01  7.47537E-04
 9.57494E-01  7.47930E-04
 9.57612E-01  7.48322E-04
 9.57730E-01  7.48715E-04
 9.57847E-01  7.49108E-04
 9.57965E-01  7.49501E-04
 9.58083E-01  7.49895E-04
 9.58201E-01  7.50291E-04
 9.58319E-01  7.50682E-04
 9.58437E-01  7.51075E-04
 9.58555E-01  7.51469E-04
 9.58673E-01  7.51863E-04
 9.58792E-01  7.52259E-04
 9.58910E-01  7.52652E-04
 9.59028E-01  7.53046E-04
 9.59146E-01  7.53441E-04
 9.59264E-01  7.53835E-04
 9.59383E-01  7.54230E-04
 9.59501E-01  7.54625E-04
 9.59619E-01  7.55020E-04
 9.59737E-01  7.55415E-04
 9.59856E-01  7.55811E-04
 9.59974E-01  7.56206E-04
 9.60093E-01  7.56602E-04
 9.60211E-01  7.56997E-04
 9.60330E-01  7.57393E-04
 9.60448E-01  7.57792E-04
 9.60567E-01  7.58185E-04
 9.60685E-01  7.58582E-04
 9.60804E-01  7.58978E-04
 9.60923E-01  7.59375E-04
 9.61041E-01  7.59771E-04
 9.61160E-01  7.60168E-04
 9.61279E-01  7.60565E-04
 9.61397E-01  7.61477E-04
 9.61516E-01  7.61359E-04
 9.61635E-01  7.61757E-04
 9.61754E-01  7.62154E-04
 9.61873E-01  7.62552E-04
 9.61992E-01  7.62950E-04
 9.62110E-01  7.63348E-04
 9.62229E-01  7.63746E-04
 9.62348E-01  7.64144E-04
 9.62467E-01  7.64542E-04
 9.62587E-01  7.64941E-04
 9.62706E-01  7.65339E-04
 9.62825E-01  7.65738E-04
 9.62944E-01  7.66137E-04
 9.63063E-01  7.66536E-04
 9.63182E-01  7.66935E-04
 9.63301E-01  7.67334E-04
 9.63421E-01  7.67734E-04
 9.63540E-01  7.68133E-04
 9.63659E-01  7.68533E-04
 9.63779E-01  7.68933E-04
 9.63898E-01  7.69333E-04
 9.64017E-01  7.69733E-04
 9.64137E-01  7.70133E-04
 9.64256E-01  7.70533E-04
 9.64376E-01  7.70934E-04
 9.64495E-01  7.71334E-04
 9.64615E-01  7.71735E-04
 9.65737E-01  7.75498E-04
 1.01134E+00  8.70371E-04
 1.05910E+00  9.17716E-04
 1.10912E+00  9.54911E-04
 1.16150E+00  9.59602E-04
 1.21635E+00  9.37417E-04
 1.27379E+00  9.43278E-04
 1.33395E+00  8.99460E-04
 1.39695E+00  8.44182E-04
 1.46292E+00  7.65678E-04
 1.53200E+00  7.08727E-04
 1.60435E+00  6.48988E-04
 1.68012E+00  6.10701E-04
 1.75946E+00  5.86281E-04
 1.84255E+00  5.71234E-04
 1.92957E+00  5.87430E-04
 2.02069E+00  6.19542E-04
 2.11612E+00  6.23170E-04
 2.21605E+00  6.46200E-04
 2.32071E+00  6.60473E-04
 2.43030E+00  6.73506E-04
 2.54507E+00  7.07012E-04
 2.66527E+00  7.21026E-04
 2.79113E+00  7.40527E-04
 2.92295E+00  1.05958E-03
 3.06098E+00  1.30595E-03
 3.20554E+00  1.37198E-03
 3.35692E+00  1.39528E-03
 3.51545E+00  1.49779E-03
 3.68147E+00  1.48005E-03
 3.85533E+00  1.53258E-03
 4.03739E+00  1.53236E-03
 4.22806E+00  1.55623E-03
 4.42773E+00  1.58645E-03
 4.63683E+00  1.61337E-03
 4.85581E+00  1.62001E-03
 5.08512E+00  1.63201E-03
 5.32527E+00  1.67091E-03
 5.57676E+00  1.67311E-03
 5.84012E+00  1.70669E-03
 6.11592E+00  1.73144E-03
 6.40475E+00  1.73975E-03
 6.70721E+00  1.85847E-03
 7.02396E+00  1.93580E-03
 7.35567E+00  1.95216E-03
 7.70304E+00  2.00650E-03
 8.06682E+00  2.02218E-03
 8.44778E+00  2.03276E-03
 8.84673E+00  2.06924E-03
 9.26451E+00  2.11022E-03
 9.70203E+00  2.10346E-03
 1.01602E+01  2.10701E-03
 1.06400E+01  2.16383E-03
 1.11425E+01  2.21264E-03
 1.16687E+01  2.28281E-03
 1.22198E+01  2.34812E-03
 1.27969E+01  2.39547E-03
 1.34012E+01  2.37103E-03
 1.40341E+01  2.23987E-03
 1.46968E+01  2.18228E-03
 1.53909E+01  2.18695E-03
 1.61177E+01  2.11452E-03
 1.68789E+01  2.11495E-03
 1.76760E+01  1.91901E-03
 1.85107E+01  1.80371E-03
 1.93849E+01  1.77969E-03
 2.03004E+01  1.88048E-03
 2.12591E+01  1.90106E-03
 2.22630E+01  2.04243E-03
 2.33144E+01  2.10258E-03
 2.44154E+01  2.23089E-03
 2.55685E+01  2.36082E-03
 2.67759E+01  2.52308E-03
 2.80404E+01  2.71703E-03
 2.93646E+01  3.03557E-03
 3.07514E+01  3.27158E-03
 3.22036E+01  3.54187E-03
 3.37245E+01  3.96704E-03
 3.53171E+01  4.21707E-03
 3.69850E+01  4.81564E-03
 3.87316E+01  5.31381E-03
 4.05607E+01  5.90275E-03
 4.24762E+01  6.63603E-03
 4.44821E+01  7.22408E-03
 4.65828E+01  7.88974E-03
 4.87827E+01  8.95140E-03
 5.10864E+01  9.81571E-03
 5.34990E+01  1.11965E-02
 5.60255E+01  1.23074E-02
 5.86713E+01  1.42445E-02
 6.14421E+01  1.66015E-02
 6.43437E+01  1.99953E-02
 6.73823E+01  2.44747E-02
 7.05645E+01  3.03411E-02
 7.38969E+01  3.63745E-02
 7.73867E+01  4.26188E-02
 8.10413E+01  4.90347E-02
 8.48685E+01  5.62496E-02
 8.88764E+01  6.37681E-02
 9.30736E+01  7.29664E-02
 9.74691E+01  8.44380E-02
 1.02072E+02  9.75433E-02
 1.06892E+02  1.14621E-01
 1.11940E+02  1.36246E-01
 1.17227E+02  1.64301E-01
 1.22763E+02  1.97614E-01
 1.28560E+02  2.39045E-01
 1.34632E+02  2.87709E-01
 1.40990E+02  3.40572E-01
 1.47648E+02  3.99960E-01
 1.54621E+02  4.66620E-01
 1.61923E+02  5.40344E-01
 1.69569E+02  6.25754E-01
 1.77577E+02  7.22071E-01
 1.85964E+02  8.31459E-01
 1.94746E+02  9.48650E-01
 2.03943E+02  1.07522E+00
 2.13574E+02  1.21523E+00
 2.23660E+02  1.36115E+00
 2.34222E+02  1.50331E+00
 2.45284E+02  1.64695E+00
 2.56867E+02  1.79263E+00
 2.68998E+02  1.91988E+00
 2.81701E+02  2.03355E+00
 2.95005E+02  2.14040E+00
 3.08936E+02  2.21982E+00
 3.23526E+02  2.28478E+00
 3.38804E+02  2.33278E+00
 3.54804E+02  2.35684E+00
 3.71560E+02  2.36281E+00
 3.89107E+02  2.35719E+00
 4.07483E+02  2.33726E+00
 4.26726E+02  2.30161E+00
 4.46878E+02  2.24075E+00
 4.67982E+02  2.18607E+00
 4.90083E+02  2.12030E+00
 5.13227E+02  2.04429E+00
 5.37464E+02  1.95212E+00
 5.62846E+02  1.86638E+00
 5.89427E+02  1.77540E+00
 6.17263E+02  1.68638E+00
 6.46413E+02  1.58283E+00
 6.76940E+02  1.47827E+00
 7.08909E+02  1.38076E+00
 7.42387E+02  1.28334E+00
 7.77446E+02  1.18330E+00
 8.14161E+02  1.09096E+00
 8.52610E+02  1.00464E+00
 8.92875E+02  9.10944E-01
 9.35041E+02  8.29542E-01
 9.79199E+02  7.53048E-01
 1.02544E+03  6.83055E-01
 1.07387E+03  6.16545E-01
 1.12458E+03  5.53880E-01
 1.17769E+03  4.90175E-01
 1.23331E+03  4.32510E-01
 1.29155E+03  3.87857E-01
 1.35254E+03  3.33902E-01
 1.41642E+03  2.99368E-01
 1.48331E+03  2.56576E-01
 1.55336E+03  2.18543E-01
 1.62672E+03  1.92964E-01
 1.70354E+03  1.66882E-01
 1.78399E+03  1.43384E-01
 1.86824E+03  1.19597E-01
 1.95646E+03  1.05568E-01
 2.04886E+03  9.00790E-02
 2.14562E+03  7.58039E-02
 2.24694E+03  6.44580E-02
 2.35306E+03  5.46958E-02
 2.46418E+03  4.44848E-02
 2.58055E+03  4.07937E-02
 2.70242E+03  3.37851E-02
 2.83004E+03  2.98812E-02
 2.96369E+03  2.33865E-02
 3.10365E+03  2.04724E-02
 3.25022E+03  1.91257E-02
 3.40371E+03  1.35504E-02
 3.56445E+03  1.21349E-02
 3.73279E+03  1.05341E-02
 3.90907E+03  9.02385E-03
 4.09367E+03  6.47696E-03
 4.28700E+03  5.50079E-03
 4.48945E+03  6.08657E-03
 4.70147E+03  4.52197E-03
 4.92350E+03  3.80144E-03
 5.15601E+03  3.49803E-03
 5.39950E+03  3.78312E-03
 5.65449E+03  1.28158E-03
 5.92153E+03  1.82479E-03
 6.20117E+03  2.17161E-03
 6.49403E+03  1.57401E-03
 6.80071E+03  9.81132E-04
 7.12187E+03  4.40387E-04
 7.45820E+03  1.19901E-03
