 7.88283E-05  2.37168E-10
 8.25510E-05  2.62909E-10
 8.64495E-05  3.54258E-10
 9.05321E-05  3.47828E-10
 9.48075E-05  3.90407E-10
 9.92848E-05  3.81437E-10
 1.03974E-04  4.65014E-10
 1.08884E-04  5.46079E-10
 1.14026E-04  5.13559E-10
 1.19411E-04  7.35839E-10
 1.25050E-04  7.15731E-10
 1.30955E-04  6.99962E-10
 1.37140E-04  7.82512E-10
 1.43616E-04  8.39025E-10
 1.50398E-04  9.97559E-10
 1.57501E-04  1.05061E-09
 1.64939E-04  1.08844E-09
 1.72728E-04  1.32774E-09
 1.80886E-04  1.47674E-09
 1.89428E-04  1.56078E-09
 1.98374E-04  1.75528E-09
 2.07742E-04  1.60482E-09
 2.17553E-04  1.78194E-09
 2.27826E-04  1.96945E-09
 2.38586E-04  2.16719E-09
 2.49853E-04  2.57700E-09
 2.61652E-04  2.48474E-09
 2.74009E-04  2.76376E-09
 2.86949E-04  3.15017E-09
 3.00500E-04  3.37548E-09
 3.14691E-04  3.48612E-09
 3.29553E-04  3.63653E-09
 3.45116E-04  3.74565E-09
 3.61414E-04  4.32410E-09
 3.78482E-04  4.98393E-09
 3.96356E-04  4.82454E-09
 4.15074E-04  5.09699E-09
 4.34676E-04  6.24173E-09
 4.55203E-04  5.81034E-09
 4.76700E-04  6.32289E-09
 4.99213E-04  6.46520E-09
 5.22788E-04  7.74700E-09
 5.47477E-04  7.75682E-09
 5.73332E-04  8.63162E-09
 6.00407E-04  8.16872E-09
 6.28762E-04  9.45168E-09
 6.58455E-04  9.94838E-09
 6.89551E-04  1.11857E-08
 7.22115E-04  1.07806E-08
 7.56217E-04  1.27079E-08
 7.91929E-04  1.41294E-08
 8.29328E-04  1.34473E-08
 8.68493E-04  1.41200E-08
 9.09508E-04  1.61392E-08
 9.52460E-04  1.70250E-08
 9.97440E-04  1.86064E-08
 1.04454E-03  1.93007E-08
 1.09387E-03  2.08706E-08
 1.14553E-03  2.07971E-08
 1.19963E-03  2.09421E-08
 1.25628E-03  2.40007E-08
 1.31561E-03  2.61520E-08
 1.37774E-03  2.77813E-08
 1.44280E-03  2.74894E-08
 1.51094E-03  3.04948E-08
 1.58230E-03  3.40179E-08
 1.65702E-03  3.57133E-08
 1.73527E-03  3.89232E-08
 1.81722E-03  3.98282E-08
 1.90304E-03  4.38294E-08
 1.99291E-03  4.51432E-08
 2.08703E-03  4.32442E-08
 2.18559E-03  4.83853E-08
 2.28880E-03  5.05855E-08
 2.39689E-03  5.37701E-08
 2.51008E-03  5.65694E-08
 2.62862E-03  5.94713E-08
 2.75276E-03  6.87426E-08
 2.88276E-03  6.66217E-08
 3.01890E-03  6.97109E-08
 3.16147E-03  7.44265E-08
 3.31077E-03  7.97032E-08
 3.46712E-03  8.28143E-08
 3.63086E-03  8.61124E-08
 3.80232E-03  9.08450E-08
 3.98189E-03  9.23458E-08
 4.16993E-03  9.41912E-08
 4.36686E-03  1.00606E-07
 4.57309E-03  1.02693E-07
 4.78905E-03  1.02236E-07
 5.01522E-03  1.05727E-07
 5.25206E-03  1.13812E-07
 5.50009E-03  1.08982E-07
 5.75983E-03  1.03583E-07
 6.03184E-03  1.10377E-07
 6.31670E-03  1.13098E-07
 6.61500E-03  1.11556E-07
 6.92740E-03  1.13580E-07
 7.25455E-03  1.15505E-07
 7.59714E-03  1.05236E-07
 7.95592E-03  9.69893E-08
 8.33164E-03  7.57580E-08
 8.72510E-03  6.34207E-08
 9.13715E-03  4.95197E-08
 9.56865E-03  4.38598E-08
 1.00205E-02  3.32731E-08
 1.04938E-02  2.55312E-08
 1.09893E-02  2.04783E-08
 1.15083E-02  1.66229E-08
 1.20518E-02  1.16694E-08
 1.26209E-02  8.44423E-09
 1.32170E-02  1.01753E-08
 1.38411E-02  5.31292E-09
 1.44948E-02  4.26221E-09
 1.51793E-02  4.81091E-09
 1.58961E-02  1.71267E-09
 1.66468E-02  1.60722E-09
 1.74330E-02  4.04726E-09
 1.82563E-02  1.41077E-10
 1.91184E-02  8.24501E-09
 2.00213E-02  8.17956E-09
 2.09668E-02  1.54932E-08
 2.19570E-02  1.53259E-08
 2.29939E-02  1.11145E-08
 2.40798E-02  1.59863E-08
 2.52169E-02  1.83074E-08
 2.64078E-02  1.99986E-08
 2.76549E-02  2.47312E-08
 2.89609E-02  2.07306E-08
 3.03286E-02  3.82278E-08
 3.17609E-02  2.98216E-08
 3.32608E-02  3.56987E-08
 3.48316E-02  4.93974E-08
 3.64765E-02  4.91149E-08
 3.81991E-02  3.86407E-08
 4.00031E-02  4.38407E-08
 4.18922E-02  3.63154E-08
 4.38706E-02  3.79572E-08
 4.59424E-02  3.25754E-08
 4.81120E-02  3.32016E-08
 5.03841E-02  2.51904E-08
 5.27635E-02  2.08375E-08
 5.52553E-02  1.77088E-08
 5.78647E-02  1.97105E-08
 6.05974E-02  1.44772E-08
 6.34591E-02  1.26904E-08
 6.64560E-02  1.27737E-08
 6.95944E-02  6.43423E-09
 7.28810E-02  5.83599E-09
 7.63228E-02  6.20764E-09
 7.99272E-02  3.54536E-09
 8.37017E-02  2.90086E-09
 8.76546E-02  1.99840E-09
 9.17941E-02  1.09378E-09
 9.61291E-02  9.60633E-10
 1.00669E-01  7.24687E-10
 1.05423E-01  6.18792E-10
 1.10401E-01  5.04595E-10
 1.15615E-01  2.26115E-10
 1.21075E-01  1.78861E-10
 1.26793E-01  9.03945E-11
 1.32781E-01  5.63027E-11
 1.39051E-01  4.68240E-11
 1.45618E-01  1.91534E-11
 1.52495E-01  8.01927E-12
 1.59697E-01  3.64921E-12
 1.67238E-01  2.30286E-12
 1.75136E-01  4.12697E-12
 1.83407E-01  4.30282E-12
 1.92068E-01  8.60199E-12
 2.01139E-01  3.76864E-12
 2.10638E-01  2.12925E-12
 2.20585E-01  6.33501E-13
 2.31002E-01  4.28028E-13
 2.41911E-01  2.31826E-13
 2.53336E-01  9.88292E-14
 2.65300E-01  3.42034E-14
 2.77828E-01  1.38429E-14
 2.90949E-01  6.34032E-15
 3.04689E-01  2.74274E-15
 3.19078E-01  1.46984E-15
 3.34146E-01  5.94927E-16
 3.49927E-01  3.08269E-16
 3.66452E-01  1.59877E-16
 3.83758E-01  1.14033E-16
 4.01881E-01  1.04973E-16
 4.20860E-01  6.22054E-17
 4.40735E-01  6.85586E-17
 4.61549E-01  8.14629E-17
 4.83345E-01  1.52940E-16
 5.06171E-01  2.82440E-16
 5.30075E-01  1.06440E-15
 5.55108E-01  7.28601E-15
 5.81323E-01  8.72737E-14
 6.08777E-01  2.40665E-12
 6.37526E-01  1.81864E-10
 6.67633E-01  4.29778E-08
 6.99163E-01  7.72096E-05
 7.32181E-01  5.00084E-04
 7.66758E-01  5.96834E-04
 8.02968E-01  6.50800E-04
 8.40889E-01  7.39529E-04
 8.80600E-01  7.38169E-04
 9.08427E-01  6.83784E-04
 9.08533E-01  6.82016E-04
 9.08639E-01  6.81798E-04
 9.08745E-01  6.81580E-04
 9.08851E-01  6.81362E-04
 9.08957E-01  6.81144E-04
 9.09064E-01  6.80926E-04
 9.09170E-01  6.80708E-04
 9.09276E-01  6.80489E-04
 9.09382E-01  6.80271E-04
 9.09489E-01  6.80052E-04
 9.09595E-01  6.79834E-04
 9.09701E-01  6.79615E-04
 9.09808E-01  6.79396E-04
 9.09914E-01  6.79177E-04
 9.10020E-01  6.78958E-04
 9.10127E-01  6.78739E-04
 9.10233E-01  6.78520E-04
 9.10340E-01  6.78301E-04
 9.10446E-01  6.78081E-04
 9.10553E-01  6.77862E-04
 9.10659E-01  6.77643E-04
 9.10766E-01  6.77423E-04
 9.10873E-01  6.77203E-04
 9.10979E-01  6.76983E-04
 9.11086E-01  6.76763E-04
 9.11192E-01  6.76543E-04
 9.11299E-01  6.76323E-04
 9.11406E-01  6.76103E-04
 9.11513E-01  6.75883E-04
 9.11619E-01  6.75663E-04
 9.11726E-01  6.75442E-04
 9.11833E-01  6.75222E-04
 9.11940E-01  6.75001E-04
 9.12047E-01  6.74781E-04
 9.12154E-01  6.74560E-04
 9.12261E-01  6.74339E-04
 9.12368E-01  6.74118E-04
 9.12475E-01  6.73897E-04
 9.12582E-01  6.73676E-04
 9.12689E-01  6.73455E-04
 9.12796E-01  6.73234E-04
 9.12903E-01  6.73013E-04
 9.13010E-01  6.72791E-04
 9.13117E-01  6.72570E-04
 9.13224E-01  6.72348E-04
 9.13331E-01  6.72126E-04
 9.13438E-01  6.71905E-04
 9.13546E-01  6.71683E-04
 9.13653E-01  6.71461E-04
 9.13760E-01  6.71239E-04
 9.13868E-01  6.71017E-04
 9.13975E-01  6.70794E-04
 9.14082E-01  6.70572E-04
 9.14190E-01  6.70350E-04
 9.14297E-01  6.70127E-04
 9.14404E-01  6.69905E-04
 9.14512E-01  6.69682E-04
 9.14619E-01  6.69459E-04
 9.14727E-01  6.69236E-04
 9.14834E-01  6.69015E-04
 9.14942E-01  6.68791E-04
 9.15050E-01  6.68567E-04
 9.15157E-01  6.68696E-04
 9.15265E-01  6.68121E-04
 9.15372E-01  6.67947E-04
 9.15480E-01  6.67674E-04
 9.15588E-01  6.67451E-04
 9.15696E-01  6.67227E-04
 9.15803E-01  6.67003E-04
 9.15911E-01  6.66780E-04
 9.16019E-01  6.66556E-04
 9.16127E-01  6.66332E-04
 9.16235E-01  6.66108E-04
 9.16342E-01  6.65884E-04
 9.16450E-01  6.65659E-04
 9.16558E-01  6.65435E-04
 9.16666E-01  6.65291E-04
 9.16774E-01  6.64986E-04
 9.16882E-01  6.64761E-04
 9.16990E-01  6.64537E-04
 9.17098E-01  6.64312E-04
 9.17206E-01  6.64087E-04
 9.17315E-01  6.63862E-04
 9.17423E-01  6.63721E-04
 9.17531E-01  6.63412E-04
 9.17639E-01  6.63187E-04
 9.17747E-01  6.62962E-04
 9.17856E-01  6.62736E-04
 9.17964E-01  6.62511E-04
 9.18072E-01  6.62285E-04
 9.18180E-01  6.62486E-04
 9.18289E-01  6.61834E-04
 9.18397E-01  6.61608E-04
 9.18506E-01  6.61382E-04
 9.18614E-01  6.61161E-04
 9.18722E-01  6.60930E-04
 9.18831E-01  6.60704E-04
 9.18939E-01  6.60477E-04
 9.19048E-01  6.60253E-04
 9.19156E-01  6.60084E-04
 9.19265E-01  6.59848E-04
 9.19374E-01  6.59572E-04
 9.19482E-01  6.59345E-04
 9.19591E-01  6.59118E-04
 9.19700E-01  6.58891E-04
 9.19808E-01  6.58743E-04
 9.19917E-01  6.58437E-04
 9.20026E-01  6.58210E-04
 9.20135E-01  6.57987E-04
 9.20243E-01  6.57755E-04
 9.20352E-01  6.57528E-04
 9.20461E-01  6.57344E-04
 9.20570E-01  6.57073E-04
 9.20679E-01  6.56846E-04
 9.20788E-01  6.56617E-04
 9.20897E-01  6.56389E-04
 9.21006E-01  6.56161E-04
 9.21115E-01  6.55935E-04
 9.21224E-01  6.55706E-04
 9.21333E-01  6.55477E-04
 9.21442E-01  6.55307E-04
 9.21551E-01  6.55021E-04
 9.21660E-01  6.55004E-04
 9.21769E-01  6.55734E-04
 9.21879E-01  6.58057E-04
 9.21988E-01  6.54106E-04
 9.22097E-01  6.54015E-04
 9.22186E-01  6.53721E-04
 9.22206E-01  6.53754E-04
 9.22316E-01  6.55336E-04
 9.22425E-01  6.54429E-04
 9.22534E-01  6.54674E-04
 9.22644E-01  6.56109E-04
 9.22753E-01  6.55288E-04
 9.22862E-01  6.55592E-04
 9.22972E-01  6.58287E-04
 9.23081E-01  6.56730E-04
 9.23191E-01  6.56511E-04
 9.23300E-01  6.56836E-04
 9.23410E-01  6.60511E-04
 9.23520E-01  6.57444E-04
 9.23629E-01  6.58274E-04
 9.23739E-01  6.58093E-04
 9.23848E-01  6.58658E-04
 9.23958E-01  6.58711E-04
 9.24068E-01  6.58976E-04
 9.24178E-01  6.59674E-04
 9.24287E-01  6.59764E-04
 9.24397E-01  6.59974E-04
 9.24507E-01  6.60238E-04
 9.24617E-01  6.60549E-04
 9.24727E-01  6.61157E-04
 9.24837E-01  6.62448E-04
 9.24946E-01  6.61758E-04
 9.25056E-01  6.61787E-04
 9.25166E-01  6.67771E-04
 9.25276E-01  6.62575E-04
 9.25386E-01  6.71963E-04
 9.25496E-01  6.63170E-04
 9.25607E-01  6.64019E-04
 9.25717E-01  6.64309E-04
 9.25827E-01  6.64503E-04
 9.25937E-01  6.64529E-04
 9.26047E-01  6.64844E-04
 9.26157E-01  6.65077E-04
 9.26268E-01  6.66634E-04
 9.26378E-01  6.66540E-04
 9.26488E-01  6.68720E-04
 9.26598E-01  6.70892E-04
 9.26709E-01  6.78644E-04
 9.26819E-01  6.68129E-04
 9.26929E-01  6.79157E-04
 9.27040E-01  6.68435E-04
 9.27150E-01  6.70471E-04
 9.27261E-01  6.69067E-04
 9.27371E-01  6.69796E-04
 9.27482E-01  6.80945E-04
 9.27592E-01  6.76734E-04
 9.27703E-01  6.76603E-04
 9.27814E-01  6.75884E-04
 9.27924E-01  6.76678E-04
 9.28035E-01  6.76102E-04
 9.28146E-01  6.73174E-04
 9.28256E-01  6.83799E-04
 9.28367E-01  6.89337E-04
 9.28478E-01  6.84126E-04
 9.28589E-01  6.74629E-04
 9.28699E-01  6.82366E-04
 9.28810E-01  6.87427E-04
 9.28921E-01  6.88294E-04
 9.29032E-01  6.91132E-04
 9.29143E-01  6.81775E-04
 9.29254E-01  6.87066E-04
 9.29365E-01  6.84321E-04
 9.29476E-01  6.87829E-04
 9.29587E-01  6.83227E-04
 9.29698E-01  7.02235E-04
 9.29809E-01  7.01096E-04
 9.29920E-01  7.23071E-04
 9.30031E-01  7.25391E-04
 9.30142E-01  7.18506E-04
 9.30254E-01  7.03560E-04
 9.30365E-01  7.01939E-04
 9.30476E-01  7.00308E-04
 9.30587E-01  7.59257E-04
 9.30699E-01  7.58565E-04
 9.30810E-01  7.46025E-04
 9.30921E-01  7.35528E-04
 9.31033E-01  7.87767E-04
 9.31144E-01  7.41530E-04
 9.31255E-01  7.67761E-04
 9.31367E-01  7.64573E-04
 9.31478E-01  8.01792E-04
 9.31590E-01  8.38560E-04
 9.31701E-01  8.18627E-04
 9.31813E-01  7.89311E-04
 9.31925E-01  8.98250E-04
 9.32036E-01  8.40661E-04
 9.32148E-01  8.45358E-04
 9.32259E-01  9.33046E-04
 9.32371E-01  9.16053E-04
 9.32483E-01  1.00449E-03
 9.32595E-01  1.03990E-03
 9.32706E-01  1.10655E-03
 9.32818E-01  1.08125E-03
 9.32930E-01  1.09321E-03
 9.33042E-01  1.10842E-03
 9.33154E-01  1.18196E-03
 9.33266E-01  1.18051E-03
 9.33378E-01  1.50257E-03
 9.33490E-01  1.34621E-03
 9.33602E-01  1.66297E-03
 9.33714E-01  1.81743E-03
 9.33826E-01  1.93167E-03
 9.33938E-01  2.47710E-03
 9.34050E-01  2.63524E-03
 9.34162E-01  3.15533E-03
 9.34274E-01  4.28958E-03
 9.34386E-01  4.64120E-03
 9.34498E-01  5.98138E-03
 9.34611E-01  6.25942E-03
 9.34723E-01  7.25519E-03
 9.34835E-01  8.30383E-03
 9.34947E-01  9.01102E-03
 9.35060E-01  1.05035E-02
 9.35172E-01  1.10542E-02
 9.35285E-01  1.19304E-02
 9.35397E-01  1.29687E-02
 9.35509E-01  1.30780E-02
 9.35622E-01  1.40739E-02
 9.35734E-01  1.43160E-02
 9.35847E-01  1.52649E-02
 9.35959E-01  1.55288E-02
 9.36072E-01  1.62595E-02
 9.36185E-01  1.60356E-02
 9.36297E-01  1.71484E-02
 9.36410E-01  1.63194E-02
 9.36523E-01  1.66734E-02
 9.36635E-01  1.59047E-02
 9.36748E-01  1.63184E-02
 9.36861E-01  1.69502E-02
 9.36974E-01  1.64262E-02
 9.37087E-01  1.61922E-02
 9.37199E-01  1.60678E-02
 9.37312E-01  1.53760E-02
 9.37425E-01  1.51198E-02
 9.37538E-01  1.47652E-02
 9.37651E-01  1.41320E-02
 9.37764E-01  1.41778E-02
 9.37877E-01  1.35434E-02
 9.37990E-01  1.37782E-02
 9.38103E-01  1.29901E-02
 9.38216E-01  1.29261E-02
 9.38329E-01  1.23904E-02
 9.38443E-01  1.21253E-02
 9.38556E-01  1.20785E-02
 9.38669E-01  1.10205E-02
 9.38782E-01  1.15751E-02
 9.38895E-01  1.04611E-02
 9.39009E-01  9.83067E-03
 9.39122E-01  9.88196E-03
 9.39235E-01  9.43100E-03
 9.39349E-01  8.75856E-03
 9.39462E-01  8.66813E-03
 9.39576E-01  8.33522E-03
 9.39689E-01  7.74548E-03
 9.39802E-01  7.56067E-03
 9.39916E-01  7.60265E-03
 9.40030E-01  6.72004E-03
 9.40143E-01  6.27596E-03
 9.40257E-01  6.44619E-03
 9.40370E-01  5.70470E-03
 9.40484E-01  5.33011E-03
 9.40598E-01  4.95330E-03
 9.40711E-01  4.54534E-03
 9.40825E-01  4.30287E-03
 9.40939E-01  4.17223E-03
 9.41053E-01  3.94293E-03
 9.41166E-01  3.99934E-03
 9.41280E-01  3.46780E-03
 9.41394E-01  3.24915E-03
 9.41508E-01  3.29933E-03
 9.41622E-01  2.81509E-03
 9.41736E-01  2.91205E-03
 9.41850E-01  2.65205E-03
 9.41964E-01  2.35476E-03
 9.42078E-01  2.24843E-03
 9.42192E-01  2.12066E-03
 9.42306E-01  1.94058E-03
 9.42420E-01  1.93591E-03
 9.42534E-01  1.68838E-03
 9.42648E-01  1.75398E-03
 9.42763E-01  1.49073E-03
 9.42877E-01  1.53594E-03
 9.42991E-01  1.47156E-03
 9.43105E-01  1.30761E-03
 9.43220E-01  1.30832E-03
 9.43334E-01  1.25262E-03
 9.43448E-01  1.17371E-03
 9.43563E-01  1.15986E-03
 9.43677E-01  1.11121E-03
 9.43792E-01  1.03201E-03
 9.43906E-01  9.30289E-04
 9.44021E-01  9.91440E-04
 9.44135E-01  9.79515E-04
 9.44250E-01  9.81880E-04
 9.44364E-01  9.12071E-04
 9.44479E-01  9.17815E-04
 9.44594E-01  8.57179E-04
 9.44708E-01  8.51370E-04
 9.44823E-01  8.11445E-04
 9.44938E-01  8.39129E-04
 9.45052E-01  7.88483E-04
 9.45167E-01  7.79716E-04
 9.45282E-01  8.02682E-04
 9.45397E-01  7.77531E-04
 9.45512E-01  7.66308E-04
 9.45627E-01  7.64477E-04
 9.45741E-01  7.64789E-04
 9.45856E-01  7.49650E-04
 9.45971E-01  7.68492E-04
 9.46086E-01  7.54780E-04
 9.46201E-01  7.39786E-04
 9.46316E-01  7.40924E-04
 9.46432E-01  7.40332E-04
 9.46547E-01  7.36109E-04
 9.46662E-01  7.35534E-04
 9.46777E-01  7.33428E-04
 9.46892E-01  7.30807E-04
 9.47007E-01  7.30650E-04
 9.47123E-01  7.29226E-04
 9.47238E-01  7.39895E-04
 9.47353E-01  7.36512E-04
 9.47469E-01  7.28046E-04
 9.47584E-01  7.31704E-04
 9.47699E-01  7.27374E-04
 9.47815E-01  7.26827E-04
 9.47930E-01  7.31994E-04
 9.48046E-01  7.27362E-04
 9.48161E-01  7.28855E-04
 9.48277E-01  7.28802E-04
 9.48392E-01  7.31828E-04
 9.48508E-01  7.32877E-04
 9.48624E-01  7.29601E-04
 9.48739E-01  7.31934E-04
 9.48855E-01  7.32724E-04
 9.48971E-01  7.31723E-04
 9.49086E-01  7.32721E-04
 9.49202E-01  7.31444E-04
 9.49318E-01  7.32288E-04
 9.49434E-01  7.31028E-04
 9.49549E-01  7.34169E-04
 9.49665E-01  7.31705E-04
 9.49781E-01  7.32655E-04
 9.49897E-01  7.34966E-04
 9.50013E-01  7.33337E-04
 9.50129E-01  7.33024E-04
 9.50245E-01  7.33396E-04
 9.50361E-01  7.33809E-04
 9.50477E-01  7.34736E-04
 9.50593E-01  7.34373E-04
 9.50710E-01  7.34690E-04
 9.50826E-01  7.36868E-04
 9.50942E-01  7.35358E-04
 9.51058E-01  7.36005E-04
 9.51174E-01  7.37619E-04
 9.51291E-01  7.36658E-04
 9.51407E-01  7.36987E-04
 9.51523E-01  7.37028E-04
 9.51640E-01  7.37362E-04
 9.51756E-01  7.37883E-04
 9.51872E-01  7.38106E-04
 9.51989E-01  7.38368E-04
 9.52105E-01  7.39206E-04
 9.52222E-01  7.39037E-04
 9.52338E-01  7.39370E-04
 9.52455E-01  7.39706E-04
 9.52571E-01  7.40041E-04
 9.52688E-01  7.40382E-04
 9.52805E-01  7.40987E-04
 9.52921E-01  7.41060E-04
 9.53038E-01  7.41383E-04
 9.53155E-01  7.41734E-04
 9.53272E-01  7.42644E-04
 9.53388E-01  7.42392E-04
 9.53505E-01  7.42727E-04
 9.53622E-01  7.43073E-04
 9.53739E-01  7.43448E-04
 9.53856E-01  7.45018E-04
 9.53973E-01  7.44072E-04
 9.54090E-01  7.44410E-04
 9.54207E-01  7.44746E-04
 9.54324E-01  7.45083E-04
 9.54441E-01  7.45434E-04
 9.54558E-01  7.45757E-04
 9.54675E-01  7.49453E-04
 9.54792E-01  7.46432E-04
 9.54909E-01  7.46769E-04
 9.55026E-01  7.47248E-04
 9.55144E-01  7.47445E-04
 9.55261E-01  7.47783E-04
 9.55378E-01  7.48120E-04
 9.55495E-01  7.48459E-04
 9.55613E-01  7.48797E-04
 9.55730E-01  7.49135E-04
 9.55847E-01  7.49536E-04
 9.55965E-01  7.49812E-04
 9.56082E-01  7.50155E-04
 9.56200E-01  7.50490E-04
 9.56317E-01  7.50828E-04
 9.56435E-01  7.51168E-04
 9.56552E-01  7.51506E-04
 9.56670E-01  7.51845E-04
 9.56788E-01  7.52185E-04
 9.56905E-01  7.52524E-04
 9.57023E-01  7.52864E-04
 9.57141E-01  7.53203E-04
 9.57258E-01  7.53543E-04
 9.57376E-01  7.53883E-04
 9.57494E-01  7.54223E-04
 9.57612E-01  7.54563E-04
 9.57730E-01  7.54920E-04
 9.57847E-01  7.55244E-04
 9.57965E-01  7.55584E-04
 9.58083E-01  7.55925E-04
 9.58201E-01  7.56265E-04
 9.58319E-01  7.56606E-04
 9.58437E-01  7.56947E-04
 9.58555E-01  7.57288E-04
 9.58673E-01  7.57629E-04
 9.58792E-01  7.57971E-04
 9.58910E-01  7.58312E-04
 9.59028E-01  7.58654E-04
 9.59146E-01  7.58995E-04
 9.59264E-01  7.59337E-04
 9.59383E-01  7.59679E-04
 9.59501E-01  7.60021E-04
 9.59619E-01  7.60363E-04
 9.59737E-01  7.60705E-04
 9.59856E-01  7.61047E-04
 9.59974E-01  7.61389E-04
 9.60093E-01  7.61732E-04
 9.60211E-01  7.62075E-04
 9.60330E-01  7.62417E-04
 9.60448E-01  7.62760E-04
 9.60567E-01  7.63103E-04
 9.60685E-01  7.63446E-04
 9.60804E-01  7.63790E-04
 9.60923E-01  7.64133E-04
 9.61041E-01  7.64476E-04
 9.61160E-01  7.64820E-04
 9.61279E-01  7.65164E-04
 9.61397E-01  7.65507E-04
 9.61516E-01  7.65851E-04
 9.61635E-01  7.66195E-04
 9.61754E-01  7.66539E-04
 9.61873E-01  7.66884E-04
 9.61992E-01  7.67228E-04
 9.62110E-01  7.67572E-04
 9.62229E-01  7.67917E-04
 9.62348E-01  7.68262E-04
 9.62467E-01  7.68607E-04
 9.62587E-01  7.68952E-04
 9.62706E-01  7.69297E-04
 9.62825E-01  7.69642E-04
 9.62944E-01  7.69987E-04
 9.63063E-01  7.70333E-04
 9.63182E-01  7.70678E-04
 9.63301E-01  7.71024E-04
 9.63421E-01  7.71370E-04
 9.63540E-01  7.71715E-04
 9.63659E-01  7.72061E-04
 9.63779E-01  7.72414E-04
 9.63898E-01  7.72754E-04
 9.64017E-01  7.73100E-04
 9.64137E-01  7.73447E-04
 9.64256E-01  7.73793E-04
 9.64376E-01  7.74140E-04
 9.64495E-01  7.74487E-04
 9.64615E-01  7.74976E-04
 9.65737E-01  7.78091E-04
 1.01134E+00  8.57934E-04
 1.05910E+00  8.88964E-04
 1.10912E+00  9.43654E-04
 1.16150E+00  9.18772E-04
 1.21635E+00  8.95074E-04
 1.27379E+00  9.00517E-04
 1.33395E+00  8.66651E-04
 1.39695E+00  8.28393E-04
 1.46292E+00  7.46882E-04
 1.53200E+00  7.07607E-04
 1.60435E+00  6.46835E-04
 1.68012E+00  6.25661E-04
 1.75946E+00  5.88297E-04
 1.84255E+00  5.92409E-04
 1.92957E+00  5.87581E-04
 2.02069E+00  6.23574E-04
 2.11612E+00  5.99114E-04
 2.21605E+00  6.23736E-04
 2.32071E+00  6.36947E-04
 2.43030E+00  6.51234E-04
 2.54507E+00  6.78379E-04
 2.66527E+00  6.49935E-04
 2.79113E+00  6.97019E-04
 2.92295E+00  9.91727E-04
 3.06098E+00  1.19915E-03
 3.20554E+00  1.31342E-03
 3.35692E+00  1.31140E-03
 3.51545E+00  1.37568E-03
 3.68147E+00  1.36670E-03
 3.85533E+00  1.42239E-03
 4.03739E+00  1.48449E-03
 4.22806E+00  1.55980E-03
 4.42773E+00  1.48914E-03
 4.63683E+00  1.55247E-03
 4.85581E+00  1.57276E-03
 5.08512E+00  1.55192E-03
 5.32527E+00  1.61074E-03
 5.57676E+00  1.67028E-03
 5.84012E+00  1.71423E-03
 6.11592E+00  1.69706E-03
 6.40475E+00  1.68323E-03
 6.70721E+00  1.82408E-03
 7.02396E+00  1.95491E-03
 7.35567E+00  2.09670E-03
 7.70304E+00  2.08605E-03
 8.06682E+00  2.10201E-03
 8.44778E+00  2.26038E-03
 8.84673E+00  2.37249E-03
 9.26451E+00  2.72193E-03
 9.70203E+00  3.23435E-03
 1.01602E+01  3.88212E-03
 1.06400E+01  4.98604E-03
 1.11425E+01  6.80499E-03
 1.16687E+01  9.44333E-03
 1.22198E+01  1.30159E-02
 1.27969E+01  1.83181E-02
 1.34012E+01  2.50945E-02
 1.40341E+01  3.41557E-02
 1.46968E+01  4.63398E-02
 1.53909E+01  6.21704E-02
 1.61177E+01  8.14103E-02
 1.68789E+01  1.04756E-01
 1.76760E+01  1.32562E-01
 1.85107E+01  1.65317E-01
 1.93849E+01  2.02984E-01
 2.03004E+01  2.46958E-01
 2.12591E+01  2.94133E-01
 2.22630E+01  3.47207E-01
 2.33144E+01  4.03088E-01
 2.44154E+01  4.65174E-01
 2.55685E+01  5.28288E-01
 2.67759E+01  5.92777E-01
 2.80404E+01  6.63635E-01
 2.93646E+01  7.33247E-01
 3.07514E+01  8.05410E-01
 3.22036E+01  8.78747E-01
 3.37245E+01  9.50113E-01
 3.53171E+01  1.02708E+00
 3.69850E+01  1.09832E+00
 3.87316E+01  1.17354E+00
 4.05607E+01  1.24702E+00
 4.24762E+01  1.31508E+00
 4.44821E+01  1.38332E+00
 4.65828E+01  1.44918E+00
 4.87827E+01  1.51242E+00
 5.10864E+01  1.59092E+00
 5.34990E+01  1.66419E+00
 5.60255E+01  1.72828E+00
 5.86713E+01  1.81638E+00
 6.14421E+01  1.92809E+00
 6.43437E+01  2.09207E+00
 6.73823E+01  2.27989E+00
 7.05645E+01  2.46774E+00
 7.38969E+01  2.62742E+00
 7.73867E+01  2.69954E+00
 8.10413E+01  2.70987E+00
 8.48685E+01  2.71183E+00
 8.88764E+01  2.70394E+00
 9.30736E+01  2.69692E+00
 9.74691E+01  2.72321E+00
 1.02072E+02  2.73289E+00
 1.06892E+02  2.78712E+00
 1.11940E+02  2.88963E+00
 1.17227E+02  3.04288E+00
 1.22763E+02  3.23386E+00
 1.28560E+02  3.43438E+00
 1.34632E+02  3.63165E+00
 1.40990E+02  3.84726E+00
 1.47648E+02  4.02939E+00
 1.54621E+02  4.19555E+00
 1.61923E+02  4.37555E+00
 1.69569E+02  4.55930E+00
 1.77577E+02  4.76110E+00
 1.85964E+02  4.99313E+00
 1.94746E+02  5.19512E+00
 2.03943E+02  5.40286E+00
 2.13574E+02  5.60151E+00
 2.23660E+02  5.76137E+00
 2.34222E+02  5.89696E+00
 2.45284E+02  6.00658E+00
 2.56867E+02  6.05039E+00
 2.68998E+02  6.01989E+00
 2.81701E+02  5.97802E+00
 2.95005E+02  5.82845E+00
 3.08936E+02  5.70942E+00
 3.23526E+02  5.50709E+00
 3.38804E+02  5.28427E+00
 3.54804E+02  5.05627E+00
 3.71560E+02  4.79822E+00
 3.89107E+02  4.51755E+00
 4.07483E+02  4.23172E+00
 4.26726E+02  3.95942E+00
 4.46878E+02  3.69824E+00
 4.67982E+02  3.42179E+00
 4.90083E+02  3.16138E+00
 5.13227E+02  2.92838E+00
 5.37464E+02  2.73544E+00
 5.62846E+02  2.49217E+00
 5.89427E+02  2.28344E+00
 6.17263E+02  2.06162E+00
 6.46413E+02  1.92585E+00
 6.76940E+02  1.76948E+00
 7.08909E+02  1.61718E+00
 7.42387E+02  1.43953E+00
 7.77446E+02  1.29435E+00
 8.14161E+02  1.17029E+00
 8.52610E+02  1.04370E+00
 8.92875E+02  9.56774E-01
 9.35041E+02  8.42114E-01
 9.79199E+02  7.66748E-01
 1.02544E+03  6.91620E-01
 1.07387E+03  6.23708E-01
 1.12458E+03  5.48095E-01
 1.17769E+03  4.62894E-01
 1.23331E+03  4.23300E-01
 1.29155E+03  3.80091E-01
 1.35254E+03  3.06909E-01
 1.41642E+03  2.82634E-01
 1.48331E+03  2.37744E-01
 1.55336E+03  2.17701E-01
 1.62672E+03  1.93177E-01
 1.70354E+03  1.56181E-01
 1.78399E+03  1.29840E-01
 1.86824E+03  1.05856E-01
 1.95646E+03  1.01739E-01
 2.04886E+03  8.51855E-02
 2.14562E+03  6.83423E-02
 2.24694E+03  5.60477E-02
 2.35306E+03  4.71832E-02
 2.46418E+03  3.86884E-02
 2.58055E+03  3.49324E-02
 2.70242E+03  3.18545E-02
 2.83004E+03  2.94078E-02
 2.96369E+03  2.23525E-02
 3.10365E+03  1.71503E-02
 3.25022E+03  1.61060E-02
 3.40371E+03  1.37656E-02
 3.56445E+03  1.05379E-02
 3.73279E+03  1.45813E-02
 3.90907E+03  8.57444E-03
 4.09367E+03  7.95145E-03
 4.28700E+03  1.15775E-02
 4.48945E+03  5.42899E-03
 4.70147E+03  1.84925E-03
 4.92350E+03  5.08233E-03
 5.15601E+03  1.29384E-03
 5.39950E+03  4.46406E-03
 5.65449E+03  3.94083E-03
 5.92153E+03  1.99130E-03
 6.20117E+03  1.83380E-03
 6.49403E+03  9.60208E-04
 6.80071E+03  0.00000E+00
 7.12187E+03  2.78699E-03
 7.45820E+03  2.23173E-03
