 7.88283E-05  1.02642E-10
 8.25510E-05  1.31610E-10
 8.64495E-05  1.34978E-10
 9.05321E-05  1.55792E-10
 9.48075E-05  1.42818E-10
 9.92848E-05  1.92912E-10
 1.03974E-04  1.96433E-10
 1.08884E-04  2.34813E-10
 1.14026E-04  2.14483E-10
 1.19411E-04  2.66480E-10
 1.25050E-04  2.66891E-10
 1.30955E-04  2.85638E-10
 1.37140E-04  2.89279E-10
 1.43616E-04  3.19520E-10
 1.50398E-04  3.40451E-10
 1.57501E-04  3.75819E-10
 1.64939E-04  4.64967E-10
 1.72728E-04  4.99255E-10
 1.80886E-04  5.26497E-10
 1.89428E-04  5.98538E-10
 1.98374E-04  5.22655E-10
 2.07742E-04  5.60544E-10
 2.17553E-04  5.53765E-10
 2.27826E-04  7.31633E-10
 2.38586E-04  7.88127E-10
 2.49853E-04  8.52267E-10
 2.61652E-04  8.10675E-10
 2.74009E-04  1.09831E-09
 2.86949E-04  9.76441E-10
 3.00500E-04  1.08980E-09
 3.14691E-04  1.12276E-09
 3.29553E-04  1.22355E-09
 3.45116E-04  1.21001E-09
 3.61414E-04  1.34466E-09
 3.78482E-04  1.32688E-09
 3.96356E-04  1.55389E-09
 4.15074E-04  1.61013E-09
 4.34676E-04  1.78958E-09
 4.55203E-04  1.86473E-09
 4.76700E-04  1.79525E-09
 4.99213E-04  2.14311E-09
 5.22788E-04  1.93477E-09
 5.47477E-04  2.25767E-09
 5.73332E-04  2.48006E-09
 6.00407E-04  2.56113E-09
 6.28762E-04  2.53403E-09
 6.58455E-04  2.90088E-09
 6.89551E-04  2.77620E-09
 7.22115E-04  3.24595E-09
 7.56217E-04  3.87371E-09
 7.91929E-04  3.09153E-09
 8.29328E-04  3.92698E-09
 8.68493E-04  4.20665E-09
 9.09508E-04  4.27221E-09
 9.52460E-04  4.08772E-09
 9.97440E-04  5.08710E-09
 1.04454E-03  5.18098E-09
 1.09387E-03  5.36350E-09
 1.14553E-03  5.77435E-09
 1.19963E-03  6.00671E-09
 1.25628E-03  5.97591E-09
 1.31561E-03  7.54467E-09
 1.37774E-03  7.65145E-09
 1.44280E-03  8.30247E-09
 1.51094E-03  8.55612E-09
 1.58230E-03  8.76160E-09
 1.65702E-03  9.56861E-09
 1.73527E-03  8.54264E-09
 1.81722E-03  9.95200E-09
 1.90304E-03  1.11709E-08
 1.99291E-03  1.09905E-08
 2.08703E-03  1.10009E-08
 2.18559E-03  1.14462E-08
 2.28880E-03  1.28517E-08
 2.39689E-03  1.24706E-08
 2.51008E-03  1.23463E-08
 2.62862E-03  1.39608E-08
 2.75276E-03  1.56713E-08
 2.88276E-03  1.59078E-08
 3.01890E-03  1.74213E-08
 3.16147E-03  1.89640E-08
 3.31077E-03  1.87816E-08
 3.46712E-03  2.10985E-08
 3.63086E-03  2.05397E-08
 3.80232E-03  2.22067E-08
 3.98189E-03  2.37460E-08
 4.16993E-03  2.41104E-08
 4.36686E-03  2.46068E-08
 4.57309E-03  2.63972E-08
 4.78905E-03  2.76140E-08
 5.01522E-03  2.89434E-08
 5.25206E-03  3.10752E-08
 5.50009E-03  3.10323E-08
 5.75983E-03  3.10741E-08
 6.03184E-03  3.17436E-08
 6.31670E-03  3.27019E-08
 6.61500E-03  3.18314E-08
 6.92740E-03  3.53649E-08
 7.25455E-03  3.48766E-08
 7.59714E-03  3.73046E-08
 7.95592E-03  4.07048E-08
 8.33164E-03  3.67545E-08
 8.72510E-03  3.93470E-08
 9.13715E-03  3.45113E-08
 9.56865E-03  3.77979E-08
 1.00205E-02  3.67596E-08
 1.04938E-02  3.77060E-08
 1.09893E-02  3.74155E-08
 1.15083E-02  3.71155E-08
 1.20518E-02  4.06859E-08
 1.26209E-02  3.85204E-08
 1.32170E-02  3.67841E-08
 1.38411E-02  4.05840E-08
 1.44948E-02  3.55558E-08
 1.51793E-02  3.88150E-08
 1.58961E-02  3.93890E-08
 1.66468E-02  3.64267E-08
 1.74330E-02  3.97868E-08
 1.82563E-02  4.41429E-08
 1.91184E-02  5.57846E-08
 2.00213E-02  5.53160E-08
 2.09668E-02  6.08150E-08
 2.19570E-02  7.08330E-08
 2.29939E-02  7.86507E-08
 2.40798E-02  8.75470E-08
 2.52169E-02  9.50530E-08
 2.64078E-02  9.73542E-08
 2.76549E-02  1.08561E-07
 2.89609E-02  1.15182E-07
 3.03286E-02  1.26625E-07
 3.17609E-02  1.28753E-07
 3.32608E-02  1.46123E-07
 3.48316E-02  1.50466E-07
 3.64765E-02  1.46621E-07
 3.81991E-02  1.52858E-07
 4.00031E-02  1.48829E-07
 4.18922E-02  1.44204E-07
 4.38706E-02  1.33557E-07
 4.59424E-02  1.16818E-07
 4.81120E-02  1.13471E-07
 5.03841E-02  9.74463E-08
 5.27635E-02  8.94137E-08
 5.52553E-02  8.43326E-08
 5.78647E-02  6.99491E-08
 6.05974E-02  6.06694E-08
 6.34591E-02  4.89551E-08
 6.64560E-02  4.25635E-08
 6.95944E-02  3.53461E-08
 7.28810E-02  3.17690E-08
 7.63228E-02  2.56774E-08
 7.99272E-02  2.01411E-08
 8.37017E-02  1.63168E-08
 8.76546E-02  1.36520E-08
 9.17941E-02  9.81240E-09
 9.61291E-02  7.86223E-09
 1.00669E-01  5.77135E-09
 1.05423E-01  4.24587E-09
 1.10401E-01  3.01333E-09
 1.15615E-01  2.04380E-09
 1.21075E-01  1.35512E-09
 1.26793E-01  9.22045E-10
 1.32781E-01  5.91706E-10
 1.39051E-01  3.62354E-10
 1.45618E-01  2.11811E-10
 1.52495E-01  1.23440E-10
 1.59697E-01  6.79902E-11
 1.67238E-01  3.71332E-11
 1.75136E-01  3.02216E-11
 1.83407E-01  2.46661E-11
 1.92068E-01  2.68964E-11
 2.01139E-01  1.22732E-11
 2.10638E-01  6.76241E-12
 2.20585E-01  2.22395E-12
 2.31002E-01  1.30418E-12
 2.41911E-01  6.81765E-13
 2.53336E-01  2.99303E-13
 2.65300E-01  1.01816E-13
 2.77828E-01  4.21239E-14
 2.90949E-01  1.94329E-14
 3.04689E-01  8.25455E-15
 3.19078E-01  4.31112E-15
 3.34146E-01  1.75108E-15
 3.49927E-01  8.46635E-16
 3.66452E-01  4.49361E-16
 3.83758E-01  2.73952E-16
 4.01881E-01  2.20244E-16
 4.20860E-01  1.23400E-16
 4.40735E-01  1.43875E-16
 4.61549E-01  1.64750E-16
 4.83345E-01  3.14934E-16
 5.06171E-01  5.95137E-16
 5.30075E-01  2.22492E-15
 5.55108E-01  1.51228E-14
 5.81323E-01  1.71557E-13
 6.08777E-01  4.69174E-12
 6.37526E-01  3.72029E-10
 6.67633E-01  8.58903E-08
 6.99163E-01  1.42563E-04
 7.32181E-01  8.43007E-04
 7.66758E-01  1.01293E-03
 8.02968E-01  1.09689E-03
 8.40889E-01  1.23852E-03
 8.80600E-01  1.25381E-03
 9.08427E-01  1.15857E-03
 9.08533E-01  1.15820E-03
 9.08639E-01  1.15783E-03
 9.08745E-01  1.15745E-03
 9.08851E-01  1.15708E-03
 9.08957E-01  1.15671E-03
 9.09064E-01  1.15634E-03
 9.09170E-01  1.15597E-03
 9.09276E-01  1.15560E-03
 9.09382E-01  1.15522E-03
 9.09489E-01  1.15485E-03
 9.09595E-01  1.15448E-03
 9.09701E-01  1.15411E-03
 9.09808E-01  1.15373E-03
 9.09914E-01  1.15336E-03
 9.10020E-01  1.15299E-03
 9.10127E-01  1.15262E-03
 9.10233E-01  1.15224E-03
 9.10340E-01  1.15187E-03
 9.10446E-01  1.15150E-03
 9.10553E-01  1.15112E-03
 9.10659E-01  1.15075E-03
 9.10766E-01  1.15037E-03
 9.10873E-01  1.15000E-03
 9.10979E-01  1.14963E-03
 9.11086E-01  1.14925E-03
 9.11192E-01  1.14888E-03
 9.11299E-01  1.14850E-03
 9.11406E-01  1.14813E-03
 9.11513E-01  1.14775E-03
 9.11619E-01  1.14738E-03
 9.11726E-01  1.14700E-03
 9.11833E-01  1.14663E-03
 9.11940E-01  1.14625E-03
 9.12047E-01  1.14588E-03
 9.12154E-01  1.14550E-03
 9.12261E-01  1.14512E-03
 9.12368E-01  1.14475E-03
 9.12475E-01  1.14437E-03
 9.12582E-01  1.14400E-03
 9.12689E-01  1.14362E-03
 9.12796E-01  1.14324E-03
 9.12903E-01  1.14287E-03
 9.13010E-01  1.14249E-03
 9.13117E-01  1.14211E-03
 9.13224E-01  1.14173E-03
 9.13331E-01  1.14136E-03
 9.13438E-01  1.14098E-03
 9.13546E-01  1.14060E-03
 9.13653E-01  1.14022E-03
 9.13760E-01  1.13984E-03
 9.13868E-01  1.13947E-03
 9.13975E-01  1.13909E-03
 9.14082E-01  1.13871E-03
 9.14190E-01  1.13833E-03
 9.14297E-01  1.13795E-03
 9.14404E-01  1.13757E-03
 9.14512E-01  1.13719E-03
 9.14619E-01  1.13681E-03
 9.14727E-01  1.13644E-03
 9.14834E-01  1.13606E-03
 9.14942E-01  1.13568E-03
 9.15050E-01  1.13530E-03
 9.15157E-01  1.13492E-03
 9.15265E-01  1.13454E-03
 9.15372E-01  1.13416E-03
 9.15480E-01  1.13378E-03
 9.15588E-01  1.13339E-03
 9.15696E-01  1.13301E-03
 9.15803E-01  1.13263E-03
 9.15911E-01  1.13225E-03
 9.16019E-01  1.13187E-03
 9.16127E-01  1.13149E-03
 9.16235E-01  1.13111E-03
 9.16342E-01  1.13073E-03
 9.16450E-01  1.13034E-03
 9.16558E-01  1.12996E-03
 9.16666E-01  1.12958E-03
 9.16774E-01  1.12920E-03
 9.16882E-01  1.12882E-03
 9.16990E-01  1.12843E-03
 9.17098E-01  1.12805E-03
 9.17206E-01  1.12767E-03
 9.17315E-01  1.12728E-03
 9.17423E-01  1.12690E-03
 9.17531E-01  1.12652E-03
 9.17639E-01  1.12613E-03
 9.17747E-01  1.12575E-03
 9.17856E-01  1.12537E-03
 9.17964E-01  1.12498E-03
 9.18072E-01  1.12460E-03
 9.18180E-01  1.12421E-03
 9.18289E-01  1.12383E-03
 9.18397E-01  1.12345E-03
 9.18506E-01  1.12315E-03
 9.18614E-01  1.12268E-03
 9.18722E-01  1.12229E-03
 9.18831E-01  1.12191E-03
 9.18939E-01  1.12152E-03
 9.19048E-01  1.12114E-03
 9.19156E-01  1.12075E-03
 9.19265E-01  1.12036E-03
 9.19374E-01  1.11998E-03
 9.19482E-01  1.11959E-03
 9.19591E-01  1.12293E-03
 9.19700E-01  1.11882E-03
 9.19808E-01  1.11843E-03
 9.19917E-01  1.11805E-03
 9.20026E-01  1.11766E-03
 9.20135E-01  1.11727E-03
 9.20243E-01  1.11689E-03
 9.20352E-01  1.11650E-03
 9.20461E-01  1.11611E-03
 9.20570E-01  1.11572E-03
 9.20679E-01  1.11534E-03
 9.20788E-01  1.11495E-03
 9.20897E-01  1.11457E-03
 9.21006E-01  1.11426E-03
 9.21115E-01  1.11379E-03
 9.21224E-01  1.11339E-03
 9.21333E-01  1.11301E-03
 9.21442E-01  1.11262E-03
 9.21551E-01  1.11223E-03
 9.21660E-01  1.11184E-03
 9.21769E-01  1.11145E-03
 9.21879E-01  1.11154E-03
 9.21988E-01  1.11067E-03
 9.22097E-01  1.11030E-03
 9.22186E-01  1.10997E-03
 9.22206E-01  1.11006E-03
 9.22316E-01  1.11062E-03
 9.22425E-01  1.11118E-03
 9.22534E-01  1.11173E-03
 9.22644E-01  1.11239E-03
 9.22753E-01  1.11284E-03
 9.22862E-01  1.11340E-03
 9.22972E-01  1.11395E-03
 9.23081E-01  1.11722E-03
 9.23191E-01  1.11522E-03
 9.23300E-01  1.11563E-03
 9.23410E-01  1.11618E-03
 9.23520E-01  1.11695E-03
 9.23629E-01  1.11729E-03
 9.23739E-01  1.11785E-03
 9.23848E-01  1.12280E-03
 9.23958E-01  1.11896E-03
 9.24068E-01  1.11986E-03
 9.24178E-01  1.12689E-03
 9.24287E-01  1.12587E-03
 9.24397E-01  1.12140E-03
 9.24507E-01  1.12997E-03
 9.24617E-01  1.13212E-03
 9.24727E-01  1.12287E-03
 9.24837E-01  1.13187E-03
 9.24946E-01  1.12566E-03
 9.25056E-01  1.12463E-03
 9.25166E-01  1.12511E-03
 9.25276E-01  1.12567E-03
 9.25386E-01  1.12623E-03
 9.25496E-01  1.12782E-03
 9.25607E-01  1.12766E-03
 9.25717E-01  1.12793E-03
 9.25827E-01  1.12848E-03
 9.25937E-01  1.12967E-03
 9.26047E-01  1.13038E-03
 9.26157E-01  1.13046E-03
 9.26268E-01  1.13472E-03
 9.26378E-01  1.13184E-03
 9.26488E-01  1.13304E-03
 9.26598E-01  1.14617E-03
 9.26709E-01  1.13672E-03
 9.26819E-01  1.13382E-03
 9.26929E-01  1.13410E-03
 9.27040E-01  1.13583E-03
 9.27150E-01  1.13522E-03
 9.27261E-01  1.13739E-03
 9.27371E-01  1.13650E-03
 9.27482E-01  1.13692E-03
 9.27592E-01  1.13755E-03
 9.27703E-01  1.14022E-03
 9.27814E-01  1.14119E-03
 9.27924E-01  1.16741E-03
 9.28035E-01  1.13994E-03
 9.28146E-01  1.14037E-03
 9.28256E-01  1.14355E-03
 9.28367E-01  1.14421E-03
 9.28478E-01  1.14206E-03
 9.28589E-01  1.14255E-03
 9.28699E-01  1.14598E-03
 9.28810E-01  1.14698E-03
 9.28921E-01  1.14945E-03
 9.29032E-01  1.14631E-03
 9.29143E-01  1.14964E-03
 9.29254E-01  1.14673E-03
 9.29365E-01  1.15696E-03
 9.29476E-01  1.16376E-03
 9.29587E-01  1.15195E-03
 9.29698E-01  1.16147E-03
 9.29809E-01  1.14965E-03
 9.29920E-01  1.15301E-03
 9.30031E-01  1.15029E-03
 9.30142E-01  1.15880E-03
 9.30254E-01  1.15315E-03
 9.30365E-01  1.15742E-03
 9.30476E-01  1.15870E-03
 9.30587E-01  1.15906E-03
 9.30699E-01  1.17501E-03
 9.30810E-01  1.16260E-03
 9.30921E-01  1.17390E-03
 9.31033E-01  1.16807E-03
 9.31144E-01  1.17682E-03
 9.31255E-01  1.18155E-03
 9.31367E-01  1.17862E-03
 9.31478E-01  1.15744E-03
 9.31590E-01  1.15866E-03
 9.31701E-01  1.20092E-03
 9.31813E-01  1.20618E-03
 9.31925E-01  1.17632E-03
 9.32036E-01  1.16842E-03
 9.32148E-01  1.23505E-03
 9.32259E-01  1.19649E-03
 9.32371E-01  1.21096E-03
 9.32483E-01  1.21482E-03
 9.32595E-01  1.19609E-03
 9.32706E-01  1.31643E-03
 9.32818E-01  1.30886E-03
 9.32930E-01  1.25420E-03
 9.33042E-01  1.28992E-03
 9.33154E-01  1.27590E-03
 9.33266E-01  1.35195E-03
 9.33378E-01  1.41080E-03
 9.33490E-01  1.43574E-03
 9.33602E-01  1.55245E-03
 9.33714E-01  1.59915E-03
 9.33826E-01  2.18678E-03
 9.33938E-01  2.14783E-03
 9.34050E-01  2.32799E-03
 9.34162E-01  2.79184E-03
 9.34274E-01  3.18989E-03
 9.34386E-01  4.82221E-03
 9.34498E-01  6.46867E-03
 9.34611E-01  6.52630E-03
 9.34723E-01  8.82490E-03
 9.34835E-01  1.06390E-02
 9.34947E-01  1.16413E-02
 9.35060E-01  1.28643E-02
 9.35172E-01  1.55107E-02
 9.35285E-01  1.76239E-02
 9.35397E-01  1.86668E-02
 9.35509E-01  2.19744E-02
 9.35622E-01  2.34468E-02
 9.35734E-01  2.50218E-02
 9.35847E-01  2.71613E-02
 9.35959E-01  2.74802E-02
 9.36072E-01  2.59948E-02
 9.36185E-01  2.73836E-02
 9.36297E-01  2.64103E-02
 9.36410E-01  2.51851E-02
 9.36523E-01  2.63583E-02
 9.36635E-01  2.38873E-02
 9.36748E-01  2.38942E-02
 9.36861E-01  2.20114E-02
 9.36974E-01  2.14799E-02
 9.37087E-01  2.19278E-02
 9.37199E-01  2.04748E-02
 9.37312E-01  2.00237E-02
 9.37425E-01  1.84225E-02
 9.37538E-01  1.75294E-02
 9.37651E-01  1.90854E-02
 9.37764E-01  1.79642E-02
 9.37877E-01  1.63499E-02
 9.37990E-01  1.69419E-02
 9.38103E-01  1.51875E-02
 9.38216E-01  1.53944E-02
 9.38329E-01  1.40243E-02
 9.38443E-01  1.38143E-02
 9.38556E-01  1.32525E-02
 9.38669E-01  1.28346E-02
 9.38782E-01  1.18038E-02
 9.38895E-01  1.13906E-02
 9.39009E-01  1.07629E-02
 9.39122E-01  1.02263E-02
 9.39235E-01  9.92342E-03
 9.39349E-01  9.72479E-03
 9.39462E-01  9.86641E-03
 9.39576E-01  8.47427E-03
 9.39689E-01  8.29410E-03
 9.39802E-01  7.58210E-03
 9.39916E-01  7.62340E-03
 9.40030E-01  7.03992E-03
 9.40143E-01  6.69982E-03
 9.40257E-01  6.49354E-03
 9.40370E-01  5.67430E-03
 9.40484E-01  6.03340E-03
 9.40598E-01  4.89004E-03
 9.40711E-01  5.16479E-03
 9.40825E-01  4.86499E-03
 9.40939E-01  4.35010E-03
 9.41053E-01  4.30890E-03
 9.41166E-01  3.98604E-03
 9.41280E-01  3.70702E-03
 9.41394E-01  3.38483E-03
 9.41508E-01  3.15132E-03
 9.41622E-01  2.72637E-03
 9.41736E-01  2.80789E-03
 9.41850E-01  2.83960E-03
 9.41964E-01  2.59452E-03
 9.42078E-01  2.52777E-03
 9.42192E-01  2.40309E-03
 9.42306E-01  2.30333E-03
 9.42420E-01  2.10884E-03
 9.42534E-01  2.27334E-03
 9.42648E-01  2.01815E-03
 9.42763E-01  1.91396E-03
 9.42877E-01  1.87805E-03
 9.42991E-01  1.71079E-03
 9.43105E-01  1.62012E-03
 9.43220E-01  1.59636E-03
 9.43334E-01  1.62078E-03
 9.43448E-01  1.57420E-03
 9.43563E-01  1.50451E-03
 9.43677E-01  1.46437E-03
 9.43792E-01  1.53620E-03
 9.43906E-01  1.41193E-03
 9.44021E-01  1.38436E-03
 9.44135E-01  1.34576E-03
 9.44250E-01  1.40898E-03
 9.44364E-01  1.35385E-03
 9.44479E-01  1.31616E-03
 9.44594E-01  1.37833E-03
 9.44708E-01  1.28973E-03
 9.44823E-01  1.34291E-03
 9.44938E-01  1.29773E-03
 9.45052E-01  1.27211E-03
 9.45167E-01  1.26338E-03
 9.45282E-01  1.26192E-03
 9.45397E-01  1.30039E-03
 9.45512E-01  1.25292E-03
 9.45627E-01  1.25295E-03
 9.45741E-01  1.25412E-03
 9.45856E-01  1.25499E-03
 9.45971E-01  1.27480E-03
 9.46086E-01  1.24102E-03
 9.46201E-01  1.23769E-03
 9.46316E-01  1.25663E-03
 9.46432E-01  1.25202E-03
 9.46547E-01  1.25642E-03
 9.46662E-01  1.24217E-03
 9.46777E-01  1.24078E-03
 9.46892E-01  1.23873E-03
 9.47007E-01  1.23989E-03
 9.47123E-01  1.25675E-03
 9.47238E-01  1.23879E-03
 9.47353E-01  1.23946E-03
 9.47469E-01  1.24817E-03
 9.47584E-01  1.24770E-03
 9.47699E-01  1.24547E-03
 9.47815E-01  1.24293E-03
 9.47930E-01  1.24352E-03
 9.48046E-01  1.24441E-03
 9.48161E-01  1.24619E-03
 9.48277E-01  1.24386E-03
 9.48392E-01  1.24447E-03
 9.48508E-01  1.24587E-03
 9.48624E-01  1.25419E-03
 9.48739E-01  1.25325E-03
 9.48855E-01  1.24688E-03
 9.48971E-01  1.25168E-03
 9.49086E-01  1.24806E-03
 9.49202E-01  1.24866E-03
 9.49318E-01  1.24929E-03
 9.49434E-01  1.24996E-03
 9.49549E-01  1.25234E-03
 9.49665E-01  1.25105E-03
 9.49781E-01  1.25176E-03
 9.49897E-01  1.25240E-03
 9.50013E-01  1.25285E-03
 9.50129E-01  1.25345E-03
 9.50245E-01  1.25424E-03
 9.50361E-01  1.25468E-03
 9.50477E-01  1.25527E-03
 9.50593E-01  1.25587E-03
 9.50710E-01  1.25654E-03
 9.50826E-01  1.25824E-03
 9.50942E-01  1.25768E-03
 9.51058E-01  1.25828E-03
 9.51174E-01  1.25888E-03
 9.51291E-01  1.25949E-03
 9.51407E-01  1.26009E-03
 9.51523E-01  1.26070E-03
 9.51640E-01  1.26281E-03
 9.51756E-01  1.26191E-03
 9.51872E-01  1.26251E-03
 9.51989E-01  1.26317E-03
 9.52105E-01  1.26372E-03
 9.52222E-01  1.26433E-03
 9.52338E-01  1.26494E-03
 9.52455E-01  1.26554E-03
 9.52571E-01  1.26785E-03
 9.52688E-01  1.26678E-03
 9.52805E-01  1.26736E-03
 9.52921E-01  1.26797E-03
 9.53038E-01  1.26860E-03
 9.53155E-01  1.26918E-03
 9.53272E-01  1.26979E-03
 9.53388E-01  1.27049E-03
 9.53505E-01  1.27106E-03
 9.53622E-01  1.27162E-03
 9.53739E-01  1.27222E-03
 9.53856E-01  1.27283E-03
 9.53973E-01  1.27344E-03
 9.54090E-01  1.27405E-03
 9.54207E-01  1.27466E-03
 9.54324E-01  1.27527E-03
 9.54441E-01  1.27588E-03
 9.54558E-01  1.27649E-03
 9.54675E-01  1.27710E-03
 9.54792E-01  1.27771E-03
 9.54909E-01  1.27832E-03
 9.55026E-01  1.27893E-03
 9.55144E-01  1.27954E-03
 9.55261E-01  1.28021E-03
 9.55378E-01  1.28077E-03
 9.55495E-01  1.28138E-03
 9.55613E-01  1.28199E-03
 9.55730E-01  1.28260E-03
 9.55847E-01  1.28321E-03
 9.55965E-01  1.28383E-03
 9.56082E-01  1.28444E-03
 9.56200E-01  1.28505E-03
 9.56317E-01  1.28566E-03
 9.56435E-01  1.28628E-03
 9.56552E-01  1.28689E-03
 9.56670E-01  1.28751E-03
 9.56788E-01  1.28812E-03
 9.56905E-01  1.28873E-03
 9.57023E-01  1.28935E-03
 9.57141E-01  1.28996E-03
 9.57258E-01  1.29058E-03
 9.57376E-01  1.29119E-03
 9.57494E-01  1.29181E-03
 9.57612E-01  1.29242E-03
 9.57730E-01  1.29304E-03
 9.57847E-01  1.29365E-03
 9.57965E-01  1.29427E-03
 9.58083E-01  1.29489E-03
 9.58201E-01  1.29550E-03
 9.58319E-01  1.29612E-03
 9.58437E-01  1.29674E-03
 9.58555E-01  1.29735E-03
 9.58673E-01  1.29797E-03
 9.58792E-01  1.29859E-03
 9.58910E-01  1.29921E-03
 9.59028E-01  1.29982E-03
 9.59146E-01  1.30044E-03
 9.59264E-01  1.30106E-03
 9.59383E-01  1.30168E-03
 9.59501E-01  1.30230E-03
 9.59619E-01  1.30292E-03
 9.59737E-01  1.30353E-03
 9.59856E-01  1.30415E-03
 9.59974E-01  1.30477E-03
 9.60093E-01  1.30539E-03
 9.60211E-01  1.30601E-03
 9.60330E-01  1.30663E-03
 9.60448E-01  1.30725E-03
 9.60567E-01  1.30787E-03
 9.60685E-01  1.30849E-03
 9.60804E-01  1.30912E-03
 9.60923E-01  1.30974E-03
 9.61041E-01  1.31036E-03
 9.61160E-01  1.31098E-03
 9.61279E-01  1.31160E-03
 9.61397E-01  1.31222E-03
 9.61516E-01  1.31285E-03
 9.61635E-01  1.31347E-03
 9.61754E-01  1.31409E-03
 9.61873E-01  1.31471E-03
 9.61992E-01  1.31534E-03
 9.62110E-01  1.31596E-03
 9.62229E-01  1.31658E-03
 9.62348E-01  1.31721E-03
 9.62467E-01  1.31783E-03
 9.62587E-01  1.31846E-03
 9.62706E-01  1.31908E-03
 9.62825E-01  1.31971E-03
 9.62944E-01  1.32033E-03
 9.63063E-01  1.32095E-03
 9.63182E-01  1.32158E-03
 9.63301E-01  1.32221E-03
 9.63421E-01  1.32283E-03
 9.63540E-01  1.32346E-03
 9.63659E-01  1.32408E-03
 9.63779E-01  1.32471E-03
 9.63898E-01  1.32534E-03
 9.64017E-01  1.32596E-03
 9.64137E-01  1.32659E-03
 9.64256E-01  1.32722E-03
 9.64376E-01  1.32784E-03
 9.64495E-01  1.32847E-03
 9.64615E-01  1.32914E-03
 9.65737E-01  1.33499E-03
 1.01134E+00  1.46944E-03
 1.05910E+00  1.55093E-03
 1.10912E+00  1.61753E-03
 1.16150E+00  1.61950E-03
 1.21635E+00  1.57083E-03
 1.27379E+00  1.58132E-03
 1.33395E+00  1.50132E-03
 1.39695E+00  1.41721E-03
 1.46292E+00  1.28970E-03
 1.53200E+00  1.18507E-03
 1.60435E+00  1.09422E-03
 1.68012E+00  1.00742E-03
 1.75946E+00  9.72821E-04
 1.84255E+00  9.61111E-04
 1.92957E+00  9.79814E-04
 2.02069E+00  1.03692E-03
 2.11612E+00  1.02852E-03
 2.21605E+00  1.07514E-03
 2.32071E+00  1.09137E-03
 2.43030E+00  1.10785E-03
 2.54507E+00  1.13544E-03
 2.66527E+00  1.16306E-03
 2.79113E+00  1.19526E-03
 2.92295E+00  1.73626E-03
 3.06098E+00  2.05101E-03
 3.20554E+00  2.15413E-03
 3.35692E+00  2.19793E-03
 3.51545E+00  2.29709E-03
 3.68147E+00  2.27336E-03
 3.85533E+00  2.32820E-03
 4.03739E+00  2.34589E-03
 4.22806E+00  2.39831E-03
 4.42773E+00  2.44225E-03
 4.63683E+00  2.43707E-03
 4.85581E+00  2.44706E-03
 5.08512E+00  2.45406E-03
 5.32527E+00  2.48692E-03
 5.57676E+00  2.47610E-03
 5.84012E+00  2.52282E-03
 6.11592E+00  2.55306E-03
 6.40475E+00  2.55782E-03
 6.70721E+00  2.64802E-03
 7.02396E+00  2.78896E-03
 7.35567E+00  2.85260E-03
 7.70304E+00  2.82243E-03
 8.06682E+00  2.89243E-03
 8.44778E+00  2.85189E-03
 8.84673E+00  2.85840E-03
 9.26451E+00  2.86497E-03
 9.70203E+00  2.83837E-03
 1.01602E+01  2.83636E-03
 1.06400E+01  2.85823E-03
 1.11425E+01  2.92694E-03
 1.16687E+01  2.92103E-03
 1.22198E+01  2.96659E-03
 1.27969E+01  2.98562E-03
 1.34012E+01  2.89176E-03
 1.40341E+01  2.78357E-03
 1.46968E+01  2.65966E-03
 1.53909E+01  2.48510E-03
 1.61177E+01  2.36132E-03
 1.68789E+01  2.27420E-03
 1.76760E+01  2.12882E-03
 1.85107E+01  1.83490E-03
 1.93849E+01  1.83163E-03
 2.03004E+01  1.76757E-03
 2.12591E+01  1.67478E-03
 2.22630E+01  1.62822E-03
 2.33144E+01  1.56249E-03
 2.44154E+01  1.48247E-03
 2.55685E+01  1.39277E-03
 2.67759E+01  1.37615E-03
 2.80404E+01  1.35800E-03
 2.93646E+01  1.32169E-03
 3.07514E+01  1.36406E-03
 3.22036E+01  1.46083E-03
 3.37245E+01  1.52706E-03
 3.53171E+01  1.76923E-03
 3.69850E+01  2.13420E-03
 3.87316E+01  2.64810E-03
 4.05607E+01  3.35608E-03
 4.24762E+01  4.48103E-03
 4.44821E+01  5.65833E-03
 4.65828E+01  7.35981E-03
 4.87827E+01  9.47228E-03
 5.10864E+01  1.19270E-02
 5.34990E+01  1.53364E-02
 5.60255E+01  1.86316E-02
 5.86713E+01  2.35370E-02
 6.14421E+01  2.98190E-02
 6.43437E+01  3.83503E-02
 6.73823E+01  4.88219E-02
 7.05645E+01  6.16926E-02
 7.38969E+01  7.55457E-02
 7.73867E+01  8.79887E-02
 8.10413E+01  9.93847E-02
 8.48685E+01  1.11246E-01
 8.88764E+01  1.23600E-01
 9.30736E+01  1.36649E-01
 9.74691E+01  1.51674E-01
 1.02072E+02  1.69228E-01
 1.06892E+02  1.87470E-01
 1.11940E+02  2.12530E-01
 1.17227E+02  2.45882E-01
 1.22763E+02  2.84947E-01
 1.28560E+02  3.28610E-01
 1.34632E+02  3.79888E-01
 1.40990E+02  4.36027E-01
 1.47648E+02  4.92482E-01
 1.54621E+02  5.57548E-01
 1.61923E+02  6.27910E-01
 1.69569E+02  7.11074E-01
 1.77577E+02  8.05968E-01
 1.85964E+02  9.10523E-01
 1.94746E+02  1.02765E+00
 2.03943E+02  1.15988E+00
 2.13574E+02  1.29917E+00
 2.23660E+02  1.45141E+00
 2.34222E+02  1.61291E+00
 2.45284E+02  1.77391E+00
 2.56867E+02  1.93606E+00
 2.68998E+02  2.09427E+00
 2.81701E+02  2.24031E+00
 2.95005E+02  2.37882E+00
 3.08936E+02  2.49421E+00
 3.23526E+02  2.60886E+00
 3.38804E+02  2.69563E+00
 3.54804E+02  2.77276E+00
 3.71560E+02  2.82166E+00
 3.89107E+02  2.84970E+00
 4.07483E+02  2.85868E+00
 4.26726E+02  2.84251E+00
 4.46878E+02  2.81582E+00
 4.67982E+02  2.77996E+00
 4.90083E+02  2.71896E+00
 5.13227E+02  2.65195E+00
 5.37464E+02  2.58411E+00
 5.62846E+02  2.47994E+00
 5.89427E+02  2.38028E+00
 6.17263E+02  2.26688E+00
 6.46413E+02  2.14716E+00
 6.76940E+02  2.04168E+00
 7.08909E+02  1.90821E+00
 7.42387E+02  1.77513E+00
 7.77446E+02  1.65136E+00
 8.14161E+02  1.51672E+00
 8.52610E+02  1.41062E+00
 8.92875E+02  1.29339E+00
 9.35041E+02  1.16737E+00
 9.79199E+02  1.06277E+00
 1.02544E+03  9.65223E-01
 1.07387E+03  8.74596E-01
 1.12458E+03  7.80449E-01
 1.17769E+03  7.01885E-01
 1.23331E+03  6.19734E-01
 1.29155E+03  5.51233E-01
 1.35254E+03  4.77276E-01
 1.41642E+03  4.24513E-01
 1.48331E+03  3.70479E-01
 1.55336E+03  3.23780E-01
 1.62672E+03  2.79256E-01
 1.70354E+03  2.47768E-01
 1.78399E+03  2.07425E-01
 1.86824E+03  1.81332E-01
 1.95646E+03  1.50552E-01
 2.04886E+03  1.31162E-01
 2.14562E+03  1.13754E-01
 2.24694E+03  1.01425E-01
 2.35306E+03  8.13457E-02
 2.46418E+03  7.39584E-02
 2.58055E+03  5.81161E-02
 2.70242E+03  5.10831E-02
 2.83004E+03  4.29988E-02
 2.96369E+03  3.76331E-02
 3.10365E+03  2.94101E-02
 3.25022E+03  2.51045E-02
 3.40371E+03  2.25860E-02
 3.56445E+03  1.95341E-02
 3.73279E+03  1.48494E-02
 3.90907E+03  1.32307E-02
 4.09367E+03  1.12498E-02
 4.28700E+03  1.07066E-02
 4.48945E+03  7.62881E-03
 4.70147E+03  6.41854E-03
 4.92350E+03  4.68825E-03
 5.15601E+03  3.98424E-03
 5.39950E+03  3.05991E-03
 5.65449E+03  2.03992E-03
 5.92153E+03  3.45653E-03
 6.20117E+03  2.80024E-03
 6.49403E+03  1.00423E-03
 6.80071E+03  2.45372E-03
 7.12187E+03  7.34193E-04
 7.45820E+03  1.15279E-03
