 7.88283E-05  2.99699E-11
 8.25510E-05  4.07493E-11
 8.64495E-05  6.16218E-11
 9.05321E-05  5.95885E-11
 9.48075E-05  5.93913E-11
 9.92848E-05  5.87909E-11
 1.03974E-04  7.32806E-11
 1.08884E-04  7.88104E-11
 1.14026E-04  9.42244E-11
 1.19411E-04  1.00704E-10
 1.25050E-04  7.97679E-11
 1.30955E-04  8.83115E-11
 1.37140E-04  8.97388E-11
 1.43616E-04  1.31077E-10
 1.50398E-04  1.28576E-10
 1.57501E-04  1.40100E-10
 1.64939E-04  1.70164E-10
 1.72728E-04  1.74964E-10
 1.80886E-04  1.95445E-10
 1.89428E-04  2.08156E-10
 1.98374E-04  2.08906E-10
 2.07742E-04  2.38794E-10
 2.17553E-04  2.14257E-10
 2.27826E-04  2.55415E-10
 2.38586E-04  2.34772E-10
 2.49853E-04  3.09708E-10
 2.61652E-04  3.59269E-10
 2.74009E-04  3.94369E-10
 2.86949E-04  3.43485E-10
 3.00500E-04  3.96755E-10
 3.14691E-04  3.95771E-10
 3.29553E-04  4.57261E-10
 3.45116E-04  4.02943E-10
 3.61414E-04  5.15806E-10
 3.78482E-04  5.50882E-10
 3.96356E-04  5.29909E-10
 4.15074E-04  6.01111E-10
 4.34676E-04  6.61985E-10
 4.55203E-04  6.36834E-10
 4.76700E-04  8.03037E-10
 4.99213E-04  7.92114E-10
 5.22788E-04  8.29571E-10
 5.47477E-04  8.99174E-10
 5.73332E-04  1.06145E-09
 6.00407E-04  1.02821E-09
 6.28762E-04  1.06664E-09
 6.58455E-04  1.32945E-09
 6.89551E-04  1.29136E-09
 7.22115E-04  1.36760E-09
 7.56217E-04  1.21768E-09
 7.91929E-04  1.55932E-09
 8.29328E-04  1.41806E-09
 8.68493E-04  1.66443E-09
 9.09508E-04  1.89810E-09
 9.52460E-04  2.03947E-09
 9.97440E-04  1.93544E-09
 1.04454E-03  2.14802E-09
 1.09387E-03  2.09180E-09
 1.14553E-03  2.34448E-09
 1.19963E-03  2.58106E-09
 1.25628E-03  2.70387E-09
 1.31561E-03  3.22132E-09
 1.37774E-03  2.95209E-09
 1.44280E-03  3.13881E-09
 1.51094E-03  3.26935E-09
 1.58230E-03  3.48348E-09
 1.65702E-03  3.43419E-09
 1.73527E-03  3.73419E-09
 1.81722E-03  4.31963E-09
 1.90304E-03  4.60349E-09
 1.99291E-03  5.01407E-09
 2.08703E-03  5.16654E-09
 2.18559E-03  5.88684E-09
 2.28880E-03  5.93233E-09
 2.39689E-03  5.54774E-09
 2.51008E-03  6.67195E-09
 2.62862E-03  7.18759E-09
 2.75276E-03  7.02167E-09
 2.88276E-03  8.36790E-09
 3.01890E-03  9.08850E-09
 3.16147E-03  7.82619E-09
 3.31077E-03  8.01160E-09
 3.46712E-03  8.77055E-09
 3.63086E-03  9.16830E-09
 3.80232E-03  1.07775E-08
 3.98189E-03  1.02273E-08
 4.16993E-03  1.28424E-08
 4.36686E-03  1.11753E-08
 4.57309E-03  1.18525E-08
 4.78905E-03  1.27287E-08
 5.01522E-03  1.34473E-08
 5.25206E-03  1.30691E-08
 5.50009E-03  1.52501E-08
 5.75983E-03  1.48619E-08
 6.03184E-03  1.41427E-08
 6.31670E-03  1.52052E-08
 6.61500E-03  1.66105E-08
 6.92740E-03  1.70445E-08
 7.25455E-03  1.56637E-08
 7.59714E-03  1.71457E-08
 7.95592E-03  1.41017E-08
 8.33164E-03  1.47052E-08
 8.72510E-03  1.49905E-08
 9.13715E-03  1.32915E-08
 9.56865E-03  1.19089E-08
 1.00205E-02  1.04978E-08
 1.04938E-02  1.04958E-08
 1.09893E-02  9.05331E-09
 1.15083E-02  7.50773E-09
 1.20518E-02  8.45351E-09
 1.26209E-02  6.54017E-09
 1.32170E-02  5.71576E-09
 1.38411E-02  5.53667E-09
 1.44948E-02  5.36563E-09
 1.51793E-02  4.84732E-09
 1.58961E-02  3.86845E-09
 1.66468E-02  3.89523E-09
 1.74330E-02  3.68847E-09
 1.82563E-02  2.99333E-09
 1.91184E-02  3.10167E-09
 2.00213E-02  2.10745E-09
 2.09668E-02  1.97139E-09
 2.19570E-02  2.16877E-09
 2.29939E-02  2.24528E-09
 2.40798E-02  2.22771E-09
 2.52169E-02  1.84169E-09
 2.64078E-02  2.40051E-09
 2.76549E-02  2.35933E-09
 2.89609E-02  3.11931E-09
 3.03286E-02  2.60663E-09
 3.17609E-02  2.99225E-09
 3.32608E-02  7.25460E-09
 3.48316E-02  2.28189E-08
 3.64765E-02  2.28983E-08
 3.81991E-02  2.17118E-08
 4.00031E-02  2.17110E-08
 4.18922E-02  2.11038E-08
 4.38706E-02  1.85484E-08
 4.59424E-02  1.75533E-08
 4.81120E-02  1.42827E-08
 5.03841E-02  1.36757E-08
 5.27635E-02  1.19756E-08
 5.52553E-02  1.06495E-08
 5.78647E-02  8.42287E-09
 6.05974E-02  7.00091E-09
 6.34591E-02  5.57382E-09
 6.64560E-02  3.98805E-09
 6.95944E-02  2.84590E-09
 7.28810E-02  2.38401E-09
 7.63228E-02  1.60083E-09
 7.99272E-02  1.10504E-09
 8.37017E-02  7.89239E-10
 8.76546E-02  5.25692E-10
 9.17941E-02  3.72241E-10
 9.61291E-02  2.45375E-10
 1.00669E-01  1.50126E-10
 1.05423E-01  1.16904E-10
 1.10401E-01  7.19880E-11
 1.15615E-01  4.97805E-11
 1.21075E-01  3.16623E-11
 1.26793E-01  2.59026E-11
 1.32781E-01  1.36567E-11
 1.39051E-01  8.22661E-12
 1.45618E-01  6.45054E-12
 1.52495E-01  3.19690E-12
 1.59697E-01  2.22095E-12
 1.67238E-01  1.19202E-12
 1.75136E-01  2.44499E-12
 1.83407E-01  4.15396E-12
 1.92068E-01  1.06067E-11
 2.01139E-01  4.82483E-12
 2.10638E-01  2.82232E-12
 2.20585E-01  8.91206E-13
 2.31002E-01  5.54068E-13
 2.41911E-01  3.22514E-13
 2.53336E-01  1.39707E-13
 2.65300E-01  4.62383E-14
 2.77828E-01  1.99241E-14
 2.90949E-01  9.66287E-15
 3.04689E-01  4.13941E-15
 3.19078E-01  2.21288E-15
 3.34146E-01  9.03661E-16
 3.49927E-01  4.34510E-16
 3.66452E-01  2.33647E-16
 3.83758E-01  1.47834E-16
 4.01881E-01  1.18288E-16
 4.20860E-01  6.42340E-17
 4.40735E-01  7.84820E-17
 4.61549E-01  8.65696E-17
 4.83345E-01  1.70768E-16
 5.06171E-01  3.23629E-16
 5.30075E-01  1.20765E-15
 5.55108E-01  8.07895E-15
 5.81323E-01  9.44605E-14
 6.08777E-01  2.60855E-12
 6.37526E-01  2.04923E-10
 6.67633E-01  4.87295E-08
 6.99163E-01  8.04556E-05
 7.32181E-01  4.88128E-04
 7.66758E-01  5.95411E-04
 8.02968E-01  6.49581E-04
 8.40889E-01  7.39227E-04
 8.80600E-01  7.48911E-04
 9.08427E-01  6.85417E-04
 9.08533E-01  6.85170E-04
 9.08639E-01  6.84923E-04
 9.08745E-01  6.84676E-04
 9.08851E-01  6.84428E-04
 9.08957E-01  6.84181E-04
 9.09064E-01  6.83933E-04
 9.09170E-01  6.83686E-04
 9.09276E-01  6.83438E-04
 9.09382E-01  6.83190E-04
 9.09489E-01  6.82942E-04
 9.09595E-01  6.82694E-04
 9.09701E-01  6.82446E-04
 9.09808E-01  6.82198E-04
 9.09914E-01  6.81949E-04
 9.10020E-01  6.81701E-04
 9.10127E-01  6.81452E-04
 9.10233E-01  6.81204E-04
 9.10340E-01  6.80955E-04
 9.10446E-01  6.80706E-04
 9.10553E-01  6.80457E-04
 9.10659E-01  6.80208E-04
 9.10766E-01  6.79959E-04
 9.10873E-01  6.79710E-04
 9.10979E-01  6.79461E-04
 9.11086E-01  6.79212E-04
 9.11192E-01  6.78962E-04
 9.11299E-01  6.78712E-04
 9.11406E-01  6.78463E-04
 9.11513E-01  6.78213E-04
 9.11619E-01  6.77963E-04
 9.11726E-01  6.77713E-04
 9.11833E-01  6.77463E-04
 9.11940E-01  6.77213E-04
 9.12047E-01  6.76963E-04
 9.12154E-01  6.76712E-04
 9.12261E-01  6.76462E-04
 9.12368E-01  6.76211E-04
 9.12475E-01  6.75961E-04
 9.12582E-01  6.75710E-04
 9.12689E-01  6.76237E-04
 9.12796E-01  6.75208E-04
 9.12903E-01  6.74957E-04
 9.13010E-01  6.74706E-04
 9.13117E-01  6.74455E-04
 9.13224E-01  6.74204E-04
 9.13331E-01  6.73952E-04
 9.13438E-01  6.73701E-04
 9.13546E-01  6.73449E-04
 9.13653E-01  6.73197E-04
 9.13760E-01  6.72945E-04
 9.13868E-01  6.72694E-04
 9.13975E-01  6.72442E-04
 9.14082E-01  6.72189E-04
 9.14190E-01  6.71937E-04
 9.14297E-01  6.71685E-04
 9.14404E-01  6.71432E-04
 9.14512E-01  6.71180E-04
 9.14619E-01  6.70930E-04
 9.14727E-01  6.70675E-04
 9.14834E-01  6.70423E-04
 9.14942E-01  6.70169E-04
 9.15050E-01  6.69916E-04
 9.15157E-01  6.69663E-04
 9.15265E-01  6.69410E-04
 9.15372E-01  6.69156E-04
 9.15480E-01  6.68903E-04
 9.15588E-01  6.68650E-04
 9.15696E-01  6.68396E-04
 9.15803E-01  6.68142E-04
 9.15911E-01  6.67888E-04
 9.16019E-01  6.67635E-04
 9.16127E-01  6.67381E-04
 9.16235E-01  6.67128E-04
 9.16342E-01  6.66872E-04
 9.16450E-01  6.66618E-04
 9.16558E-01  6.66364E-04
 9.16666E-01  6.66109E-04
 9.16774E-01  6.65855E-04
 9.16882E-01  6.65600E-04
 9.16990E-01  6.66102E-04
 9.17098E-01  6.65090E-04
 9.17206E-01  6.64835E-04
 9.17315E-01  6.64580E-04
 9.17423E-01  6.64364E-04
 9.17531E-01  6.64074E-04
 9.17639E-01  6.63815E-04
 9.17747E-01  6.63559E-04
 9.17856E-01  6.63303E-04
 9.17964E-01  6.63048E-04
 9.18072E-01  6.62792E-04
 9.18180E-01  6.62536E-04
 9.18289E-01  6.62280E-04
 9.18397E-01  6.62026E-04
 9.18506E-01  6.61768E-04
 9.18614E-01  6.61512E-04
 9.18722E-01  6.61255E-04
 9.18831E-01  6.60999E-04
 9.18939E-01  6.60742E-04
 9.19048E-01  6.60486E-04
 9.19156E-01  6.60271E-04
 9.19265E-01  6.59972E-04
 9.19374E-01  6.59715E-04
 9.19482E-01  6.59458E-04
 9.19591E-01  6.59201E-04
 9.19700E-01  6.58943E-04
 9.19808E-01  6.58690E-04
 9.19917E-01  6.58429E-04
 9.20026E-01  6.58217E-04
 9.20135E-01  6.57914E-04
 9.20243E-01  6.57656E-04
 9.20352E-01  6.57447E-04
 9.20461E-01  6.57164E-04
 9.20570E-01  6.56882E-04
 9.20679E-01  6.56729E-04
 9.20788E-01  6.56601E-04
 9.20897E-01  6.56107E-04
 9.21006E-01  6.55852E-04
 9.21115E-01  6.55590E-04
 9.21224E-01  6.55725E-04
 9.21333E-01  6.55518E-04
 9.21442E-01  6.54820E-04
 9.21551E-01  6.54555E-04
 9.21660E-01  6.54295E-04
 9.21769E-01  6.54057E-04
 9.21879E-01  6.53799E-04
 9.21988E-01  6.55113E-04
 9.22097E-01  6.53264E-04
 9.22186E-01  6.53266E-04
 9.22206E-01  6.53375E-04
 9.22316E-01  6.53446E-04
 9.22425E-01  6.53857E-04
 9.22534E-01  6.54651E-04
 9.22644E-01  6.54462E-04
 9.22753E-01  6.54811E-04
 9.22862E-01  6.55320E-04
 9.22972E-01  6.55583E-04
 9.23081E-01  6.55852E-04
 9.23191E-01  6.61908E-04
 9.23300E-01  6.56798E-04
 9.23410E-01  6.56954E-04
 9.23520E-01  6.57313E-04
 9.23629E-01  6.57523E-04
 9.23739E-01  6.58314E-04
 9.23848E-01  6.58270E-04
 9.23958E-01  6.58651E-04
 9.24068E-01  6.59423E-04
 9.24178E-01  6.59531E-04
 9.24287E-01  6.59569E-04
 9.24397E-01  6.62689E-04
 9.24507E-01  6.61205E-04
 9.24617E-01  6.61751E-04
 9.24727E-01  6.62686E-04
 9.24837E-01  6.62826E-04
 9.24946E-01  6.64132E-04
 9.25056E-01  6.61945E-04
 9.25166E-01  6.63075E-04
 9.25276E-01  6.62777E-04
 9.25386E-01  6.62990E-04
 9.25496E-01  6.65427E-04
 9.25607E-01  6.63790E-04
 9.25717E-01  6.77515E-04
 9.25827E-01  6.69616E-04
 9.25937E-01  6.67881E-04
 9.26047E-01  6.66119E-04
 9.26157E-01  6.65813E-04
 9.26268E-01  6.71802E-04
 9.26378E-01  6.66053E-04
 9.26488E-01  6.66389E-04
 9.26598E-01  6.73790E-04
 9.26709E-01  6.70217E-04
 9.26819E-01  6.72570E-04
 9.26929E-01  6.67831E-04
 9.27040E-01  6.70849E-04
 9.27150E-01  6.68704E-04
 9.27261E-01  6.69049E-04
 9.27371E-01  6.70356E-04
 9.27482E-01  6.87478E-04
 9.27592E-01  6.70080E-04
 9.27703E-01  6.72153E-04
 9.27814E-01  6.70981E-04
 9.27924E-01  6.78551E-04
 9.28035E-01  6.71969E-04
 9.28146E-01  6.79246E-04
 9.28256E-01  6.72644E-04
 9.28367E-01  6.73248E-04
 9.28478E-01  6.75398E-04
 9.28589E-01  6.74372E-04
 9.28699E-01  6.80357E-04
 9.28810E-01  6.74119E-04
 9.28921E-01  6.75916E-04
 9.29032E-01  6.78932E-04
 9.29143E-01  6.84638E-04
 9.29254E-01  6.78100E-04
 9.29365E-01  6.78834E-04
 9.29476E-01  6.85354E-04
 9.29587E-01  6.92079E-04
 9.29698E-01  6.86259E-04
 9.29809E-01  6.83032E-04
 9.29920E-01  6.77593E-04
 9.30031E-01  6.83329E-04
 9.30142E-01  7.03687E-04
 9.30254E-01  6.97473E-04
 9.30365E-01  6.88823E-04
 9.30476E-01  7.08755E-04
 9.30587E-01  6.98882E-04
 9.30699E-01  6.98170E-04
 9.30810E-01  7.15487E-04
 9.30921E-01  7.24559E-04
 9.31033E-01  7.12025E-04
 9.31144E-01  6.88428E-04
 9.31255E-01  7.51707E-04
 9.31367E-01  6.94627E-04
 9.31478E-01  7.31991E-04
 9.31590E-01  7.91170E-04
 9.31701E-01  7.06597E-04
 9.31813E-01  7.29439E-04
 9.31925E-01  7.20276E-04
 9.32036E-01  7.40805E-04
 9.32148E-01  9.07193E-04
 9.32259E-01  7.16029E-04
 9.32371E-01  7.85890E-04
 9.32483E-01  7.89306E-04
 9.32595E-01  8.07617E-04
 9.32706E-01  7.69458E-04
 9.32818E-01  8.30122E-04
 9.32930E-01  8.58891E-04
 9.33042E-01  8.91055E-04
 9.33154E-01  9.80005E-04
 9.33266E-01  9.74657E-04
 9.33378E-01  1.09176E-03
 9.33490E-01  1.09871E-03
 9.33602E-01  1.12964E-03
 9.33714E-01  1.33349E-03
 9.33826E-01  1.52161E-03
 9.33938E-01  1.48818E-03
 9.34050E-01  2.17127E-03
 9.34162E-01  2.49656E-03
 9.34274E-01  2.94138E-03
 9.34386E-01  3.11932E-03
 9.34498E-01  3.82973E-03
 9.34611E-01  4.52092E-03
 9.34723E-01  5.03247E-03
 9.34835E-01  6.30061E-03
 9.34947E-01  6.82691E-03
 9.35060E-01  7.80008E-03
 9.35172E-01  8.55526E-03
 9.35285E-01  9.79192E-03
 9.35397E-01  9.91221E-03
 9.35509E-01  1.10930E-02
 9.35622E-01  1.24133E-02
 9.35734E-01  1.28920E-02
 9.35847E-01  1.24286E-02
 9.35959E-01  1.32198E-02
 9.36072E-01  1.21278E-02
 9.36185E-01  1.38246E-02
 9.36297E-01  1.38800E-02
 9.36410E-01  1.35818E-02
 9.36523E-01  1.31061E-02
 9.36635E-01  1.10633E-02
 9.36748E-01  1.28993E-02
 9.36861E-01  1.23941E-02
 9.36974E-01  1.22311E-02
 9.37087E-01  1.17723E-02
 9.37199E-01  1.05497E-02
 9.37312E-01  1.08925E-02
 9.37425E-01  1.12534E-02
 9.37538E-01  1.04584E-02
 9.37651E-01  1.01131E-02
 9.37764E-01  9.76907E-03
 9.37877E-01  9.39877E-03
 9.37990E-01  8.90055E-03
 9.38103E-01  9.53692E-03
 9.38216E-01  8.05214E-03
 9.38329E-01  7.61475E-03
 9.38443E-01  7.69256E-03
 9.38556E-01  7.30414E-03
 9.38669E-01  7.26623E-03
 9.38782E-01  6.69639E-03
 9.38895E-01  6.49243E-03
 9.39009E-01  5.65261E-03
 9.39122E-01  5.89122E-03
 9.39235E-01  5.37692E-03
 9.39349E-01  5.79349E-03
 9.39462E-01  5.28847E-03
 9.39576E-01  5.14544E-03
 9.39689E-01  5.09932E-03
 9.39802E-01  3.88977E-03
 9.39916E-01  4.17066E-03
 9.40030E-01  3.61632E-03
 9.40143E-01  3.74856E-03
 9.40257E-01  3.68787E-03
 9.40370E-01  3.39698E-03
 9.40484E-01  3.25580E-03
 9.40598E-01  2.89896E-03
 9.40711E-01  2.76939E-03
 9.40825E-01  2.86234E-03
 9.40939E-01  2.45237E-03
 9.41053E-01  2.22370E-03
 9.41166E-01  2.17977E-03
 9.41280E-01  2.09195E-03
 9.41394E-01  2.04705E-03
 9.41508E-01  2.01231E-03
 9.41622E-01  1.59213E-03
 9.41736E-01  1.75252E-03
 9.41850E-01  1.59934E-03
 9.41964E-01  1.50560E-03
 9.42078E-01  1.36125E-03
 9.42192E-01  1.33130E-03
 9.42306E-01  1.32052E-03
 9.42420E-01  1.27178E-03
 9.42534E-01  1.13260E-03
 9.42648E-01  1.14063E-03
 9.42763E-01  1.01130E-03
 9.42877E-01  9.87352E-04
 9.42991E-01  9.63305E-04
 9.43105E-01  9.07389E-04
 9.43220E-01  9.41835E-04
 9.43334E-01  8.38239E-04
 9.43448E-01  8.83512E-04
 9.43563E-01  8.97229E-04
 9.43677E-01  8.32934E-04
 9.43792E-01  8.49474E-04
 9.43906E-01  8.33737E-04
 9.44021E-01  8.30195E-04
 9.44135E-01  7.99125E-04
 9.44250E-01  8.20300E-04
 9.44364E-01  8.00515E-04
 9.44479E-01  7.81366E-04
 9.44594E-01  7.72634E-04
 9.44708E-01  7.70086E-04
 9.44823E-01  7.81341E-04
 9.44938E-01  7.52291E-04
 9.45052E-01  7.41868E-04
 9.45167E-01  7.51710E-04
 9.45282E-01  7.39643E-04
 9.45397E-01  7.57952E-04
 9.45512E-01  7.33893E-04
 9.45627E-01  7.42497E-04
 9.45741E-01  7.57415E-04
 9.45856E-01  7.34161E-04
 9.45971E-01  7.36936E-04
 9.46086E-01  7.34363E-04
 9.46201E-01  7.49383E-04
 9.46316E-01  7.60212E-04
 9.46432E-01  7.31872E-04
 9.46547E-01  7.33893E-04
 9.46662E-01  7.31644E-04
 9.46777E-01  7.43119E-04
 9.46892E-01  7.34821E-04
 9.47007E-01  7.39701E-04
 9.47123E-01  7.32325E-04
 9.47238E-01  7.35356E-04
 9.47353E-01  7.33640E-04
 9.47469E-01  7.40607E-04
 9.47584E-01  7.36035E-04
 9.47699E-01  7.33531E-04
 9.47815E-01  7.38850E-04
 9.47930E-01  7.36602E-04
 9.48046E-01  7.34506E-04
 9.48161E-01  7.35570E-04
 9.48277E-01  7.36715E-04
 9.48392E-01  7.35522E-04
 9.48508E-01  7.36194E-04
 9.48624E-01  7.36795E-04
 9.48739E-01  7.36207E-04
 9.48855E-01  7.36984E-04
 9.48971E-01  7.37404E-04
 9.49086E-01  7.37280E-04
 9.49202E-01  7.40591E-04
 9.49318E-01  7.38968E-04
 9.49434E-01  7.44523E-04
 9.49549E-01  7.40024E-04
 9.49665E-01  7.39475E-04
 9.49781E-01  7.40746E-04
 9.49897E-01  7.40678E-04
 9.50013E-01  7.40680E-04
 9.50129E-01  7.42360E-04
 9.50245E-01  7.41664E-04
 9.50361E-01  7.41324E-04
 9.50477E-01  7.41741E-04
 9.50593E-01  7.42223E-04
 9.50710E-01  7.42393E-04
 9.50826E-01  7.42870E-04
 9.50942E-01  7.43467E-04
 9.51058E-01  7.43837E-04
 9.51174E-01  7.43870E-04
 9.51291E-01  7.44322E-04
 9.51407E-01  7.44637E-04
 9.51523E-01  7.44980E-04
 9.51640E-01  7.45595E-04
 9.51756E-01  7.46300E-04
 9.51872E-01  7.46087E-04
 9.51989E-01  7.46548E-04
 9.52105E-01  7.46818E-04
 9.52222E-01  7.47199E-04
 9.52338E-01  7.47557E-04
 9.52455E-01  7.49063E-04
 9.52571E-01  7.48297E-04
 9.52688E-01  7.48670E-04
 9.52805E-01  7.49152E-04
 9.52921E-01  7.49640E-04
 9.53038E-01  7.49802E-04
 9.53155E-01  7.50149E-04
 9.53272E-01  7.50615E-04
 9.53388E-01  7.50957E-04
 9.53505E-01  7.51608E-04
 9.53622E-01  7.51647E-04
 9.53739E-01  7.53877E-04
 9.53856E-01  7.52374E-04
 9.53973E-01  7.52818E-04
 9.54090E-01  7.53151E-04
 9.54207E-01  7.53489E-04
 9.54324E-01  7.53861E-04
 9.54441E-01  7.54235E-04
 9.54558E-01  7.54605E-04
 9.54675E-01  7.54978E-04
 9.54792E-01  7.55351E-04
 9.54909E-01  7.55722E-04
 9.55026E-01  7.56094E-04
 9.55144E-01  7.56467E-04
 9.55261E-01  7.56861E-04
 9.55378E-01  7.57213E-04
 9.55495E-01  7.57586E-04
 9.55613E-01  7.57961E-04
 9.55730E-01  7.58971E-04
 9.55847E-01  7.58706E-04
 9.55965E-01  7.59236E-04
 9.56082E-01  7.59455E-04
 9.56200E-01  7.59828E-04
 9.56317E-01  7.60201E-04
 9.56435E-01  7.60613E-04
 9.56552E-01  7.60949E-04
 9.56670E-01  7.61835E-04
 9.56788E-01  7.61698E-04
 9.56905E-01  7.62073E-04
 9.57023E-01  7.62447E-04
 9.57141E-01  7.62822E-04
 9.57258E-01  7.63197E-04
 9.57376E-01  7.63574E-04
 9.57494E-01  7.63948E-04
 9.57612E-01  7.64323E-04
 9.57730E-01  7.64698E-04
 9.57847E-01  7.65076E-04
 9.57965E-01  7.65450E-04
 9.58083E-01  7.65825E-04
 9.58201E-01  7.66201E-04
 9.58319E-01  7.66577E-04
 9.58437E-01  7.67020E-04
 9.58555E-01  7.67330E-04
 9.58673E-01  7.67707E-04
 9.58792E-01  7.68083E-04
 9.58910E-01  7.68460E-04
 9.59028E-01  7.68837E-04
 9.59146E-01  7.69214E-04
 9.59264E-01  7.69591E-04
 9.59383E-01  7.69968E-04
 9.59501E-01  7.70346E-04
 9.59619E-01  7.70723E-04
 9.59737E-01  7.71101E-04
 9.59856E-01  7.71487E-04
 9.59974E-01  7.71856E-04
 9.60093E-01  7.72234E-04
 9.60211E-01  7.72613E-04
 9.60330E-01  7.72992E-04
 9.60448E-01  7.73369E-04
 9.60567E-01  7.73748E-04
 9.60685E-01  7.74126E-04
 9.60804E-01  7.74505E-04
 9.60923E-01  7.74884E-04
 9.61041E-01  7.75263E-04
 9.61160E-01  7.75643E-04
 9.61279E-01  7.76022E-04
 9.61397E-01  7.76401E-04
 9.61516E-01  7.76781E-04
 9.61635E-01  7.77160E-04
 9.61754E-01  7.77540E-04
 9.61873E-01  7.77920E-04
 9.61992E-01  7.78300E-04
 9.62110E-01  7.78681E-04
 9.62229E-01  7.79061E-04
 9.62348E-01  7.79442E-04
 9.62467E-01  7.79822E-04
 9.62587E-01  7.80203E-04
 9.62706E-01  7.80584E-04
 9.62825E-01  7.80965E-04
 9.62944E-01  7.81346E-04
 9.63063E-01  7.81727E-04
 9.63182E-01  7.82108E-04
 9.63301E-01  7.82490E-04
 9.63421E-01  7.82871E-04
 9.63540E-01  7.83253E-04
 9.63659E-01  7.83635E-04
 9.63779E-01  7.84017E-04
 9.63898E-01  7.84399E-04
 9.64017E-01  7.84782E-04
 9.64137E-01  7.85164E-04
 9.64256E-01  7.85546E-04
 9.64376E-01  7.85929E-04
 9.64495E-01  7.86312E-04
 9.64615E-01  7.86743E-04
 9.65737E-01  7.90290E-04
 1.01134E+00  8.77014E-04
 1.05910E+00  9.28121E-04
 1.10912E+00  9.78873E-04
 1.16150E+00  9.77891E-04
 1.21635E+00  9.48872E-04
 1.27379E+00  9.55910E-04
 1.33395E+00  9.07185E-04
 1.39695E+00  8.60821E-04
 1.46292E+00  7.82734E-04
 1.53200E+00  7.23380E-04
 1.60435E+00  6.61959E-04
 1.68012E+00  6.35071E-04
 1.75946E+00  6.02155E-04
 1.84255E+00  5.98018E-04
 1.92957E+00  6.03469E-04
 2.02069E+00  6.33590E-04
 2.11612E+00  6.49007E-04
 2.21605E+00  6.54863E-04
 2.32071E+00  6.68006E-04
 2.43030E+00  6.86213E-04
 2.54507E+00  7.05046E-04
 2.66527E+00  7.18759E-04
 2.79113E+00  7.44612E-04
 2.92295E+00  1.04819E-03
 3.06098E+00  1.26595E-03
 3.20554E+00  1.36369E-03
 3.35692E+00  1.35715E-03
 3.51545E+00  1.44592E-03
 3.68147E+00  1.43279E-03
 3.85533E+00  1.48371E-03
 4.03739E+00  1.47746E-03
 4.22806E+00  1.51990E-03
 4.42773E+00  1.54149E-03
 4.63683E+00  1.55597E-03
 4.85581E+00  1.57672E-03
 5.08512E+00  1.55692E-03
 5.32527E+00  1.64570E-03
 5.57676E+00  1.65208E-03
 5.84012E+00  1.67808E-03
 6.11592E+00  1.70142E-03
 6.40475E+00  1.71849E-03
 6.70721E+00  1.82400E-03
 7.02396E+00  1.87942E-03
 7.35567E+00  1.93812E-03
 7.70304E+00  1.97032E-03
 8.06682E+00  1.96721E-03
 8.44778E+00  2.02521E-03
 8.84673E+00  2.00949E-03
 9.26451E+00  2.06808E-03
 9.70203E+00  2.10167E-03
 1.01602E+01  2.14824E-03
 1.06400E+01  2.15825E-03
 1.11425E+01  2.22475E-03
 1.16687E+01  2.31739E-03
 1.22198E+01  2.36186E-03
 1.27969E+01  2.38437E-03
 1.34012E+01  2.41266E-03
 1.40341E+01  2.37338E-03
 1.46968E+01  2.28123E-03
 1.53909E+01  2.25160E-03
 1.61177E+01  2.18297E-03
 1.68789E+01  2.13108E-03
 1.76760E+01  1.94972E-03
 1.85107E+01  1.75602E-03
 1.93849E+01  1.70706E-03
 2.03004E+01  1.76203E-03
 2.12591E+01  1.83090E-03
 2.22630E+01  1.88472E-03
 2.33144E+01  1.92090E-03
 2.44154E+01  2.09185E-03
 2.55685E+01  2.28309E-03
 2.67759E+01  2.58229E-03
 2.80404E+01  2.92818E-03
 2.93646E+01  3.59407E-03
 3.07514E+01  4.35338E-03
 3.22036E+01  5.22044E-03
 3.37245E+01  6.34160E-03
 3.53171E+01  7.57076E-03
 3.69850E+01  9.21505E-03
 3.87316E+01  1.10087E-02
 4.05607E+01  1.29438E-02
 4.24762E+01  1.49971E-02
 4.44821E+01  1.74340E-02
 4.65828E+01  1.97867E-02
 4.87827E+01  2.24353E-02
 5.10864E+01  2.50650E-02
 5.34990E+01  2.79559E-02
 5.60255E+01  3.07101E-02
 5.86713E+01  3.40673E-02
 6.14421E+01  3.88964E-02
 6.43437E+01  4.49515E-02
 6.73823E+01  5.24436E-02
 7.05645E+01  6.18270E-02
 7.38969E+01  7.15915E-02
 7.73867E+01  8.12532E-02
 8.10413E+01  9.07289E-02
 8.48685E+01  1.01352E-01
 8.88764E+01  1.12413E-01
 9.30736E+01  1.25248E-01
 9.74691E+01  1.43085E-01
 1.02072E+02  1.61574E-01
 1.06892E+02  1.87434E-01
 1.11940E+02  2.18438E-01
 1.17227E+02  2.60884E-01
 1.22763E+02  3.08421E-01
 1.28560E+02  3.68509E-01
 1.34632E+02  4.37764E-01
 1.40990E+02  5.14281E-01
 1.47648E+02  5.97985E-01
 1.54621E+02  6.87034E-01
 1.61923E+02  7.86143E-01
 1.69569E+02  8.99552E-01
 1.77577E+02  1.02780E+00
 1.85964E+02  1.16325E+00
 1.94746E+02  1.31119E+00
 2.03943E+02  1.46731E+00
 2.13574E+02  1.63205E+00
 2.23660E+02  1.79547E+00
 2.34222E+02  1.95692E+00
 2.45284E+02  2.11338E+00
 2.56867E+02  2.25896E+00
 2.68998E+02  2.37549E+00
 2.81701E+02  2.48065E+00
 2.95005E+02  2.56648E+00
 3.08936E+02  2.62870E+00
 3.23526E+02  2.65858E+00
 3.38804E+02  2.67706E+00
 3.54804E+02  2.64526E+00
 3.71560E+02  2.63107E+00
 3.89107E+02  2.57478E+00
 4.07483E+02  2.52404E+00
 4.26726E+02  2.44039E+00
 4.46878E+02  2.35785E+00
 4.67982E+02  2.26490E+00
 4.90083E+02  2.16987E+00
 5.13227E+02  2.06029E+00
 5.37464E+02  1.93929E+00
 5.62846E+02  1.83493E+00
 5.89427E+02  1.73581E+00
 6.17263E+02  1.60976E+00
 6.46413E+02  1.49325E+00
 6.76940E+02  1.38292E+00
 7.08909E+02  1.28994E+00
 7.42387E+02  1.17510E+00
 7.77446E+02  1.07567E+00
 8.14161E+02  9.83902E-01
 8.52610E+02  8.93017E-01
 8.92875E+02  8.10756E-01
 9.35041E+02  7.31539E-01
 9.79199E+02  6.52145E-01
 1.02544E+03  5.91497E-01
 1.07387E+03  5.24514E-01
 1.12458E+03  4.72797E-01
 1.17769E+03  4.19703E-01
 1.23331E+03  3.69982E-01
 1.29155E+03  3.22367E-01
 1.35254E+03  2.80548E-01
 1.41642E+03  2.50415E-01
 1.48331E+03  2.15279E-01
 1.55336E+03  1.84311E-01
 1.62672E+03  1.62062E-01
 1.70354E+03  1.33837E-01
 1.78399E+03  1.20526E-01
 1.86824E+03  1.04017E-01
 1.95646E+03  8.60000E-02
 2.04886E+03  7.43381E-02
 2.14562E+03  6.31127E-02
 2.24694E+03  5.21812E-02
 2.35306E+03  4.51385E-02
 2.46418E+03  3.88240E-02
 2.58055E+03  3.29084E-02
 2.70242E+03  2.45460E-02
 2.83004E+03  2.25514E-02
 2.96369E+03  1.86640E-02
 3.10365E+03  1.55003E-02
 3.25022E+03  1.58969E-02
 3.40371E+03  1.21017E-02
 3.56445E+03  1.02254E-02
 3.73279E+03  8.14327E-03
 3.90907E+03  6.39265E-03
 4.09367E+03  5.51921E-03
 4.28700E+03  4.66782E-03
 4.48945E+03  4.24181E-03
 4.70147E+03  2.30062E-03
 4.92350E+03  2.05890E-03
 5.15601E+03  2.05338E-03
 5.39950E+03  2.08144E-03
 5.65449E+03  1.98663E-03
 5.92153E+03  2.08098E-03
 6.20117E+03  1.59748E-03
 6.49403E+03  7.60142E-04
 6.80071E+03  6.37378E-04
 7.12187E+03  3.27715E-04
 7.45820E+03  5.05567E-04
