 0  1.007E+01   3.252E+01   5.214E-02   1.433E-02   3.526E+01   2.014E+02   2.132E+03   4.554E+11   1.611E+13   2.750E+11   1.402E+09   9.553E+08   3.086E+10   4.130E+11   8.275E-01   1.301E-03   1.239E+02   3.901E+01  -1.861E+00
 1  4.660E+00   2.391E+01   3.694E-02   1.183E-02   3.097E+01   1.092E+02   5.133E+02   3.357E+11   3.817E+12   1.496E+11   1.227E+09   8.187E+08   2.208E+10   3.082E+11   4.502E-01   9.591E-04   9.258E+01   1.238E+01  -1.879E+00
 2  4.970E+00   4.013E+01   4.634E-02   1.707E-02   3.108E+01   1.233E+02   6.336E+02   5.669E+11   4.667E+12   2.143E+11   2.237E+09   1.165E+09   4.374E+10   5.165E+11   6.450E-01   1.619E-03   9.079E+01   9.036E+00  -1.940E+00
 3  3.069E+00   2.129E+01   1.919E-02   7.738E-03   2.925E+01   1.054E+02   2.552E+02   3.098E+11   1.737E+12   7.619E+10   7.973E+08   3.697E+08   2.233E+10   2.803E+11   2.293E-01   8.852E-04   9.765E+01   6.197E+00  -1.987E+00
 4  5.937E+00   2.231E+01   3.476E-02   8.042E-03   3.302E+01   1.354E+02   5.133E+02   3.424E+11   4.643E+12   1.280E+11   9.579E+08   6.045E+08   2.383E+10   3.121E+11   3.852E-01   9.781E-04   9.961E+01   1.488E+01  -1.904E+00
 5  7.704E+00   1.945E+01   1.972E-02   8.563E-03   3.354E+01   5.112E+02   2.248E+02   3.227E+11   2.080E+13   1.447E+11   1.151E+09   9.711E+08   3.537E+10   2.943E+11   4.355E-01   9.220E-04   7.216E+02   7.069E+01  -1.950E+00
 6  7.622E+00   1.306E+01   2.492E-02   5.220E-03   3.278E+01   2.834E+02   5.932E+02   2.012E+11   1.054E+13   8.639E+10   3.893E+08   7.398E+08   1.145E+10   1.840E+11   2.600E-01   5.749E-04   1.649E+02   5.728E+01  -1.739E+00
 7  1.549E+00   1.792E+01   1.528E-02   6.858E-03   2.958E+01   6.054E+01   1.585E+02   2.395E+11   9.334E+11   7.169E+10   8.022E+08   5.217E+08   2.218E+10   2.174E+11   2.157E-01   6.841E-04   7.269E+01   4.292E+00  -2.014E+00
 8  2.325E+00   3.232E+01   2.296E-02   1.112E-02   2.970E+01   7.954E+01   2.612E+02   4.874E+11   1.431E+12   1.160E+11   1.571E+09   8.048E+08   4.500E+10   4.411E+11   3.491E-01   1.392E-03   7.713E+01   3.245E+00  -2.061E+00
 9  3.981E+00   1.134E+01   1.539E-02   4.299E-03   3.037E+01   2.377E+02   1.464E+02   1.755E+11   2.674E+12   5.074E+10   3.934E+08   4.103E+08   9.334E+09   1.604E+11   1.527E-01   5.015E-04   1.614E+02   1.667E+01  -1.761E+00
10  9.880E-01   9.666E+00   8.414E-03   3.866E-03   2.785E+01   7.659E+01   1.209E+02   1.019E+11   7.360E+11   3.373E+10   2.383E+08   2.187E+08   8.264E+09   9.300E+10   1.015E-01   2.910E-04   8.236E+01   7.913E+00  -1.971E+00
11  4.928E+00   2.626E+01   2.283E-02   9.835E-03   3.039E+01   3.287E+02   4.410E+02   3.698E+11   8.835E+12   1.156E+11   1.155E+09   5.853E+08   2.997E+10   3.348E+11   3.478E-01   1.056E-03   3.106E+02   2.638E+01  -1.921E+00
12  3.908E+00   1.506E+01   2.354E-02   7.036E-03   3.525E+01   1.527E+02   8.955E+02   2.083E+11   6.138E+12   1.302E+11   9.919E+08   1.091E+09   1.716E+10   1.908E+11   3.918E-01   5.951E-04   1.195E+02   3.216E+01  -1.980E+00
13  2.196E+00   1.837E+01   1.677E-02   7.460E-03   2.795E+01   8.098E+01   1.639E+02   2.439E+11   1.028E+12   6.217E+10   6.680E+08   4.048E+08   1.907E+10   2.200E+11   1.871E-01   6.969E-04   8.578E+01   4.672E+00  -2.033E+00
14  1.682E+01   6.522E+01   9.379E-02   1.885E-02   3.150E+01   2.988E+02   1.642E+03   1.102E+12   1.960E+13   2.547E+11   2.259E+09   5.600E+08   7.921E+10   9.926E+11   7.665E-01   3.150E-03   1.467E+02   1.974E+01  -1.763E+00
15  5.013E+00   3.588E+01   4.317E-02   1.168E-02   3.186E+01   8.034E+01   5.168E+02   5.548E+11   3.400E+12   1.628E+11   1.528E+09   6.691E+08   4.084E+10   5.016E+11   4.898E-01   1.585E-03   8.250E+01   6.779E+00  -1.938E+00
16  6.227E-01   1.073E+01   6.841E-03   2.925E-03   2.946E+01   6.771E+01   8.333E+01   1.352E+11   4.617E+11   3.075E+10   4.417E+08   1.216E+08   1.083E+10   1.222E+11   9.253E-02   3.863E-04   7.684E+01   3.777E+00  -2.038E+00
17  4.365E+00   3.361E+01   3.036E-02   9.677E-03   2.973E+01   2.187E+02   5.120E+02   4.546E+11   4.198E+12   1.020E+11   1.005E+09   4.102E+08   3.547E+10   4.189E+11   3.070E-01   1.299E-03   2.638E+02   1.002E+01  -2.017E+00
18  2.534E+00   9.565E+00   1.079E-02   2.929E-03   2.956E+01   3.636E+02   1.608E+02   1.620E+11   2.961E+12   3.293E+10   3.547E+08   1.070E+08   1.339E+10   1.498E+11   9.911E-02   4.628E-04   1.634E+02   1.976E+01  -1.680E+00
19  4.428E+00   9.386E+00   1.086E-02   2.712E-03   2.960E+01   3.779E+02   1.272E+02   1.559E+11   3.936E+12   2.930E+10   2.468E+08   9.449E+07   6.741E+09   1.431E+11   8.817E-02   4.455E-04   6.112E+02   2.751E+01  -1.630E+00
20  3.666E+00   3.209E+01   2.798E-02   8.291E-03   3.084E+01   1.654E+02   4.138E+02   4.716E+11   2.926E+12   1.030E+11   1.227E+09   3.093E+08   3.859E+10   4.262E+11   3.099E-01   1.347E-03   9.619E+01   6.866E+00  -1.991E+00
21  2.101E+00   1.169E+01   1.385E-02   3.930E-03   2.936E+01   1.207E+02   2.023E+02   1.698E+11   1.537E+12   4.133E+10   4.506E+08   1.296E+08   1.182E+10   1.560E+11   1.244E-01   4.850E-04   9.991E+01   9.852E+00  -1.813E+00
22  1.311E+00   8.509E+00   6.658E-03   2.604E-03   2.755E+01   1.605E+02   9.771E+01   1.158E+11   8.410E+11   2.033E+10   2.331E+08   1.036E+08   8.182E+09   1.052E+11   6.117E-02   3.308E-04   1.226E+02   7.998E+00  -1.858E+00
23  2.285E+00   2.679E+01   2.246E-02   7.390E-03   3.002E+01   1.096E+02   3.640E+02   3.306E+11   2.089E+12   8.277E+10   1.009E+09   2.619E+08   2.271E+10   3.006E+11   2.491E-01   9.446E-04   9.503E+01   6.947E+00  -1.932E+00
24  5.956E+00   1.864E+01   1.029E-02   3.758E-03   3.069E+01   2.156E+02   1.324E+02   7.667E+11   2.764E+12   4.996E+10   5.578E+08   5.465E+08   4.092E+10   7.194E+11   1.503E-01   2.190E-03   1.239E+02   3.842E+00  -1.552E+00
25  1.955E+00   2.316E+01   2.139E-02   7.060E-03   3.083E+01   1.012E+02   2.388E+02   3.121E+11   1.499E+12   8.636E+10   9.017E+08   3.220E+08   2.329E+10   2.838E+11   2.599E-01   8.916E-04   8.260E+01   5.284E+00  -1.965E+00
26  3.021E+00   1.723E+01   2.452E-02   6.247E-03   3.270E+01   2.113E+02   2.302E+02   2.618E+11   2.226E+12   9.325E+10   1.058E+09   3.348E+08   1.563E+10   2.375E+11   2.806E-01   7.479E-04   9.035E+01   9.370E+00  -1.843E+00
27  1.167E+00   6.928E+00   8.435E-03   2.335E-03   3.068E+01   7.710E+01   8.371E+01   9.058E+10   5.949E+11   2.940E+10   2.534E+08   8.397E+07   7.143E+09   8.246E+10   8.849E-02   2.588E-04   7.927E+01   7.214E+00  -1.946E+00
28  4.675E+00   1.185E+01   1.616E-02   2.765E-03   3.331E+01   1.346E+02   3.415E+02   2.851E+11   3.132E+12   4.579E+10   3.598E+08   2.150E+08   2.024E+10   2.647E+11   1.378E-01   8.144E-04   1.071E+02   1.183E+01  -1.588E+00
29  1.578E+00   9.848E+00   1.129E-02   2.865E-03   3.028E+01   1.079E+02   1.794E+02   1.401E+11   1.157E+12   3.358E+10   4.177E+08   1.341E+08   9.972E+09   1.279E+11   1.011E-01   4.004E-04   9.769E+01   9.042E+00  -1.891E+00
