-7.61214E+02  0.00000E+00
-7.45990E+02  3.09489E-05
-7.30765E+02  3.39572E-05
-7.15541E+02  4.31952E-05
-7.00317E+02  6.42381E-05
-6.85093E+02  9.76381E-05
-6.69868E+02  1.35394E-04
-6.54644E+02  1.65321E-04
-6.39420E+02  1.83995E-04
-6.24196E+02  2.17834E-04
-6.08971E+02  3.48615E-04
-5.93747E+02  7.38084E-04
-5.78523E+02  1.64761E-03
-5.63298E+02  3.50363E-03
-5.48074E+02  6.90066E-03
-5.32850E+02  1.25017E-02
-5.17626E+02  2.09507E-02
-5.02401E+02  3.27282E-02
-4.87177E+02  4.81387E-02
-4.71953E+02  6.78534E-02
-4.56728E+02  9.33647E-02
-4.41504E+02  1.27410E-01
-4.26280E+02  1.73921E-01
-4.11056E+02  2.38411E-01
-3.95831E+02  3.28919E-01
-3.80607E+02  4.53905E-01
-3.65383E+02  6.23004E-01
-3.50158E+02  8.44439E-01
-3.34934E+02  1.11642E+00
-3.19710E+02  1.42442E+00
-3.04486E+02  1.74453E+00
-2.89261E+02  2.06084E+00
-2.74037E+02  2.36962E+00
-2.58813E+02  2.68025E+00
-2.43588E+02  3.00103E+00
-2.28364E+02  3.31606E+00
-2.13140E+02  3.58959E+00
-1.97916E+02  3.78972E+00
-1.82691E+02  3.90998E+00
-1.67467E+02  3.97240E+00
-1.52243E+02  4.01748E+00
-1.37019E+02  4.07982E+00
-1.21794E+02  4.16592E+00
-1.06570E+02  4.25262E+00
-9.13457E+01  4.29017E+00
-7.61214E+01  4.23475E+00
-6.08971E+01  4.06098E+00
-4.56728E+01  3.77607E+00
-3.04486E+01  3.41192E+00
-1.52243E+01  3.01396E+00
-2.46800E-13  2.62500E+00
 1.52243E+01  2.28248E+00
 3.04486E+01  2.01187E+00
 4.56728E+01  1.82584E+00
 6.08971E+01  1.72641E+00
 7.61214E+01  1.69809E+00
 9.13457E+01  1.71224E+00
 1.06570E+02  1.73286E+00
 1.21794E+02  1.73324E+00
 1.37019E+02  1.70331E+00
 1.52243E+02  1.64516E+00
 1.67467E+02  1.56652E+00
 1.82691E+02  1.47282E+00
 1.97916E+02  1.36968E+00
 2.13140E+02  1.26988E+00
 2.28364E+02  1.19040E+00
 2.43588E+02  1.15052E+00
 2.58813E+02  1.16024E+00
 2.74037E+02  1.22328E+00
 2.89261E+02  1.32560E+00
 3.04486E+02  1.44139E+00
 3.19710E+02  1.53865E+00
 3.34934E+02  1.59412E+00
 3.50158E+02  1.59812E+00
 3.65383E+02  1.56141E+00
 3.80607E+02  1.49474E+00
 3.95831E+02  1.40729E+00
 4.11056E+02  1.30704E+00
 4.26280E+02  1.19932E+00
 4.41504E+02  1.08983E+00
 4.56728E+02  9.82505E-01
 4.71953E+02  8.77902E-01
 4.87177E+02  7.73768E-01
 5.02401E+02  6.69063E-01
 5.17626E+02  5.65767E-01
 5.32850E+02  4.67410E-01
 5.48074E+02  3.76785E-01
 5.63298E+02  2.95516E-01
 5.78523E+02  2.24956E-01
 5.93747E+02  1.66424E-01
 6.08971E+02  1.20479E-01
 6.24196E+02  8.61360E-02
 6.39420E+02  6.09348E-02
 6.54644E+02  4.22416E-02
 6.69868E+02  2.82398E-02
 6.85093E+02  1.79805E-02
 7.00317E+02  1.08241E-02
 7.15541E+02  6.13249E-03
 7.30765E+02  3.24174E-03
 7.45990E+02  1.57465E-03
 7.61214E+02  6.89087E-04
