-8.50855E+02  0.00000E+00
-8.33838E+02  6.13134E-08
-8.16821E+02  8.74699E-08
-7.99804E+02  2.81909E-07
-7.82787E+02  9.72669E-07
-7.65770E+02  2.88047E-06
-7.48753E+02  7.43678E-06
-7.31736E+02  1.90910E-05
-7.14718E+02  4.54258E-05
-6.97701E+02  1.05446E-04
-6.80684E+02  2.60147E-04
-6.63667E+02  6.21356E-04
-6.46650E+02  1.41348E-03
-6.29633E+02  3.01611E-03
-6.12616E+02  5.96225E-03
-5.95599E+02  1.12330E-02
-5.78582E+02  2.08888E-02
-5.61564E+02  4.04723E-02
-5.44547E+02  8.32291E-02
-5.27530E+02  1.74395E-01
-5.10513E+02  3.49343E-01
-4.93496E+02  6.41661E-01
-4.76479E+02  1.06217E+00
-4.59462E+02  1.58559E+00
-4.42445E+02  2.15044E+00
-4.25428E+02  2.69111E+00
-4.08411E+02  3.15810E+00
-3.91393E+02  3.54195E+00
-3.74376E+02  3.86131E+00
-3.57359E+02  4.15884E+00
-3.40342E+02  4.49938E+00
-3.23325E+02  4.93640E+00
-3.06308E+02  5.50428E+00
-2.89291E+02  6.21449E+00
-2.72274E+02  7.04607E+00
-2.55257E+02  7.99809E+00
-2.38239E+02  8.97819E+00
-2.21222E+02  9.82411E+00
-2.04205E+02  1.04451E+01
-1.87188E+02  1.07947E+01
-1.70171E+02  1.08992E+01
-1.53154E+02  1.08171E+01
-1.36137E+02  1.05897E+01
-1.19120E+02  1.02375E+01
-1.02103E+02  9.77204E+00
-8.50855E+01  9.23341E+00
-6.80684E+01  8.69248E+00
-5.10513E+01  8.24001E+00
-3.40342E+01  7.91548E+00
-1.70171E+01  7.68593E+00
-3.02680E-13  7.45400E+00
 1.70171E+01  7.11142E+00
 3.40342E+01  6.60765E+00
 5.10513E+01  5.97394E+00
 6.80684E+01  5.29343E+00
 8.50855E+01  4.65157E+00
 1.02103E+02  4.10247E+00
 1.19120E+02  3.66292E+00
 1.36137E+02  3.32793E+00
 1.53154E+02  3.09257E+00
 1.70171E+02  2.95861E+00
 1.87188E+02  2.93777E+00
 2.04205E+02  3.03439E+00
 2.21222E+02  3.24496E+00
 2.38239E+02  3.55528E+00
 2.55257E+02  3.93147E+00
 2.72274E+02  4.31732E+00
 2.89291E+02  4.64020E+00
 3.06308E+02  4.83088E+00
 3.23325E+02  4.85318E+00
 3.40342E+02  4.70673E+00
 3.57359E+02  4.42691E+00
 3.74376E+02  4.07513E+00
 3.91393E+02  3.71825E+00
 4.08411E+02  3.40434E+00
 4.25428E+02  3.15000E+00
 4.42445E+02  2.93169E+00
 4.59462E+02  2.70365E+00
 4.76479E+02  2.42326E+00
 4.93496E+02  2.07481E+00
 5.10513E+02  1.67842E+00
 5.27530E+02  1.27976E+00
 5.44547E+02  9.25490E-01
 5.61564E+02  6.43285E-01
 5.78582E+02  4.35440E-01
 5.95599E+02  2.88956E-01
 6.12616E+02  1.87466E-01
 6.29633E+02  1.17568E-01
 6.46650E+02  7.05777E-02
 6.63667E+02  4.04847E-02
 6.80684E+02  2.24502E-02
 6.97701E+02  1.23524E-02
 7.14718E+02  6.89374E-03
 7.31736E+02  3.93948E-03
 7.48753E+02  2.37221E-03
 7.65770E+02  1.61321E-03
 7.82787E+02  1.29036E-03
 7.99804E+02  1.12142E-03
 8.16821E+02  9.20762E-04
 8.33838E+02  6.65309E-04
 8.50855E+02  4.23543E-04
