-9.18082E+02  0.00000E+00
-8.99721E+02  1.14580E-04
-8.81359E+02  1.67739E-04
-8.62997E+02  2.11542E-04
-8.44636E+02  2.46400E-04
-8.26274E+02  3.06417E-04
-8.07913E+02  4.50597E-04
-7.89551E+02  7.97734E-04
-7.71189E+02  1.58839E-03
-7.52828E+02  3.24239E-03
-7.34466E+02  6.29349E-03
-7.16104E+02  1.12841E-02
-6.97743E+02  1.83171E-02
-6.79381E+02  2.72578E-02
-6.61019E+02  3.83774E-02
-6.42658E+02  5.26199E-02
-6.24296E+02  7.15348E-02
-6.05934E+02  9.64588E-02
-5.87573E+02  1.27954E-01
-5.69211E+02  1.64575E-01
-5.50849E+02  2.04930E-01
-5.32488E+02  2.45520E-01
-5.14126E+02  2.81270E-01
-4.95764E+02  3.10344E-01
-4.77403E+02  3.35163E-01
-4.59041E+02  3.59195E-01
-4.40680E+02  3.80331E-01
-4.22318E+02  4.00739E-01
-4.03956E+02  4.21160E-01
-3.85595E+02  4.44810E-01
-3.67233E+02  4.76153E-01
-3.48871E+02  5.18338E-01
-3.30510E+02  5.69995E-01
-3.12148E+02  6.26057E-01
-2.93786E+02  6.80426E-01
-2.75425E+02  7.30491E-01
-2.57063E+02  7.79245E-01
-2.38701E+02  8.32487E-01
-2.20340E+02  8.95592E-01
-2.01978E+02  9.70986E-01
-1.83616E+02  1.05675E+00
-1.65255E+02  1.14933E+00
-1.46893E+02  1.24539E+00
-1.28532E+02  1.34066E+00
-1.10170E+02  1.42840E+00
-9.18082E+01  1.50150E+00
-7.34466E+01  1.55466E+00
-5.50849E+01  1.58837E+00
-3.67233E+01  1.60810E+00
-1.83616E+01  1.62236E+00
 2.88710E-13  1.63531E+00
 1.83616E+01  1.64356E+00
 3.67233E+01  1.64034E+00
 5.50849E+01  1.61436E+00
 7.34466E+01  1.56165E+00
 9.18082E+01  1.47389E+00
 1.10170E+02  1.35582E+00
 1.28532E+02  1.23274E+00
 1.46893E+02  1.12417E+00
 1.65255E+02  1.05111E+00
 1.83616E+02  1.02059E+00
 2.01978E+02  1.02862E+00
 2.20340E+02  1.06093E+00
 2.38701E+02  1.09864E+00
 2.57063E+02  1.12505E+00
 2.75425E+02  1.12719E+00
 2.93786E+02  1.09855E+00
 3.12148E+02  1.03715E+00
 3.30510E+02  9.44925E-01
 3.48871E+02  8.26840E-01
 3.67233E+02  6.93909E-01
 3.85595E+02  5.61143E-01
 4.03956E+02  4.42413E-01
 4.22318E+02  3.44722E-01
 4.40680E+02  2.66757E-01
 4.59041E+02  2.03212E-01
 4.77403E+02  1.49102E-01
 4.95764E+02  1.02624E-01
 5.14126E+02  6.47680E-02
 5.32488E+02  3.70171E-02
 5.50849E+02  1.92272E-02
 5.69211E+02  9.31706E-03
 5.87573E+02  4.47918E-03
 6.05934E+02  2.33920E-03
 6.24296E+02  1.44522E-03
 6.42658E+02  1.06778E-03
 6.61019E+02  8.69612E-04
 6.79381E+02  7.05578E-04
 6.97743E+02  5.45816E-04
 7.16104E+02  4.23737E-04
 7.34466E+02  3.61094E-04
 7.52828E+02  3.53738E-04
 7.71189E+02  3.67616E-04
 7.89551E+02  3.67356E-04
 8.07913E+02  3.38057E-04
 8.26274E+02  2.94071E-04
 8.44636E+02  2.69117E-04
 8.62997E+02  2.82113E-04
 8.81359E+02  3.27086E-04
 8.99721E+02  3.70519E-04
 9.18082E+02  3.71854E-04
