-1.24821E+03  0.00000E+00
-1.22325E+03  4.72283E-07
-1.19828E+03  6.55804E-07
-1.17332E+03  9.02489E-07
-1.14836E+03  1.12830E-06
-1.12339E+03  1.24461E-06
-1.09843E+03  1.21656E-06
-1.07346E+03  1.08602E-06
-1.04850E+03  9.59246E-07
-1.02353E+03  9.87436E-07
-9.98571E+02  1.34735E-06
-9.73606E+02  2.21272E-06
-9.48642E+02  3.68352E-06
-9.23678E+02  5.62520E-06
-8.98714E+02  7.64357E-06
-8.73749E+02  9.89388E-06
-8.48785E+02  1.90416E-05
-8.23821E+02  7.13698E-05
-7.98856E+02  3.19594E-04
-7.73892E+02  1.29091E-03
-7.48928E+02  4.48955E-03
-7.23964E+02  1.34327E-02
-6.98999E+02  3.48550E-02
-6.74035E+02  7.84989E-02
-6.49071E+02  1.53793E-01
-6.24107E+02  2.64334E-01
-5.99142E+02  4.01608E-01
-5.74178E+02  5.49105E-01
-5.49214E+02  6.92522E-01
-5.24250E+02  8.28037E-01
-4.99285E+02  9.61386E-01
-4.74321E+02  1.09611E+00
-4.49357E+02  1.23004E+00
-4.24392E+02  1.35998E+00
-3.99428E+02  1.48617E+00
-3.74464E+02  1.60634E+00
-3.49500E+02  1.72007E+00
-3.24535E+02  1.83037E+00
-2.99571E+02  1.96303E+00
-2.74607E+02  2.15352E+00
-2.49643E+02  2.43255E+00
-2.24678E+02  2.79950E+00
-1.99714E+02  3.22590E+00
-1.74750E+02  3.65048E+00
-1.49786E+02  3.99776E+00
-1.24821E+02  4.18811E+00
-9.98571E+01  4.17126E+00
-7.48928E+01  3.94690E+00
-4.99285E+01  3.57120E+00
-2.49643E+01  3.12506E+00
 7.63685E-13  2.68162E+00
 2.49643E+01  2.29176E+00
 4.99285E+01  1.98589E+00
 7.48928E+01  1.78479E+00
 9.98571E+01  1.69264E+00
 1.24821E+02  1.67849E+00
 1.49786E+02  1.68248E+00
 1.74750E+02  1.65306E+00
 1.99714E+02  1.57142E+00
 2.24678E+02  1.46366E+00
 2.49643E+02  1.38102E+00
 2.74607E+02  1.36984E+00
 2.99571E+02  1.44678E+00
 3.24535E+02  1.59512E+00
 3.49500E+02  1.77269E+00
 3.74464E+02  1.92660E+00
 3.99428E+02  2.01368E+00
 4.24392E+02  2.00058E+00
 4.49357E+02  1.87664E+00
 4.74321E+02  1.66109E+00
 4.99285E+02  1.40061E+00
 5.24250E+02  1.14875E+00
 5.49214E+02  9.38337E-01
 5.74178E+02  7.69311E-01
 5.99142E+02  6.21629E-01
 6.24107E+02  4.78194E-01
 6.49071E+02  3.38615E-01
 6.74035E+02  2.16081E-01
 6.98999E+02  1.23611E-01
 7.23964E+02  6.40794E-02
 7.48928E+02  3.11202E-02
 7.73892E+02  1.48860E-02
 7.98856E+02  7.64407E-03
 8.23821E+02  4.26826E-03
 8.48785E+02  2.72149E-03
 8.73749E+02  2.04296E-03
 8.98714E+02  1.80335E-03
 9.23678E+02  1.71309E-03
 9.48642E+02  1.67002E-03
 9.73606E+02  1.54849E-03
 9.98571E+02  1.36587E-03
 1.02353E+03  1.15375E-03
 1.04850E+03  9.36843E-04
 1.07346E+03  6.95850E-04
 1.09843E+03  5.32647E-04
 1.12339E+03  4.31548E-04
 1.14836E+03  3.67933E-04
 1.17332E+03  3.23979E-04
 1.19828E+03  2.91248E-04
 1.22325E+03  2.72381E-04
 1.24821E+03  2.57725E-04
