-1.09583E+03  0.00000E+00
-1.07391E+03  3.17770E-03
-1.05199E+03  5.45297E-03
-1.03008E+03  8.61230E-03
-1.00816E+03  1.23350E-02
-9.86243E+02  1.61156E-02
-9.64327E+02  1.97473E-02
-9.42410E+02  2.36309E-02
-9.20494E+02  2.84080E-02
-8.98577E+02  3.44347E-02
-8.76661E+02  4.16411E-02
-8.54744E+02  5.00941E-02
-8.32828E+02  6.03503E-02
-8.10911E+02  7.34904E-02
-7.88995E+02  9.03419E-02
-7.67078E+02  1.10391E-01
-7.45162E+02  1.31076E-01
-7.23245E+02  1.48634E-01
-7.01329E+02  1.60765E-01
-6.79412E+02  1.69079E-01
-6.57496E+02  1.78332E-01
-6.35579E+02  1.95997E-01
-6.13663E+02  2.29370E-01
-5.91746E+02  2.87502E-01
-5.69830E+02  3.80954E-01
-5.47913E+02  5.21092E-01
-5.25997E+02  7.12526E-01
-5.04080E+02  9.41070E-01
-4.82163E+02  1.16872E+00
-4.60247E+02  1.34369E+00
-4.38330E+02  1.42303E+00
-4.16414E+02  1.39980E+00
-3.94497E+02  1.31267E+00
-3.72581E+02  1.23229E+00
-3.50664E+02  1.23842E+00
-3.28748E+02  1.39945E+00
-3.06831E+02  1.76206E+00
-2.84915E+02  2.33254E+00
-2.62998E+02  3.05510E+00
-2.41082E+02  3.81151E+00
-2.19165E+02  4.45593E+00
-1.97249E+02  4.86013E+00
-1.75332E+02  4.95693E+00
-1.53416E+02  4.74799E+00
-1.31499E+02  4.30136E+00
-1.09583E+02  3.74118E+00
-8.76661E+01  3.21284E+00
-6.57496E+01  2.83527E+00
-4.38330E+01  2.65009E+00
-2.19165E+01  2.61373E+00
-7.35745E-13  2.64221E+00
 2.19165E+01  2.66785E+00
 4.38330E+01  2.67315E+00
 6.57496E+01  2.67924E+00
 8.76661E+01  2.71685E+00
 1.09583E+02  2.80254E+00
 1.31499E+02  2.92020E+00
 1.53416E+02  3.03399E+00
 1.75332E+02  3.11030E+00
 1.97249E+02  3.13043E+00
 2.19165E+02  3.09256E+00
 2.41082E+02  3.00187E+00
 2.62998E+02  2.86371E+00
 2.84915E+02  2.68590E+00
 3.06831E+02  2.48283E+00
 3.28748E+02  2.26665E+00
 3.50664E+02  2.04469E+00
 3.72581E+02  1.82089E+00
 3.94497E+02  1.60145E+00
 4.16414E+02  1.39361E+00
 4.38330E+02  1.20191E+00
 4.60247E+02  1.02655E+00
 4.82163E+02  8.65053E-01
 5.04080E+02  7.18449E-01
 5.25997E+02  5.91799E-01
 5.47913E+02  4.90625E-01
 5.69830E+02  4.15026E-01
 5.91746E+02  3.58658E-01
 6.13663E+02  3.12952E-01
 6.35579E+02  2.71706E-01
 6.57496E+02  2.33167E-01
 6.79412E+02  1.97556E-01
 7.01329E+02  1.64713E-01
 7.23245E+02  1.33547E-01
 7.45162E+02  1.03480E-01
 7.67078E+02  7.56494E-02
 7.88995E+02  5.19561E-02
 8.10911E+02  3.36931E-02
 8.32828E+02  2.06953E-02
 8.54744E+02  1.19453E-02
 8.76661E+02  6.35343E-03
 8.98577E+02  3.03999E-03
 9.20494E+02  1.28885E-03
 9.42410E+02  4.86566E-04
 9.64327E+02  1.68244E-04
 9.86243E+02  5.58447E-05
 1.00816E+03  1.82945E-05
 1.03008E+03  5.77682E-06
 1.05199E+03  1.66339E-06
 1.07391E+03  4.14945E-07
 1.09583E+03  8.67576E-08
