-1.14971E+03  0.00000E+00
-1.12672E+03  2.67062E-03
-1.10372E+03  3.38387E-03
-1.08073E+03  4.21201E-03
-1.05774E+03  5.06901E-03
-1.03474E+03  1.03524E-02
-1.01175E+03  7.89445E-03
-9.88753E+02  9.27598E-03
-9.65759E+02  1.25167E-02
-9.42764E+02  1.23306E-02
-9.19770E+02  1.39337E-02
-8.96776E+02  1.61289E-02
-8.73782E+02  1.23828E-01
-8.50787E+02  2.70294E-02
-8.27793E+02  2.32385E-02
-8.04799E+02  3.53204E-02
-7.81805E+02  3.68566E-02
-7.58810E+02  4.22514E-02
-7.35816E+02  9.25515E-02
-7.12822E+02  1.41334E-01
-6.89828E+02  1.19842E-01
-6.66833E+02  1.08572E-01
-6.43839E+02  1.47461E-01
-6.20845E+02  2.20627E-01
-5.97851E+02  3.26921E-01
-5.74856E+02  4.64943E-01
-5.51862E+02  6.66340E-01
-5.28868E+02  1.06770E+00
-5.05874E+02  1.90471E+00
-4.82879E+02  1.41964E+00
-4.59885E+02  1.61193E+00
-4.36891E+02  1.79548E+00
-4.13897E+02  1.96254E+00
-3.90902E+02  2.08760E+00
-3.67908E+02  2.23526E+00
-3.44914E+02  2.36550E+00
-3.21920E+02  2.49125E+00
-2.98925E+02  2.64352E+00
-2.75931E+02  2.86127E+00
-2.52937E+02  3.08815E+00
-2.29943E+02  3.62342E+00
-2.06948E+02  3.63202E+00
-1.83954E+02  3.49480E+00
-1.60960E+02  3.56548E+00
-1.37966E+02  3.59596E+00
-1.14971E+02  3.50180E+00
-9.19770E+01  3.47810E+00
-6.89828E+01  3.38429E+00
-4.59885E+01  3.25246E+00
-2.29943E+01  3.27245E+00
 8.19564E-13  3.89491E+00
 2.29943E+01  3.55784E+00
 4.59885E+01  3.43849E+00
 6.89828E+01  3.47519E+00
 9.19770E+01  3.48735E+00
 1.14971E+02  3.51527E+00
 1.37966E+02  3.57374E+00
 1.60960E+02  3.65623E+00
 1.83954E+02  3.76821E+00
 2.06948E+02  3.97735E+00
 2.29943E+02  4.26223E+00
 2.52937E+02  4.58315E+00
 2.75931E+02  4.88327E+00
 2.98925E+02  5.02644E+00
 3.21920E+02  4.97343E+00
 3.44914E+02  4.70951E+00
 3.67908E+02  4.27193E+00
 3.90902E+02  3.72436E+00
 4.13897E+02  3.08058E+00
 4.36891E+02  2.42092E+00
 4.59885E+02  1.78762E+00
 4.82879E+02  1.86128E+00
 5.05874E+02  1.27014E+00
 5.28868E+02  4.78755E-01
 5.51862E+02  2.75647E-01
 5.74856E+02  1.54745E-01
 5.97851E+02  8.70902E-02
 6.20845E+02  5.14620E-02
 6.43839E+02  3.98579E-02
 6.66833E+02  2.63049E-02
 6.89828E+02  1.69661E-02
 7.12822E+02  1.41909E-02
 7.35816E+02  1.28787E-02
 7.58810E+02  1.24980E-02
 7.81805E+02  1.24568E-02
 8.04799E+02  1.20514E-02
 8.27793E+02  1.10822E-02
 8.50787E+02  9.94427E-03
 8.73782E+02  1.27989E-02
 8.96776E+02  7.49284E-03
 9.19770E+02  6.39135E-03
 9.42764E+02  5.80377E-03
 9.65759E+02  5.42494E-03
 9.88753E+02  5.12462E-03
 1.01175E+03  4.76877E-03
 1.03474E+03  4.41528E-03
 1.05774E+03  3.80644E-03
 1.08073E+03  3.03714E-03
 1.10372E+03  2.38981E-03
 1.12672E+03  2.15592E-03
 1.14971E+03  2.17808E-03
