-1.09574E+03  0.00000E+00
-1.07382E+03  3.71882E-02
-1.05191E+03  3.77170E-03
-1.03000E+03  3.60521E-02
-1.00808E+03  3.35853E-02
-9.86166E+02  2.29860E-02
-9.64251E+02  1.78361E-02
-9.42336E+02  1.90857E-02
-9.20421E+02  1.09993E-02
-8.98506E+02  1.99223E-02
-8.76592E+02  1.94707E-02
-8.54677E+02  1.73313E-02
-8.32762E+02  1.61842E-02
-8.10847E+02  1.96420E-02
-7.88932E+02  2.50429E-02
-7.67018E+02  3.22117E-02
-7.45103E+02  3.84383E-02
-7.23188E+02  3.40265E-02
-7.01273E+02  3.40987E-02
-6.79358E+02  3.99020E-02
-6.57444E+02  4.28797E-02
-6.35529E+02  4.78678E-02
-6.13614E+02  5.28964E-02
-5.91699E+02  6.18533E-02
-5.69785E+02  7.25297E-02
-5.47870E+02  7.79625E-02
-5.25955E+02  9.21019E-02
-5.04040E+02  1.10153E-01
-4.82125E+02  1.26498E-01
-4.60211E+02  1.61532E-01
-4.38296E+02  1.92713E-01
-4.16381E+02  2.36604E-01
-3.94466E+02  2.71558E-01
-3.72551E+02  3.02918E-01
-3.50637E+02  3.39964E-01
-3.28722E+02  3.86877E-01
-3.06807E+02  4.35695E-01
-2.84892E+02  5.14521E-01
-2.62977E+02  6.38398E-01
-2.41063E+02  7.78679E-01
-2.19148E+02  8.53590E-01
-1.97233E+02  9.03519E-01
-1.75318E+02  8.93727E-01
-1.53404E+02  8.76599E-01
-1.31489E+02  8.18382E-01
-1.09574E+02  7.39983E-01
-8.76592E+01  6.51632E-01
-6.57444E+01  6.05821E-01
-4.38296E+01  5.87256E-01
-2.19148E+01  6.06031E-01
 1.00583E-12  5.99423E-01
 2.19148E+01  6.02111E-01
 4.38296E+01  5.87723E-01
 6.57444E+01  5.83390E-01
 8.76592E+01  5.73743E-01
 1.09574E+02  5.79105E-01
 1.31489E+02  5.54677E-01
 1.53404E+02  5.59689E-01
 1.75318E+02  5.61940E-01
 1.97233E+02  5.50919E-01
 2.19148E+02  5.43315E-01
 2.41063E+02  5.42004E-01
 2.62977E+02  5.39338E-01
 2.84892E+02  5.51172E-01
 3.06807E+02  4.78554E-01
 3.28722E+02  4.40149E-01
 3.50637E+02  3.81081E-01
 3.72551E+02  3.37009E-01
 3.94466E+02  3.04209E-01
 4.16381E+02  2.76186E-01
 4.38296E+02  2.49109E-01
 4.60211E+02  2.18995E-01
 4.82125E+02  1.87059E-01
 5.04040E+02  1.57966E-01
 5.25955E+02  1.30442E-01
 5.47870E+02  1.06767E-01
 5.69785E+02  8.68657E-02
 5.91699E+02  7.21210E-02
 6.13614E+02  6.05234E-02
 6.35529E+02  4.67778E-02
 6.57444E+02  3.75533E-02
 6.79358E+02  2.87727E-02
 7.01273E+02  2.21742E-02
 7.23188E+02  1.37079E-02
 7.45103E+02  1.17306E-02
 7.67018E+02  9.11218E-03
 7.88932E+02  7.94981E-03
 8.10847E+02  9.02548E-03
 8.32762E+02  1.04426E-02
 8.54677E+02  1.10535E-02
 8.76592E+02  1.04669E-02
 8.98506E+02  8.99031E-03
 9.20421E+02  7.27096E-03
 9.42336E+02  5.62302E-03
 9.64251E+02  4.03906E-03
 9.86166E+02  2.55334E-03
 1.00808E+03  1.36026E-03
 1.03000E+03  5.94882E-04
 1.05191E+03  2.10570E-04
 1.07382E+03  5.98779E-05
 1.09574E+03  1.36218E-05
