-1.24815E+03  0.00000E+00
-1.22318E+03  2.86965E-04
-1.19822E+03  6.43019E-04
-1.17326E+03  1.30605E-03
-1.14829E+03  2.24394E-03
-1.12333E+03  3.21716E-03
-1.09837E+03  3.87934E-03
-1.07341E+03  3.83212E-03
-1.04844E+03  3.22062E-03
-1.02348E+03  2.35025E-03
-9.98517E+02  1.64142E-03
-9.73554E+02  1.37971E-03
-9.48591E+02  1.66090E-03
-9.23628E+02  2.43587E-03
-8.98665E+02  3.76940E-03
-8.73702E+02  4.47188E-03
-8.48739E+02  5.12926E-03
-8.23776E+02  5.37936E-03
-7.98814E+02  5.28547E-03
-7.73851E+02  5.16588E-03
-7.48888E+02  5.73799E-03
-7.23925E+02  6.30466E-03
-6.98962E+02  8.35586E-03
-6.73999E+02  1.28576E-02
-6.49036E+02  1.66021E-02
-6.24073E+02  2.77399E-02
-5.99110E+02  4.96429E-02
-5.74147E+02  7.69822E-02
-5.49184E+02  1.10042E-01
-5.24221E+02  1.40817E-01
-4.99258E+02  1.76850E-01
-4.74296E+02  2.28919E-01
-4.49333E+02  2.80410E-01
-4.24370E+02  3.21102E-01
-3.99407E+02  3.68790E-01
-3.74444E+02  4.29792E-01
-3.49481E+02  4.83699E-01
-3.24518E+02  4.81100E-01
-2.99555E+02  4.87408E-01
-2.74592E+02  4.87797E-01
-2.49629E+02  5.08629E-01
-2.24666E+02  5.49216E-01
-1.99703E+02  5.83530E-01
-1.74740E+02  6.19108E-01
-1.49778E+02  6.73532E-01
-1.24815E+02  6.99743E-01
-9.98517E+01  6.72996E-01
-7.48888E+01  6.42141E-01
-4.99258E+01  5.93033E-01
-2.49629E+01  5.50687E-01
-1.26660E-12  5.04435E-01
 2.49629E+01  4.91541E-01
 4.99258E+01  4.29713E-01
 7.48888E+01  3.87230E-01
 9.98517E+01  3.82854E-01
 1.24815E+02  3.92266E-01
 1.49778E+02  3.97649E-01
 1.74740E+02  3.93774E-01
 1.99703E+02  3.82579E-01
 2.24666E+02  3.50386E-01
 2.49629E+02  3.20853E-01
 2.74592E+02  3.13147E-01
 2.99555E+02  3.01753E-01
 3.24518E+02  3.10008E-01
 3.49481E+02  3.31417E-01
 3.74444E+02  3.40175E-01
 3.99407E+02  3.33289E-01
 4.24370E+02  3.03766E-01
 4.49333E+02  2.88413E-01
 4.74296E+02  2.64929E-01
 4.99258E+02  2.34725E-01
 5.24221E+02  1.96679E-01
 5.49184E+02  1.81087E-01
 5.74147E+02  1.67814E-01
 5.99110E+02  1.46817E-01
 6.24073E+02  1.19585E-01
 6.49036E+02  7.88136E-02
 6.73999E+02  5.98676E-02
 6.98962E+02  5.43878E-02
 7.23925E+02  4.24907E-02
 7.48888E+02  4.12080E-02
 7.73851E+02  3.52102E-02
 7.98814E+02  3.00876E-02
 8.23776E+02  2.94457E-02
 8.48739E+02  3.67031E-02
 8.73702E+02  4.15759E-02
 8.98665E+02  4.85648E-02
 9.23628E+02  4.68616E-02
 9.48591E+02  5.50373E-02
 9.73554E+02  3.48492E-02
 9.98517E+02  5.52437E-02
 1.02348E+03  4.80601E-02
 1.04844E+03  3.74707E-02
 1.07341E+03  2.81049E-02
 1.09837E+03  2.30304E-02
 1.12333E+03  2.18624E-02
 1.14829E+03  2.36859E-02
 1.17326E+03  2.68513E-02
 1.19822E+03  2.94232E-02
 1.22318E+03  2.89661E-02
 1.24815E+03  2.45010E-02
