-8.50768E+02  0.00000E+00
-8.33753E+02  2.21396E-05
-8.16738E+02  1.16472E-05
-7.99722E+02  5.73567E-06
-7.82707E+02  5.28777E-06
-7.65692E+02  1.27524E-05
-7.48676E+02  8.11026E-05
-7.31661E+02  5.57223E-03
-7.14645E+02  1.23148E-02
-6.97630E+02  9.38490E-04
-6.80615E+02  7.85956E-04
-6.63599E+02  1.52854E-03
-6.46584E+02  2.06805E-03
-6.29569E+02  2.84194E-03
-6.12553E+02  4.09896E-03
-5.95538E+02  6.57612E-03
-5.78522E+02  1.05521E-02
-5.61507E+02  1.61562E-02
-5.44492E+02  2.44864E-02
-5.27476E+02  3.61974E-02
-5.10461E+02  5.22405E-02
-4.93446E+02  7.44143E-02
-4.76430E+02  1.09553E-01
-4.59415E+02  1.55425E-01
-4.42400E+02  2.09428E-01
-4.25384E+02  2.85383E-01
-4.08369E+02  3.70943E-01
-3.91353E+02  4.48979E-01
-3.74338E+02  5.58338E-01
-3.57323E+02  6.58128E-01
-3.40307E+02  7.72125E-01
-3.23292E+02  9.00845E-01
-3.06277E+02  1.03575E+00
-2.89261E+02  1.16333E+00
-2.72246E+02  1.26735E+00
-2.55231E+02  1.41085E+00
-2.38215E+02  1.55531E+00
-2.21200E+02  1.69459E+00
-2.04184E+02  1.79238E+00
-1.87169E+02  1.83481E+00
-1.70154E+02  1.81809E+00
-1.53138E+02  1.77864E+00
-1.36123E+02  1.78262E+00
-1.19108E+02  1.78744E+00
-1.02092E+02  1.77276E+00
-8.50768E+01  1.75758E+00
-6.80615E+01  1.72538E+00
-5.10461E+01  1.70092E+00
-3.40307E+01  1.68513E+00
-1.70154E+01  1.69153E+00
 3.44589E-13  1.70920E+00
 1.70154E+01  1.61096E+00
 3.40307E+01  1.47620E+00
 5.10461E+01  1.34062E+00
 6.80615E+01  1.22942E+00
 8.50768E+01  1.09594E+00
 1.02092E+02  1.00203E+00
 1.19108E+02  9.37815E-01
 1.36123E+02  8.75873E-01
 1.53138E+02  8.11255E-01
 1.70154E+02  7.59614E-01
 1.87169E+02  7.60143E-01
 2.04184E+02  7.60699E-01
 2.21200E+02  7.60812E-01
 2.38215E+02  7.66232E-01
 2.55231E+02  7.64009E-01
 2.72246E+02  8.00508E-01
 2.89261E+02  8.19314E-01
 3.06277E+02  8.19453E-01
 3.23292E+02  8.17826E-01
 3.40307E+02  8.14063E-01
 3.57323E+02  7.80008E-01
 3.74338E+02  7.17703E-01
 3.91353E+02  6.32982E-01
 4.08369E+02  5.52169E-01
 4.25384E+02  4.68186E-01
 4.42400E+02  3.98105E-01
 4.59415E+02  3.37958E-01
 4.76430E+02  2.87409E-01
 4.93446E+02  2.37897E-01
 5.10461E+02  2.10119E-01
 5.27476E+02  1.92616E-01
 5.44492E+02  1.68175E-01
 5.61507E+02  1.48609E-01
 5.78522E+02  1.37343E-01
 5.95538E+02  1.20937E-01
 6.12553E+02  1.04917E-01
 6.29569E+02  8.96533E-02
 6.46584E+02  7.90057E-02
 6.63599E+02  6.59798E-02
 6.80615E+02  5.45562E-02
 6.97630E+02  4.97831E-02
 7.14645E+02  3.93377E-02
 7.31661E+02  3.58358E-02
 7.48676E+02  3.33963E-02
 7.65692E+02  3.31387E-02
 7.82707E+02  3.27887E-02
 7.99722E+02  3.08340E-02
 8.16738E+02  3.18035E-02
 8.33753E+02  3.21925E-02
 8.50768E+02  3.01507E-02
