-9.18002E+02  0.00000E+00
-8.99642E+02  1.12999E-03
-8.81282E+02  1.78192E-03
-8.62922E+02  3.30982E-03
-8.44562E+02  3.61955E-03
-8.26202E+02  4.99359E-03
-8.07842E+02  6.68092E-03
-7.89482E+02  7.83444E-03
-7.71122E+02  1.01468E-02
-7.52762E+02  1.23064E-02
-7.34402E+02  1.61436E-02
-7.16042E+02  2.20173E-02
-6.97682E+02  3.08908E-02
-6.79322E+02  4.15510E-02
-6.60962E+02  5.24421E-02
-6.42602E+02  6.25852E-02
-6.24242E+02  7.58830E-02
-6.05882E+02  9.31270E-02
-5.87522E+02  1.14777E-01
-5.69161E+02  1.41567E-01
-5.50801E+02  1.64047E-01
-5.32441E+02  1.96480E-01
-5.14081E+02  2.35516E-01
-4.95721E+02  2.61194E-01
-4.77361E+02  3.10192E-01
-4.59001E+02  3.47587E-01
-4.40641E+02  3.54248E-01
-4.22281E+02  3.56580E-01
-4.03921E+02  3.63571E-01
-3.85561E+02  3.84899E-01
-3.67201E+02  3.91624E-01
-3.48841E+02  3.93782E-01
-3.30481E+02  4.32965E-01
-3.12121E+02  4.69744E-01
-2.93761E+02  4.82266E-01
-2.75401E+02  4.71231E-01
-2.57041E+02  4.85501E-01
-2.38681E+02  4.93542E-01
-2.20321E+02  4.90185E-01
-2.01961E+02  5.02554E-01
-1.83600E+02  5.28570E-01
-1.65240E+02  5.50974E-01
-1.46880E+02  5.79560E-01
-1.28520E+02  6.20681E-01
-1.10160E+02  6.55338E-01
-9.18002E+01  7.00727E-01
-7.34402E+01  7.52850E-01
-5.50801E+01  7.90531E-01
-3.67201E+01  8.31054E-01
-1.83600E+01  8.28610E-01
-7.07805E-13  8.39439E-01
 1.83600E+01  8.54299E-01
 3.67201E+01  8.65893E-01
 5.50801E+01  8.70223E-01
 7.34402E+01  8.79131E-01
 9.18002E+01  8.72365E-01
 1.10160E+02  8.53634E-01
 1.28520E+02  8.10420E-01
 1.46880E+02  7.81793E-01
 1.65240E+02  7.64368E-01
 1.83600E+02  7.44227E-01
 2.01961E+02  7.38639E-01
 2.20321E+02  7.41713E-01
 2.38681E+02  7.46621E-01
 2.57041E+02  7.06826E-01
 2.75401E+02  6.58396E-01
 2.93761E+02  6.17948E-01
 3.12121E+02  5.55668E-01
 3.30481E+02  5.03350E-01
 3.48841E+02  4.11789E-01
 3.67201E+02  3.69606E-01
 3.85561E+02  3.29926E-01
 4.03921E+02  2.82503E-01
 4.22281E+02  2.27415E-01
 4.40641E+02  1.91565E-01
 4.59001E+02  1.56583E-01
 4.77361E+02  1.27349E-01
 4.95721E+02  1.08132E-01
 5.14081E+02  9.63553E-02
 5.32441E+02  8.44672E-02
 5.50801E+02  7.65289E-02
 5.69161E+02  6.42162E-02
 5.87522E+02  5.95288E-02
 6.05882E+02  5.76215E-02
 6.24242E+02  4.52717E-02
 6.42602E+02  5.35080E-02
 6.60962E+02  5.19492E-02
 6.79322E+02  5.14093E-02
 6.97682E+02  6.05880E-02
 7.16042E+02  6.02132E-02
 7.34402E+02  5.71410E-02
 7.52762E+02  4.81439E-02
 7.71122E+02  4.72277E-02
 7.89482E+02  4.63402E-02
 8.07842E+02  4.15219E-02
 8.26202E+02  3.77272E-02
 8.44562E+02  3.72920E-02
 8.62922E+02  4.09678E-02
 8.81282E+02  4.75762E-02
 8.99642E+02  5.14731E-02
 9.18002E+02  4.18576E-02
