-1.14964E+03  0.00000E+00
-1.12664E+03  1.12819E-02
-1.10365E+03  1.75814E-02
-1.08066E+03  1.52490E-02
-1.05766E+03  1.34351E-02
-1.03467E+03  1.32003E-02
-1.01168E+03  1.47994E-02
-9.88686E+02  2.17351E-02
-9.65693E+02  3.16939E-02
-9.42701E+02  3.93589E-02
-9.19708E+02  5.30240E-02
-8.96715E+02  6.91984E-02
-8.73723E+02  8.43906E-02
-8.50730E+02  9.33670E-02
-8.27737E+02  1.02590E-01
-8.04745E+02  1.23954E-01
-7.81752E+02  1.49730E-01
-7.58759E+02  1.71344E-01
-7.35766E+02  2.20187E-01
-7.12774E+02  2.04631E-01
-6.89781E+02  2.03941E-01
-6.66788E+02  1.99604E-01
-6.43796E+02  2.19654E-01
-6.20803E+02  2.45419E-01
-5.97810E+02  2.86612E-01
-5.74818E+02  3.35919E-01
-5.51825E+02  4.27891E-01
-5.28832E+02  5.41944E-01
-5.05839E+02  5.99043E-01
-4.82847E+02  6.54709E-01
-4.59854E+02  6.84152E-01
-4.36861E+02  6.67510E-01
-4.13869E+02  7.24562E-01
-3.90876E+02  7.86341E-01
-3.67883E+02  8.38568E-01
-3.44891E+02  8.96105E-01
-3.21898E+02  1.00580E+00
-2.98905E+02  1.07724E+00
-2.75912E+02  1.23298E+00
-2.52920E+02  1.38706E+00
-2.29927E+02  1.46445E+00
-2.06934E+02  1.49779E+00
-1.83942E+02  1.50520E+00
-1.60949E+02  1.51154E+00
-1.37956E+02  1.48199E+00
-1.14964E+02  1.44527E+00
-9.19708E+01  1.38028E+00
-6.89781E+01  1.26986E+00
-4.59854E+01  1.18587E+00
-2.29927E+01  1.14061E+00
-6.70552E-13  1.07363E+00
 2.29927E+01  1.02358E+00
 4.59854E+01  9.81644E-01
 6.89781E+01  1.01362E+00
 9.19708E+01  9.68835E-01
 1.14964E+02  9.80115E-01
 1.37956E+02  9.93954E-01
 1.60949E+02  1.02203E+00
 1.83942E+02  1.06217E+00
 2.06934E+02  1.06348E+00
 2.29927E+02  1.05972E+00
 2.52920E+02  1.03969E+00
 2.75912E+02  1.04646E+00
 2.98905E+02  1.00068E+00
 3.21898E+02  9.68339E-01
 3.44891E+02  9.29351E-01
 3.67883E+02  8.69633E-01
 3.90876E+02  1.10398E+00
 4.13869E+02  8.20882E-01
 4.36861E+02  5.78161E-01
 4.59854E+02  4.33010E-01
 4.82847E+02  3.55238E-01
 5.05839E+02  3.02015E-01
 5.28832E+02  2.42933E-01
 5.51825E+02  2.13714E-01
 5.74818E+02  1.90377E-01
 5.97810E+02  1.75727E-01
 6.20803E+02  1.51507E-01
 6.43796E+02  1.47920E-01
 6.66788E+02  1.47006E-01
 6.89781E+02  1.51909E-01
 7.12774E+02  1.61425E-01
 7.35766E+02  1.43468E-01
 7.58759E+02  1.26670E-01
 7.81752E+02  1.24596E-01
 8.04745E+02  1.40089E-01
 8.27737E+02  1.36820E-01
 8.50730E+02  1.41171E-01
 8.73723E+02  1.38842E-01
 8.96715E+02  1.24136E-01
 9.19708E+02  1.13075E-01
 9.42701E+02  9.46518E-02
 9.65693E+02  8.47865E-02
 9.88686E+02  8.13277E-02
 1.01168E+03  7.04087E-02
 1.03467E+03  7.00410E-02
 1.05766E+03  6.97108E-02
 1.08066E+03  6.61282E-02
 1.10365E+03  6.04794E-02
 1.12664E+03  6.87333E-02
 1.14964E+03  7.23872E-02
