-7.61146E+02  0.00000E+00
-7.45923E+02  1.03273E-02
-7.30700E+02  1.13811E-02
-7.15477E+02  9.44504E-03
-7.00254E+02  7.50975E-03
-6.85031E+02  7.72107E-03
-6.69808E+02  8.66428E-03
-6.54585E+02  8.82629E-03
-6.39362E+02  9.16246E-03
-6.24139E+02  8.35451E-03
-6.08916E+02  7.88183E-03
-5.93694E+02  7.86945E-03
-5.78471E+02  9.92788E-03
-5.63248E+02  2.08604E-02
-5.48025E+02  1.86970E-02
-5.32802E+02  1.91317E-02
-5.17579E+02  2.17691E-02
-5.02356E+02  2.66349E-02
-4.87133E+02  3.51879E-02
-4.71910E+02  4.69703E-02
-4.56687E+02  5.90363E-02
-4.41464E+02  7.18335E-02
-4.26242E+02  8.49670E-02
-4.11019E+02  1.01077E-01
-3.95796E+02  9.59237E-02
-3.80573E+02  1.10833E-01
-3.65350E+02  1.30675E-01
-3.50127E+02  1.56635E-01
-3.34904E+02  1.91412E-01
-3.19681E+02  2.24533E-01
-3.04458E+02  2.50826E-01
-2.89235E+02  2.66606E-01
-2.74012E+02  2.87846E-01
-2.58789E+02  3.15727E-01
-2.43567E+02  3.59756E-01
-2.28344E+02  4.11589E-01
-2.13121E+02  4.50777E-01
-1.97898E+02  4.67694E-01
-1.82675E+02  4.80812E-01
-1.67452E+02  4.89841E-01
-1.52229E+02  4.93454E-01
-1.37006E+02  5.11174E-01
-1.21783E+02  5.47566E-01
-1.06560E+02  5.70621E-01
-9.13375E+01  5.77139E-01
-7.61146E+01  5.72814E-01
-6.08916E+01  5.68755E-01
-4.56687E+01  5.40869E-01
-3.04458E+01  4.95913E-01
-1.52229E+01  4.60625E-01
-1.44355E-13  4.19456E-01
 1.52229E+01  3.80675E-01
 3.04458E+01  3.52584E-01
 4.56687E+01  3.32983E-01
 6.08916E+01  3.19635E-01
 7.61146E+01  3.14746E-01
 9.13375E+01  3.15659E-01
 1.06560E+02  3.16265E-01
 1.21783E+02  3.13267E-01
 1.37006E+02  3.05161E-01
 1.52229E+02  2.86722E-01
 1.67452E+02  2.78677E-01
 1.82675E+02  2.74391E-01
 1.97898E+02  2.69615E-01
 2.13121E+02  2.64953E-01
 2.28344E+02  2.66412E-01
 2.43567E+02  2.75671E-01
 2.58789E+02  2.92566E-01
 2.74012E+02  3.17003E-01
 2.89235E+02  3.25190E-01
 3.04458E+02  3.22338E-01
 3.19681E+02  3.16004E-01
 3.34904E+02  3.16841E-01
 3.50127E+02  3.20354E-01
 3.65350E+02  3.24756E-01
 3.80573E+02  3.21095E-01
 3.95796E+02  3.05567E-01
 4.11019E+02  2.80970E-01
 4.26242E+02  2.49000E-01
 4.41464E+02  2.20793E-01
 4.56687E+02  1.91554E-01
 4.71910E+02  1.63322E-01
 4.87133E+02  1.34613E-01
 5.02356E+02  1.03023E-01
 5.17579E+02  8.15363E-02
 5.32802E+02  6.25470E-02
 5.48025E+02  4.83570E-02
 5.63248E+02  3.79402E-02
 5.78471E+02  2.81251E-02
 5.93694E+02  1.90284E-02
 6.08916E+02  1.23733E-02
 6.24139E+02  9.01497E-03
 6.39362E+02  6.04545E-03
 6.54585E+02  3.49858E-03
 6.69808E+02  1.76552E-03
 6.85031E+02  1.01277E-03
 7.00254E+02  5.10061E-04
 7.15477E+02  2.93612E-04
 7.30700E+02  1.18579E-04
 7.45923E+02  3.01988E-05
 7.61146E+02  1.04953E-05
