 7.88283E-05  0.00000E+00
 8.25510E-05  0.00000E+00
 8.64495E-05  0.00000E+00
 9.05321E-05  0.00000E+00
 9.48075E-05  0.00000E+00
 9.92848E-05  0.00000E+00
 1.03974E-04  0.00000E+00
 1.08884E-04  0.00000E+00
 1.14026E-04  0.00000E+00
 1.19411E-04  0.00000E+00
 1.25050E-04  0.00000E+00
 1.30955E-04  0.00000E+00
 1.37140E-04  0.00000E+00
 1.43616E-04  0.00000E+00
 1.50398E-04  0.00000E+00
 1.57501E-04  0.00000E+00
 1.64939E-04  0.00000E+00
 1.72728E-04  0.00000E+00
 1.80886E-04  0.00000E+00
 1.89428E-04  0.00000E+00
 1.98374E-04  0.00000E+00
 2.07742E-04  0.00000E+00
 2.17553E-04  0.00000E+00
 2.27826E-04  0.00000E+00
 2.38586E-04  0.00000E+00
 2.49853E-04  0.00000E+00
 2.61652E-04  0.00000E+00
 2.74009E-04  0.00000E+00
 2.86949E-04  0.00000E+00
 3.00500E-04  0.00000E+00
 3.14691E-04  0.00000E+00
 3.29553E-04  0.00000E+00
 3.45116E-04  0.00000E+00
 3.61414E-04  0.00000E+00
 3.78482E-04  0.00000E+00
 3.96356E-04  0.00000E+00
 4.15074E-04  0.00000E+00
 4.34676E-04  0.00000E+00
 4.55203E-04  0.00000E+00
 4.76700E-04  0.00000E+00
 4.99213E-04  0.00000E+00
 5.22788E-04  0.00000E+00
 5.47477E-04  0.00000E+00
 5.73332E-04  0.00000E+00
 6.00407E-04  0.00000E+00
 6.28762E-04  0.00000E+00
 6.58455E-04  0.00000E+00
 6.89551E-04  0.00000E+00
 7.22115E-04  0.00000E+00
 7.56217E-04  0.00000E+00
 7.91929E-04  0.00000E+00
 8.29328E-04  0.00000E+00
 8.68493E-04  0.00000E+00
 9.09508E-04  0.00000E+00
 9.52460E-04  0.00000E+00
 9.97440E-04  0.00000E+00
 1.04454E-03  0.00000E+00
 1.09387E-03  0.00000E+00
 1.14553E-03  0.00000E+00
 1.19963E-03  0.00000E+00
 1.25628E-03  0.00000E+00
 1.31561E-03  0.00000E+00
 1.37774E-03  0.00000E+00
 1.44280E-03  0.00000E+00
 1.51094E-03  0.00000E+00
 1.58230E-03  0.00000E+00
 1.65702E-03  0.00000E+00
 1.73527E-03  0.00000E+00
 1.81722E-03  0.00000E+00
 1.90304E-03  0.00000E+00
 1.99291E-03  0.00000E+00
 2.08703E-03  0.00000E+00
 2.18559E-03  0.00000E+00
 2.28880E-03  0.00000E+00
 2.39689E-03  0.00000E+00
 2.51008E-03  0.00000E+00
 2.62862E-03  0.00000E+00
 2.75276E-03  0.00000E+00
 2.88276E-03  0.00000E+00
 3.01890E-03  0.00000E+00
 3.16147E-03  0.00000E+00
 3.31077E-03  0.00000E+00
 3.46712E-03  0.00000E+00
 3.63086E-03  0.00000E+00
 3.80232E-03  0.00000E+00
 3.98189E-03  0.00000E+00
 4.16993E-03  0.00000E+00
 4.36686E-03  0.00000E+00
 4.57309E-03  0.00000E+00
 4.78905E-03  0.00000E+00
 5.01522E-03  0.00000E+00
 5.25206E-03  0.00000E+00
 5.50009E-03  0.00000E+00
 5.75983E-03  0.00000E+00
 6.03184E-03  0.00000E+00
 6.31670E-03  0.00000E+00
 6.61500E-03  0.00000E+00
 6.92740E-03  0.00000E+00
 7.25455E-03  0.00000E+00
 7.59714E-03  0.00000E+00
 7.95592E-03  0.00000E+00
 8.33164E-03  0.00000E+00
 8.72510E-03  0.00000E+00
 9.13715E-03  0.00000E+00
 9.56865E-03  0.00000E+00
 1.00205E-02  0.00000E+00
 1.04938E-02  0.00000E+00
 1.09893E-02  0.00000E+00
 1.15083E-02  0.00000E+00
 1.20518E-02  0.00000E+00
 1.26209E-02  0.00000E+00
 1.32170E-02  0.00000E+00
 1.38411E-02  0.00000E+00
 1.44948E-02  0.00000E+00
 1.51793E-02  0.00000E+00
 1.58961E-02  0.00000E+00
 1.66468E-02  0.00000E+00
 1.74330E-02  0.00000E+00
 1.82563E-02  0.00000E+00
 1.91184E-02  0.00000E+00
 2.00213E-02  0.00000E+00
 2.09668E-02  0.00000E+00
 2.19570E-02  0.00000E+00
 2.29939E-02  0.00000E+00
 2.40798E-02  0.00000E+00
 2.52169E-02  0.00000E+00
 2.64078E-02  0.00000E+00
 2.76549E-02  0.00000E+00
 2.89609E-02  0.00000E+00
 3.03286E-02  0.00000E+00
 3.17609E-02  0.00000E+00
 3.32608E-02  0.00000E+00
 3.48316E-02  0.00000E+00
 3.64765E-02  0.00000E+00
 3.81991E-02  0.00000E+00
 4.00031E-02  0.00000E+00
 4.18922E-02  0.00000E+00
 4.38706E-02  0.00000E+00
 4.59424E-02  1.31024E-12
 4.81120E-02  0.00000E+00
 5.03841E-02  0.00000E+00
 5.27635E-02  0.00000E+00
 5.52553E-02  0.00000E+00
 5.78647E-02  9.71252E-12
 6.05974E-02  0.00000E+00
 6.34591E-02  0.00000E+00
 6.64560E-02  4.57546E-11
 6.95944E-02  2.19434E-11
 7.28810E-02  2.46159E-11
 7.63228E-02  8.28072E-11
 7.99272E-02  9.98416E-17
 8.37017E-02  5.15157E-11
 8.76546E-02  2.29178E-11
 9.17941E-02  6.19876E-11
 9.61291E-02  4.71925E-11
 1.00669E-01  2.95820E-11
 1.05423E-01  4.87415E-11
 1.10401E-01  1.91969E-11
 1.15615E-01  2.26394E-11
 1.21075E-01  1.62172E-11
 1.26793E-01  1.77200E-11
 1.32781E-01  1.30629E-11
 1.39051E-01  4.05624E-12
 1.45618E-01  5.98702E-12
 1.52495E-01  2.30500E-12
 1.59697E-01  1.25982E-12
 1.67238E-01  1.08708E-12
 1.75136E-01  2.36149E-12
 1.83407E-01  4.62022E-12
 1.92068E-01  1.12746E-11
 2.01139E-01  4.83617E-12
 2.10638E-01  2.93967E-12
 2.20585E-01  8.60885E-13
 2.31002E-01  5.98687E-13
 2.41911E-01  3.19918E-13
 2.53336E-01  1.42311E-13
 2.65300E-01  4.90644E-14
 2.77828E-01  2.00345E-14
 2.90949E-01  9.24957E-15
 3.04689E-01  4.02018E-15
 3.19078E-01  2.09971E-15
 3.34146E-01  8.86216E-16
 3.49927E-01  4.46014E-16
 3.66452E-01  2.32683E-16
 3.83758E-01  1.44453E-16
 4.01881E-01  1.13694E-16
 4.20860E-01  6.19194E-17
 4.40735E-01  7.60572E-17
 4.61549E-01  8.76908E-17
 4.83345E-01  1.65254E-16
 5.06171E-01  3.11278E-16
 5.30075E-01  1.19453E-15
 5.55108E-01  7.97371E-15
 5.81323E-01  8.96460E-14
 6.08777E-01  2.49191E-12
 6.37526E-01  1.96731E-10
 6.67633E-01  4.56305E-08
 6.99163E-01  7.51719E-05
 7.32181E-01  4.63715E-04
 7.66758E-01  5.74170E-04
 8.02968E-01  6.28336E-04
 8.40889E-01  7.30315E-04
 8.80600E-01  7.28877E-04
 9.08427E-01  6.62982E-04
 9.08533E-01  6.62726E-04
 9.08639E-01  6.62469E-04
 9.08745E-01  6.62213E-04
 9.08851E-01  6.61956E-04
 9.08957E-01  6.61700E-04
 9.09064E-01  6.61443E-04
 9.09170E-01  6.61186E-04
 9.09276E-01  6.60929E-04
 9.09382E-01  6.60672E-04
 9.09489E-01  6.60414E-04
 9.09595E-01  6.60157E-04
 9.09701E-01  6.59900E-04
 9.09808E-01  6.59642E-04
 9.09914E-01  6.59385E-04
 9.10020E-01  6.59127E-04
 9.10127E-01  6.58869E-04
 9.10233E-01  6.58611E-04
 9.10340E-01  6.58353E-04
 9.10446E-01  6.58095E-04
 9.10553E-01  6.57837E-04
 9.10659E-01  6.57579E-04
 9.10766E-01  6.57320E-04
 9.10873E-01  6.57062E-04
 9.10979E-01  6.56803E-04
 9.11086E-01  6.56544E-04
 9.11192E-01  6.56285E-04
 9.11299E-01  6.56027E-04
 9.11406E-01  6.55768E-04
 9.11513E-01  6.55508E-04
 9.11619E-01  6.55249E-04
 9.11726E-01  6.54990E-04
 9.11833E-01  6.54731E-04
 9.11940E-01  6.54471E-04
 9.12047E-01  6.54211E-04
 9.12154E-01  6.53952E-04
 9.12261E-01  6.53692E-04
 9.12368E-01  6.53432E-04
 9.12475E-01  6.53172E-04
 9.12582E-01  6.52912E-04
 9.12689E-01  6.52652E-04
 9.12796E-01  6.52391E-04
 9.12903E-01  6.52131E-04
 9.13010E-01  6.51870E-04
 9.13117E-01  6.51610E-04
 9.13224E-01  6.51349E-04
 9.13331E-01  6.51088E-04
 9.13438E-01  6.50827E-04
 9.13546E-01  6.50566E-04
 9.13653E-01  6.50305E-04
 9.13760E-01  6.50044E-04
 9.13868E-01  6.49783E-04
 9.13975E-01  6.49521E-04
 9.14082E-01  6.49260E-04
 9.14190E-01  6.48998E-04
 9.14297E-01  6.48736E-04
 9.14404E-01  6.48475E-04
 9.14512E-01  6.48213E-04
 9.14619E-01  6.47951E-04
 9.14727E-01  6.47689E-04
 9.14834E-01  6.47426E-04
 9.14942E-01  6.47164E-04
 9.15050E-01  6.46902E-04
 9.15157E-01  6.46639E-04
 9.15265E-01  6.46376E-04
 9.15372E-01  6.46114E-04
 9.15480E-01  6.45851E-04
 9.15588E-01  6.45588E-04
 9.15696E-01  6.45325E-04
 9.15803E-01  6.45062E-04
 9.15911E-01  6.44798E-04
 9.16019E-01  6.44535E-04
 9.16127E-01  6.44272E-04
 9.16235E-01  6.44008E-04
 9.16342E-01  6.43744E-04
 9.16450E-01  6.43481E-04
 9.16558E-01  6.43217E-04
 9.16666E-01  6.42953E-04
 9.16774E-01  6.42689E-04
 9.16882E-01  6.42425E-04
 9.16990E-01  6.42160E-04
 9.17098E-01  6.41896E-04
 9.17206E-01  6.41632E-04
 9.17315E-01  6.41367E-04
 9.17423E-01  6.41102E-04
 9.17531E-01  6.40838E-04
 9.17639E-01  6.40573E-04
 9.17747E-01  6.40308E-04
 9.17856E-01  6.40043E-04
 9.17964E-01  6.39780E-04
 9.18072E-01  6.39512E-04
 9.18180E-01  6.39247E-04
 9.18289E-01  6.38981E-04
 9.18397E-01  6.38716E-04
 9.18506E-01  6.38450E-04
 9.18614E-01  6.38184E-04
 9.18722E-01  6.37918E-04
 9.18831E-01  6.37652E-04
 9.18939E-01  6.37386E-04
 9.19048E-01  6.37120E-04
 9.19156E-01  6.36854E-04
 9.19265E-01  6.36587E-04
 9.19374E-01  6.36321E-04
 9.19482E-01  6.36054E-04
 9.19591E-01  6.35787E-04
 9.19700E-01  6.35520E-04
 9.19808E-01  6.35253E-04
 9.19917E-01  6.34986E-04
 9.20026E-01  6.34719E-04
 9.20135E-01  6.34452E-04
 9.20243E-01  6.34185E-04
 9.20352E-01  6.33926E-04
 9.20461E-01  6.33650E-04
 9.20570E-01  6.33382E-04
 9.20679E-01  6.33114E-04
 9.20788E-01  6.32846E-04
 9.20897E-01  6.32578E-04
 9.21006E-01  6.32310E-04
 9.21115E-01  6.32042E-04
 9.21224E-01  6.31774E-04
 9.21333E-01  6.31505E-04
 9.21442E-01  6.31237E-04
 9.21551E-01  6.30977E-04
 9.21660E-01  6.30700E-04
 9.21769E-01  6.30433E-04
 9.21879E-01  6.30162E-04
 9.21988E-01  6.30026E-04
 9.22097E-01  6.29675E-04
 9.22186E-01  6.29413E-04
 9.22206E-01  6.29472E-04
 9.22316E-01  6.29852E-04
 9.22425E-01  6.30224E-04
 9.22534E-01  6.30600E-04
 9.22644E-01  6.31009E-04
 9.22753E-01  6.31352E-04
 9.22862E-01  6.31728E-04
 9.22972E-01  6.32253E-04
 9.23081E-01  6.32512E-04
 9.23191E-01  6.32857E-04
 9.23300E-01  6.33234E-04
 9.23410E-01  6.33613E-04
 9.23520E-01  6.33988E-04
 9.23629E-01  6.34365E-04
 9.23739E-01  6.39155E-04
 9.23848E-01  6.35120E-04
 9.23958E-01  6.35497E-04
 9.24068E-01  6.35875E-04
 9.24178E-01  6.36253E-04
 9.24287E-01  6.36631E-04
 9.24397E-01  6.37009E-04
 9.24507E-01  6.37387E-04
 9.24617E-01  6.37767E-04
 9.24727E-01  6.38144E-04
 9.24837E-01  6.38522E-04
 9.24946E-01  6.38901E-04
 9.25056E-01  6.39295E-04
 9.25166E-01  6.39658E-04
 9.25276E-01  6.40039E-04
 9.25386E-01  6.40430E-04
 9.25496E-01  6.40796E-04
 9.25607E-01  6.41222E-04
 9.25717E-01  6.41556E-04
 9.25827E-01  6.41948E-04
 9.25937E-01  6.42321E-04
 9.26047E-01  6.42702E-04
 9.26157E-01  6.43116E-04
 9.26268E-01  6.43898E-04
 9.26378E-01  6.43835E-04
 9.26488E-01  6.44228E-04
 9.26598E-01  6.44596E-04
 9.26709E-01  6.44992E-04
 9.26819E-01  6.45366E-04
 9.26929E-01  6.45746E-04
 9.27040E-01  6.46119E-04
 9.27150E-01  6.46609E-04
 9.27261E-01  6.46939E-04
 9.27371E-01  6.47370E-04
 9.27482E-01  6.47647E-04
 9.27592E-01  6.48155E-04
 9.27703E-01  6.48410E-04
 9.27814E-01  6.49237E-04
 9.27924E-01  6.49308E-04
 9.28035E-01  6.50754E-04
 9.28146E-01  6.49939E-04
 9.28256E-01  6.50663E-04
 9.28367E-01  6.73696E-04
 9.28478E-01  6.51084E-04
 9.28589E-01  6.51490E-04
 9.28699E-01  6.60162E-04
 9.28810E-01  6.53368E-04
 9.28921E-01  6.56946E-04
 9.29032E-01  6.53030E-04
 9.29143E-01  6.53695E-04
 9.29254E-01  6.55181E-04
 9.29365E-01  6.54267E-04
 9.29476E-01  6.54636E-04
 9.29587E-01  6.64386E-04
 9.29698E-01  6.55323E-04
 9.29809E-01  6.55697E-04
 9.29920E-01  6.65625E-04
 9.30031E-01  6.59310E-04
 9.30142E-01  6.58162E-04
 9.30254E-01  6.57409E-04
 9.30365E-01  6.83088E-04
 9.30476E-01  6.85902E-04
 9.30587E-01  6.62442E-04
 9.30699E-01  6.63187E-04
 9.30810E-01  6.64882E-04
 9.30921E-01  6.79682E-04
 9.31033E-01  6.59924E-04
 9.31144E-01  6.62546E-04
 9.31255E-01  6.61595E-04
 9.31367E-01  6.85857E-04
 9.31478E-01  6.63456E-04
 9.31590E-01  6.79863E-04
 9.31701E-01  6.78197E-04
 9.31813E-01  6.85884E-04
 9.31925E-01  6.79463E-04
 9.32036E-01  6.73081E-04
 9.32148E-01  6.79946E-04
 9.32259E-01  6.96448E-04
 9.32371E-01  7.78649E-04
 9.32483E-01  6.94816E-04
 9.32595E-01  7.03968E-04
 9.32706E-01  7.66954E-04
 9.32818E-01  7.21861E-04
 9.32930E-01  7.34274E-04
 9.33042E-01  8.27760E-04
 9.33154E-01  8.48865E-04
 9.33266E-01  8.19387E-04
 9.33378E-01  8.56671E-04
 9.33490E-01  9.78029E-04
 9.33602E-01  9.35607E-04
 9.33714E-01  1.00314E-03
 9.33826E-01  1.26935E-03
 9.33938E-01  1.17599E-03
 9.34050E-01  1.54325E-03
 9.34162E-01  1.80982E-03
 9.34274E-01  2.19865E-03
 9.34386E-01  2.72378E-03
 9.34498E-01  3.53382E-03
 9.34611E-01  3.72281E-03
 9.34723E-01  3.86510E-03
 9.34835E-01  5.73606E-03
 9.34947E-01  5.88414E-03
 9.35060E-01  7.18468E-03
 9.35172E-01  8.09854E-03
 9.35285E-01  8.56436E-03
 9.35397E-01  1.02767E-02
 9.35509E-01  1.09484E-02
 9.35622E-01  1.19106E-02
 9.35734E-01  1.20418E-02
 9.35847E-01  1.34946E-02
 9.35959E-01  1.24291E-02
 9.36072E-01  1.22339E-02
 9.36185E-01  1.32577E-02
 9.36297E-01  1.28796E-02
 9.36410E-01  1.37115E-02
 9.36523E-01  1.32679E-02
 9.36635E-01  1.23130E-02
 9.36748E-01  1.10761E-02
 9.36861E-01  1.16943E-02
 9.36974E-01  1.09728E-02
 9.37087E-01  1.04018E-02
 9.37199E-01  9.37298E-03
 9.37312E-01  8.68198E-03
 9.37425E-01  1.05720E-02
 9.37538E-01  8.83058E-03
 9.37651E-01  9.21733E-03
 9.37764E-01  9.01722E-03
 9.37877E-01  8.15370E-03
 9.37990E-01  8.43397E-03
 9.38103E-01  7.11265E-03
 9.38216E-01  7.49894E-03
 9.38329E-01  7.76237E-03
 9.38443E-01  6.78406E-03
 9.38556E-01  6.19733E-03
 9.38669E-01  5.93492E-03
 9.38782E-01  6.20655E-03
 9.38895E-01  6.06315E-03
 9.39009E-01  5.82768E-03
 9.39122E-01  5.40957E-03
 9.39235E-01  5.61916E-03
 9.39349E-01  4.12309E-03
 9.39462E-01  4.39762E-03
 9.39576E-01  4.04721E-03
 9.39689E-01  4.00347E-03
 9.39802E-01  3.80087E-03
 9.39916E-01  3.52499E-03
 9.40030E-01  3.58108E-03
 9.40143E-01  3.22587E-03
 9.40257E-01  3.48605E-03
 9.40370E-01  2.55431E-03
 9.40484E-01  2.72145E-03
 9.40598E-01  2.71682E-03
 9.40711E-01  2.09619E-03
 9.40825E-01  2.34987E-03
 9.40939E-01  2.13540E-03
 9.41053E-01  2.15789E-03
 9.41166E-01  1.73475E-03
 9.41280E-01  1.68739E-03
 9.41394E-01  1.62431E-03
 9.41508E-01  1.65105E-03
 9.41622E-01  1.49653E-03
 9.41736E-01  1.45750E-03
 9.41850E-01  1.19753E-03
 9.41964E-01  1.34951E-03
 9.42078E-01  1.36029E-03
 9.42192E-01  1.11071E-03
 9.42306E-01  1.05689E-03
 9.42420E-01  1.06625E-03
 9.42534E-01  9.81099E-04
 9.42648E-01  1.03246E-03
 9.42763E-01  9.93875E-04
 9.42877E-01  9.45120E-04
 9.42991E-01  9.09085E-04
 9.43105E-01  9.15665E-04
 9.43220E-01  9.16155E-04
 9.43334E-01  7.82525E-04
 9.43448E-01  8.42163E-04
 9.43563E-01  7.96966E-04
 9.43677E-01  8.49870E-04
 9.43792E-01  7.77015E-04
 9.43906E-01  7.59882E-04
 9.44021E-01  7.45687E-04
 9.44135E-01  7.42475E-04
 9.44250E-01  7.55172E-04
 9.44364E-01  7.20484E-04
 9.44479E-01  7.40628E-04
 9.44594E-01  7.27946E-04
 9.44708E-01  7.28105E-04
 9.44823E-01  7.43630E-04
 9.44938E-01  7.29637E-04
 9.45052E-01  7.44928E-04
 9.45167E-01  7.40045E-04
 9.45282E-01  7.25164E-04
 9.45397E-01  7.18341E-04
 9.45512E-01  7.20801E-04
 9.45627E-01  7.30966E-04
 9.45741E-01  7.14060E-04
 9.45856E-01  7.14231E-04
 9.45971E-01  7.19287E-04
 9.46086E-01  7.13412E-04
 9.46201E-01  7.13472E-04
 9.46316E-01  7.21490E-04
 9.46432E-01  7.19051E-04
 9.46547E-01  7.14229E-04
 9.46662E-01  7.14576E-04
 9.46777E-01  7.15417E-04
 9.46892E-01  7.18978E-04
 9.47007E-01  7.17679E-04
 9.47123E-01  7.16734E-04
 9.47238E-01  7.16979E-04
 9.47353E-01  7.17397E-04
 9.47469E-01  7.18691E-04
 9.47584E-01  7.18491E-04
 9.47699E-01  7.19683E-04
 9.47815E-01  7.18794E-04
 9.47930E-01  7.19048E-04
 9.48046E-01  7.19518E-04
 9.48161E-01  7.19851E-04
 9.48277E-01  7.20407E-04
 9.48392E-01  7.20487E-04
 9.48508E-01  7.20946E-04
 9.48624E-01  7.21580E-04
 9.48739E-01  7.21701E-04
 9.48855E-01  7.22113E-04
 9.48971E-01  7.22829E-04
 9.49086E-01  7.22930E-04
 9.49202E-01  7.23357E-04
 9.49318E-01  7.23736E-04
 9.49434E-01  7.24145E-04
 9.49549E-01  7.24579E-04
 9.49665E-01  7.24961E-04
 9.49781E-01  7.25362E-04
 9.49897E-01  7.28624E-04
 9.50013E-01  7.26178E-04
 9.50129E-01  7.26586E-04
 9.50245E-01  7.26994E-04
 9.50361E-01  7.27416E-04
 9.50477E-01  7.27816E-04
 9.50593E-01  7.28219E-04
 9.50710E-01  7.29028E-04
 9.50826E-01  7.29068E-04
 9.50942E-01  7.29491E-04
 9.51058E-01  7.30037E-04
 9.51174E-01  7.30268E-04
 9.51291E-01  7.30674E-04
 9.51407E-01  7.31099E-04
 9.51523E-01  7.31494E-04
 9.51640E-01  7.35079E-04
 9.51756E-01  7.32314E-04
 9.51872E-01  7.32724E-04
 9.51989E-01  7.33281E-04
 9.52105E-01  7.33636E-04
 9.52222E-01  7.33957E-04
 9.52338E-01  7.34377E-04
 9.52455E-01  7.34777E-04
 9.52571E-01  7.35189E-04
 9.52688E-01  7.35603E-04
 9.52805E-01  7.36010E-04
 9.52921E-01  7.38805E-04
 9.53038E-01  7.37041E-04
 9.53155E-01  7.37259E-04
 9.53272E-01  7.37657E-04
 9.53388E-01  7.38069E-04
 9.53505E-01  7.38642E-04
 9.53622E-01  7.38894E-04
 9.53739E-01  7.39307E-04
 9.53856E-01  7.39719E-04
 9.53973E-01  7.40131E-04
 9.54090E-01  7.40544E-04
 9.54207E-01  7.40980E-04
 9.54324E-01  7.41370E-04
 9.54441E-01  7.41784E-04
 9.54558E-01  7.42197E-04
 9.54675E-01  7.42611E-04
 9.54792E-01  7.43024E-04
 9.54909E-01  7.43438E-04
 9.55026E-01  7.43852E-04
 9.55144E-01  7.44268E-04
 9.55261E-01  7.44681E-04
 9.55378E-01  7.45095E-04
 9.55495E-01  7.45510E-04
 9.55613E-01  7.45924E-04
 9.55730E-01  7.46339E-04
 9.55847E-01  7.46754E-04
 9.55965E-01  7.47169E-04
 9.56082E-01  7.47584E-04
 9.56200E-01  7.48000E-04
 9.56317E-01  7.48415E-04
 9.56435E-01  7.48831E-04
 9.56552E-01  7.49247E-04
 9.56670E-01  7.49663E-04
 9.56788E-01  7.50079E-04
 9.56905E-01  7.50495E-04
 9.57023E-01  7.50912E-04
 9.57141E-01  7.51328E-04
 9.57258E-01  7.51745E-04
 9.57376E-01  7.52166E-04
 9.57494E-01  7.52579E-04
 9.57612E-01  7.52996E-04
 9.57730E-01  7.53413E-04
 9.57847E-01  7.53830E-04
 9.57965E-01  7.54248E-04
 9.58083E-01  7.54666E-04
 9.58201E-01  7.55084E-04
 9.58319E-01  7.55502E-04
 9.58437E-01  7.55920E-04
 9.58555E-01  7.56338E-04
 9.58673E-01  7.56756E-04
 9.58792E-01  7.57175E-04
 9.58910E-01  7.57593E-04
 9.59028E-01  7.58031E-04
 9.59146E-01  7.58431E-04
 9.59264E-01  7.58850E-04
 9.59383E-01  7.59270E-04
 9.59501E-01  7.59689E-04
 9.59619E-01  7.60109E-04
 9.59737E-01  7.60528E-04
 9.59856E-01  7.60948E-04
 9.59974E-01  7.61368E-04
 9.60093E-01  7.61788E-04
 9.60211E-01  7.62208E-04
 9.60330E-01  7.62629E-04
 9.60448E-01  7.63049E-04
 9.60567E-01  7.63470E-04
 9.60685E-01  7.63893E-04
 9.60804E-01  7.64312E-04
 9.60923E-01  7.64733E-04
 9.61041E-01  7.65154E-04
 9.61160E-01  7.65576E-04
 9.61279E-01  7.65997E-04
 9.61397E-01  7.66419E-04
 9.61516E-01  7.66841E-04
 9.61635E-01  7.67263E-04
 9.61754E-01  7.67685E-04
 9.61873E-01  7.68107E-04
 9.61992E-01  7.68530E-04
 9.62110E-01  7.68952E-04
 9.62229E-01  7.69375E-04
 9.62348E-01  7.69798E-04
 9.62467E-01  7.70221E-04
 9.62587E-01  7.70644E-04
 9.62706E-01  7.71067E-04
 9.62825E-01  7.71491E-04
 9.62944E-01  7.71914E-04
 9.63063E-01  7.72338E-04
 9.63182E-01  7.72762E-04
 9.63301E-01  7.73186E-04
 9.63421E-01  7.73610E-04
 9.63540E-01  7.74035E-04
 9.63659E-01  7.74459E-04
 9.63779E-01  7.74884E-04
 9.63898E-01  7.75308E-04
 9.64017E-01  7.75733E-04
 9.64137E-01  7.76158E-04
 9.64256E-01  7.76584E-04
 9.64376E-01  7.77009E-04
 9.64495E-01  7.77434E-04
 9.64615E-01  7.77860E-04
 9.65737E-01  7.81856E-04
 1.01134E+00  8.73207E-04
 1.05910E+00  9.26491E-04
 1.10912E+00  9.68978E-04
 1.16150E+00  9.72119E-04
 1.21635E+00  9.42288E-04
 1.27379E+00  9.50128E-04
 1.33395E+00  9.02364E-04
 1.39695E+00  8.55520E-04
 1.46292E+00  7.67825E-04
 1.53200E+00  7.14843E-04
 1.60435E+00  6.61960E-04
 1.68012E+00  6.17176E-04
 1.75946E+00  5.85732E-04
 1.84255E+00  5.82570E-04
 1.92957E+00  5.96888E-04
 2.02069E+00  6.23404E-04
 2.11612E+00  6.30020E-04
 2.21605E+00  6.64424E-04
 2.32071E+00  6.64500E-04
 2.43030E+00  6.82357E-04
 2.54507E+00  7.05608E-04
 2.66527E+00  7.07782E-04
 2.79113E+00  7.37857E-04
 2.92295E+00  1.07535E-03
 3.06098E+00  1.31222E-03
 3.20554E+00  1.36939E-03
 3.35692E+00  1.38193E-03
 3.51545E+00  1.47617E-03
 3.68147E+00  1.46260E-03
 3.85533E+00  1.52548E-03
 4.03739E+00  1.53034E-03
 4.22806E+00  1.55200E-03
 4.42773E+00  1.57241E-03
 4.63683E+00  1.59229E-03
 4.85581E+00  1.60617E-03
 5.08512E+00  1.59271E-03
 5.32527E+00  1.65511E-03
 5.57676E+00  1.66185E-03
 5.84012E+00  1.68920E-03
 6.11592E+00  1.68705E-03
 6.40475E+00  1.72394E-03
 6.70721E+00  1.83054E-03
 7.02396E+00  1.88103E-03
 7.35567E+00  1.92813E-03
 7.70304E+00  1.94709E-03
 8.06682E+00  1.99059E-03
 8.44778E+00  1.98485E-03
 8.84673E+00  1.99984E-03
 9.26451E+00  2.02712E-03
 9.70203E+00  2.00623E-03
 1.01602E+01  2.05204E-03
 1.06400E+01  2.09669E-03
 1.11425E+01  2.12811E-03
 1.16687E+01  2.19056E-03
 1.22198E+01  2.23624E-03
 1.27969E+01  2.23966E-03
 1.34012E+01  2.17710E-03
 1.40341E+01  2.11633E-03
 1.46968E+01  2.06347E-03
 1.53909E+01  2.00978E-03
 1.61177E+01  1.92349E-03
 1.68789E+01  1.87180E-03
 1.76760E+01  1.74261E-03
 1.85107E+01  1.50419E-03
 1.93849E+01  1.50426E-03
 2.03004E+01  1.43927E-03
 2.12591E+01  1.37485E-03
 2.22630E+01  1.39573E-03
 2.33144E+01  1.28574E-03
 2.44154E+01  1.27238E-03
 2.55685E+01  1.19232E-03
 2.67759E+01  1.10972E-03
 2.80404E+01  1.03200E-03
 2.93646E+01  9.53992E-04
 3.07514E+01  9.11354E-04
 3.22036E+01  8.42146E-04
 3.37245E+01  6.95660E-04
 3.53171E+01  6.06623E-04
 3.69850E+01  5.97591E-04
 3.87316E+01  5.79833E-04
 4.05607E+01  6.01644E-04
 4.24762E+01  5.85672E-04
 4.44821E+01  6.34670E-04
 4.65828E+01  6.96756E-04
 4.87827E+01  7.96596E-04
 5.10864E+01  9.98128E-04
 5.34990E+01  1.28679E-03
 5.60255E+01  1.71891E-03
 5.86713E+01  2.31518E-03
 6.14421E+01  3.25513E-03
 6.43437E+01  4.61856E-03
 6.73823E+01  6.84911E-03
 7.05645E+01  9.77346E-03
 7.38969E+01  1.30306E-02
 7.73867E+01  1.74569E-02
 8.10413E+01  2.24495E-02
 8.48685E+01  2.82732E-02
 8.88764E+01  3.50071E-02
 9.30736E+01  4.27546E-02
 9.74691E+01  5.23904E-02
 1.02072E+02  6.40807E-02
 1.06892E+02  7.82341E-02
 1.11940E+02  9.73811E-02
 1.17227E+02  1.21170E-01
 1.22763E+02  1.50397E-01
 1.28560E+02  1.86279E-01
 1.34632E+02  2.30240E-01
 1.40990E+02  2.78917E-01
 1.47648E+02  3.35039E-01
 1.54621E+02  3.97438E-01
 1.61923E+02  4.66881E-01
 1.69569E+02  5.46043E-01
 1.77577E+02  6.37213E-01
 1.85964E+02  7.39382E-01
 1.94746E+02  8.57457E-01
 2.03943E+02  9.79345E-01
 2.13574E+02  1.11091E+00
 2.23660E+02  1.25312E+00
 2.34222E+02  1.39637E+00
 2.45284E+02  1.53675E+00
 2.56867E+02  1.67840E+00
 2.68998E+02  1.81266E+00
 2.81701E+02  1.92823E+00
 2.95005E+02  2.03445E+00
 3.08936E+02  2.11855E+00
 3.23526E+02  2.18923E+00
 3.38804E+02  2.24326E+00
 3.54804E+02  2.26636E+00
 3.71560E+02  2.28046E+00
 3.89107E+02  2.28151E+00
 4.07483E+02  2.26313E+00
 4.26726E+02  2.22628E+00
 4.46878E+02  2.17727E+00
 4.67982E+02  2.12763E+00
 4.90083E+02  2.06816E+00
 5.13227E+02  1.98253E+00
 5.37464E+02  1.91034E+00
 5.62846E+02  1.83047E+00
 5.89427E+02  1.73106E+00
 6.17263E+02  1.63693E+00
 6.46413E+02  1.54984E+00
 6.76940E+02  1.45671E+00
 7.08909E+02  1.34898E+00
 7.42387E+02  1.25220E+00
 7.77446E+02  1.15852E+00
 8.14161E+02  1.06945E+00
 8.52610E+02  9.73073E-01
 8.92875E+02  8.95841E-01
 9.35041E+02  8.16538E-01
 9.79199E+02  7.34858E-01
 1.02544E+03  6.65561E-01
 1.07387E+03  6.04092E-01
 1.12458E+03  5.37034E-01
 1.17769E+03  4.78924E-01
 1.23331E+03  4.21786E-01
 1.29155E+03  3.80130E-01
 1.35254E+03  3.32823E-01
 1.41642E+03  2.90404E-01
 1.48331E+03  2.56416E-01
 1.55336E+03  2.20415E-01
 1.62672E+03  1.89243E-01
 1.70354E+03  1.63449E-01
 1.78399E+03  1.42470E-01
 1.86824E+03  1.25025E-01
 1.95646E+03  1.07005E-01
 2.04886E+03  8.62567E-02
 2.14562E+03  7.83733E-02
 2.24694E+03  6.53934E-02
 2.35306E+03  5.59300E-02
 2.46418E+03  4.83506E-02
 2.58055E+03  3.70739E-02
 2.70242E+03  3.35774E-02
 2.83004E+03  2.93169E-02
 2.96369E+03  2.27496E-02
 3.10365E+03  2.04202E-02
 3.25022E+03  1.76904E-02
 3.40371E+03  1.43129E-02
 3.56445E+03  1.11232E-02
 3.73279E+03  9.81707E-03
 3.90907E+03  8.32617E-03
 4.09367E+03  6.83798E-03
 4.28700E+03  6.24914E-03
 4.48945E+03  5.92752E-03
 4.70147E+03  4.81044E-03
 4.92350E+03  5.26239E-03
 5.15601E+03  2.87101E-03
 5.39950E+03  3.11839E-03
 5.65449E+03  2.04693E-03
 5.92153E+03  1.16865E-03
 6.20117E+03  1.23614E-03
 6.49403E+03  1.52931E-03
 6.80071E+03  7.39505E-04
 7.12187E+03  1.28941E-03
 7.45820E+03  6.42568E-04
