 7.88283E-05  0.00000E+00
 8.25510E-05  0.00000E+00
 8.64495E-05  0.00000E+00
 9.05321E-05  0.00000E+00
 9.48075E-05  0.00000E+00
 9.92848E-05  0.00000E+00
 1.03974E-04  0.00000E+00
 1.08884E-04  0.00000E+00
 1.14026E-04  0.00000E+00
 1.19411E-04  0.00000E+00
 1.25050E-04  0.00000E+00
 1.30955E-04  0.00000E+00
 1.37140E-04  0.00000E+00
 1.43616E-04  0.00000E+00
 1.50398E-04  0.00000E+00
 1.57501E-04  0.00000E+00
 1.64939E-04  0.00000E+00
 1.72728E-04  0.00000E+00
 1.80886E-04  0.00000E+00
 1.89428E-04  0.00000E+00
 1.98374E-04  0.00000E+00
 2.07742E-04  0.00000E+00
 2.17553E-04  0.00000E+00
 2.27826E-04  0.00000E+00
 2.38586E-04  0.00000E+00
 2.49853E-04  0.00000E+00
 2.61652E-04  0.00000E+00
 2.74009E-04  0.00000E+00
 2.86949E-04  0.00000E+00
 3.00500E-04  0.00000E+00
 3.14691E-04  0.00000E+00
 3.29553E-04  0.00000E+00
 3.45116E-04  0.00000E+00
 3.61414E-04  0.00000E+00
 3.78482E-04  0.00000E+00
 3.96356E-04  0.00000E+00
 4.15074E-04  0.00000E+00
 4.34676E-04  0.00000E+00
 4.55203E-04  0.00000E+00
 4.76700E-04  0.00000E+00
 4.99213E-04  0.00000E+00
 5.22788E-04  0.00000E+00
 5.47477E-04  0.00000E+00
 5.73332E-04  0.00000E+00
 6.00407E-04  0.00000E+00
 6.28762E-04  0.00000E+00
 6.58455E-04  0.00000E+00
 6.89551E-04  0.00000E+00
 7.22115E-04  0.00000E+00
 7.56217E-04  0.00000E+00
 7.91929E-04  0.00000E+00
 8.29328E-04  0.00000E+00
 8.68493E-04  0.00000E+00
 9.09508E-04  0.00000E+00
 9.52460E-04  0.00000E+00
 9.97440E-04  0.00000E+00
 1.04454E-03  0.00000E+00
 1.09387E-03  0.00000E+00
 1.14553E-03  0.00000E+00
 1.19963E-03  0.00000E+00
 1.25628E-03  0.00000E+00
 1.31561E-03  0.00000E+00
 1.37774E-03  0.00000E+00
 1.44280E-03  0.00000E+00
 1.51094E-03  0.00000E+00
 1.58230E-03  0.00000E+00
 1.65702E-03  0.00000E+00
 1.73527E-03  0.00000E+00
 1.81722E-03  0.00000E+00
 1.90304E-03  0.00000E+00
 1.99291E-03  0.00000E+00
 2.08703E-03  0.00000E+00
 2.18559E-03  0.00000E+00
 2.28880E-03  0.00000E+00
 2.39689E-03  0.00000E+00
 2.51008E-03  0.00000E+00
 2.62862E-03  0.00000E+00
 2.75276E-03  0.00000E+00
 2.88276E-03  0.00000E+00
 3.01890E-03  0.00000E+00
 3.16147E-03  0.00000E+00
 3.31077E-03  0.00000E+00
 3.46712E-03  0.00000E+00
 3.63086E-03  0.00000E+00
 3.80232E-03  0.00000E+00
 3.98189E-03  0.00000E+00
 4.16993E-03  0.00000E+00
 4.36686E-03  0.00000E+00
 4.57309E-03  0.00000E+00
 4.78905E-03  0.00000E+00
 5.01522E-03  0.00000E+00
 5.25206E-03  0.00000E+00
 5.50009E-03  0.00000E+00
 5.75983E-03  0.00000E+00
 6.03184E-03  0.00000E+00
 6.31670E-03  0.00000E+00
 6.61500E-03  0.00000E+00
 6.92740E-03  0.00000E+00
 7.25455E-03  0.00000E+00
 7.59714E-03  0.00000E+00
 7.95592E-03  0.00000E+00
 8.33164E-03  0.00000E+00
 8.72510E-03  0.00000E+00
 9.13715E-03  0.00000E+00
 9.56865E-03  0.00000E+00
 1.00205E-02  0.00000E+00
 1.04938E-02  0.00000E+00
 1.09893E-02  0.00000E+00
 1.15083E-02  0.00000E+00
 1.20518E-02  0.00000E+00
 1.26209E-02  0.00000E+00
 1.32170E-02  0.00000E+00
 1.38411E-02  0.00000E+00
 1.44948E-02  0.00000E+00
 1.51793E-02  0.00000E+00
 1.58961E-02  0.00000E+00
 1.66468E-02  0.00000E+00
 1.74330E-02  0.00000E+00
 1.82563E-02  0.00000E+00
 1.91184E-02  0.00000E+00
 2.00213E-02  0.00000E+00
 2.09668E-02  0.00000E+00
 2.19570E-02  0.00000E+00
 2.29939E-02  0.00000E+00
 2.40798E-02  0.00000E+00
 2.52169E-02  0.00000E+00
 2.64078E-02  0.00000E+00
 2.76549E-02  0.00000E+00
 2.89609E-02  0.00000E+00
 3.03286E-02  0.00000E+00
 3.17609E-02  0.00000E+00
 3.32608E-02  0.00000E+00
 3.48316E-02  0.00000E+00
 3.64765E-02  0.00000E+00
 3.81991E-02  0.00000E+00
 4.00031E-02  0.00000E+00
 4.18922E-02  0.00000E+00
 4.38706E-02  0.00000E+00
 4.59424E-02  0.00000E+00
 4.81120E-02  0.00000E+00
 5.03841E-02  0.00000E+00
 5.27635E-02  0.00000E+00
 5.52553E-02  7.24726E-12
 5.78647E-02  1.56474E-12
 6.05974E-02  1.73886E-10
 6.34591E-02  3.14073E-13
 6.64560E-02  2.63786E-12
 6.95944E-02  1.58256E-10
 7.28810E-02  3.92155E-11
 7.63228E-02  1.41100E-10
 7.99272E-02  1.77591E-10
 8.37017E-02  1.20332E-10
 8.76546E-02  1.49681E-10
 9.17941E-02  2.05293E-10
 9.61291E-02  1.56474E-10
 1.00669E-01  7.52788E-11
 1.05423E-01  1.39473E-10
 1.10401E-01  8.78007E-11
 1.15615E-01  6.93989E-11
 1.21075E-01  5.80905E-11
 1.26793E-01  4.31169E-11
 1.32781E-01  2.94984E-11
 1.39051E-01  2.30643E-11
 1.45618E-01  1.44344E-11
 1.52495E-01  7.35825E-12
 1.59697E-01  4.83556E-12
 1.67238E-01  2.71405E-12
 1.75136E-01  5.40931E-12
 1.83407E-01  8.70258E-12
 1.92068E-01  1.94939E-11
 2.01139E-01  8.57911E-12
 2.10638E-01  5.27349E-12
 2.20585E-01  1.55803E-12
 2.31002E-01  1.02683E-12
 2.41911E-01  5.56461E-13
 2.53336E-01  2.47136E-13
 2.65300E-01  8.21488E-14
 2.77828E-01  3.48459E-14
 2.90949E-01  1.64499E-14
 3.04689E-01  7.14943E-15
 3.19078E-01  3.75807E-15
 3.34146E-01  1.55286E-15
 3.49927E-01  7.53202E-16
 3.66452E-01  4.08612E-16
 3.83758E-01  2.50438E-16
 4.01881E-01  2.04861E-16
 4.20860E-01  1.13901E-16
 4.40735E-01  1.36193E-16
 4.61549E-01  1.57145E-16
 4.83345E-01  3.00514E-16
 5.06171E-01  5.73652E-16
 5.30075E-01  2.15030E-15
 5.55108E-01  1.45482E-14
 5.81323E-01  1.66650E-13
 6.08777E-01  4.49642E-12
 6.37526E-01  3.50976E-10
 6.67633E-01  8.36526E-08
 6.99163E-01  1.41279E-04
 7.32181E-01  8.42761E-04
 7.66758E-01  1.00633E-03
 8.02968E-01  1.09350E-03
 8.40889E-01  1.24565E-03
 8.80600E-01  1.25614E-03
 9.08427E-01  1.15551E-03
 9.08533E-01  1.15399E-03
 9.08639E-01  1.15359E-03
 9.08745E-01  1.15320E-03
 9.08851E-01  1.15280E-03
 9.08957E-01  1.15240E-03
 9.09064E-01  1.15201E-03
 9.09170E-01  1.15161E-03
 9.09276E-01  1.15121E-03
 9.09382E-01  1.15081E-03
 9.09489E-01  1.15042E-03
 9.09595E-01  1.15002E-03
 9.09701E-01  1.14962E-03
 9.09808E-01  1.14922E-03
 9.09914E-01  1.14883E-03
 9.10020E-01  1.14843E-03
 9.10127E-01  1.14803E-03
 9.10233E-01  1.14763E-03
 9.10340E-01  1.14723E-03
 9.10446E-01  1.14683E-03
 9.10553E-01  1.14643E-03
 9.10659E-01  1.14604E-03
 9.10766E-01  1.14564E-03
 9.10873E-01  1.14524E-03
 9.10979E-01  1.14484E-03
 9.11086E-01  1.14444E-03
 9.11192E-01  1.14404E-03
 9.11299E-01  1.14364E-03
 9.11406E-01  1.14324E-03
 9.11513E-01  1.14284E-03
 9.11619E-01  1.14244E-03
 9.11726E-01  1.14204E-03
 9.11833E-01  1.14163E-03
 9.11940E-01  1.14123E-03
 9.12047E-01  1.14083E-03
 9.12154E-01  1.14043E-03
 9.12261E-01  1.14003E-03
 9.12368E-01  1.13963E-03
 9.12475E-01  1.13923E-03
 9.12582E-01  1.13882E-03
 9.12689E-01  1.13842E-03
 9.12796E-01  1.13802E-03
 9.12903E-01  1.13762E-03
 9.13010E-01  1.13721E-03
 9.13117E-01  1.13681E-03
 9.13224E-01  1.13641E-03
 9.13331E-01  1.13602E-03
 9.13438E-01  1.13560E-03
 9.13546E-01  1.13520E-03
 9.13653E-01  1.13480E-03
 9.13760E-01  1.13439E-03
 9.13868E-01  1.13399E-03
 9.13975E-01  1.13358E-03
 9.14082E-01  1.13318E-03
 9.14190E-01  1.13278E-03
 9.14297E-01  1.13237E-03
 9.14404E-01  1.13197E-03
 9.14512E-01  1.13156E-03
 9.14619E-01  1.13116E-03
 9.14727E-01  1.13075E-03
 9.14834E-01  1.13035E-03
 9.14942E-01  1.12994E-03
 9.15050E-01  1.12954E-03
 9.15157E-01  1.12913E-03
 9.15265E-01  1.12872E-03
 9.15372E-01  1.12832E-03
 9.15480E-01  1.12791E-03
 9.15588E-01  1.12751E-03
 9.15696E-01  1.12710E-03
 9.15803E-01  1.12669E-03
 9.15911E-01  1.12629E-03
 9.16019E-01  1.12588E-03
 9.16127E-01  1.12547E-03
 9.16235E-01  1.12506E-03
 9.16342E-01  1.12466E-03
 9.16450E-01  1.12425E-03
 9.16558E-01  1.12385E-03
 9.16666E-01  1.12343E-03
 9.16774E-01  1.12302E-03
 9.16882E-01  1.12262E-03
 9.16990E-01  1.12221E-03
 9.17098E-01  1.12180E-03
 9.17206E-01  1.12139E-03
 9.17315E-01  1.12098E-03
 9.17423E-01  1.12057E-03
 9.17531E-01  1.12016E-03
 9.17639E-01  1.11975E-03
 9.17747E-01  1.11934E-03
 9.17856E-01  1.11893E-03
 9.17964E-01  1.11852E-03
 9.18072E-01  1.11811E-03
 9.18180E-01  1.11770E-03
 9.18289E-01  1.11729E-03
 9.18397E-01  1.11688E-03
 9.18506E-01  1.11647E-03
 9.18614E-01  1.11606E-03
 9.18722E-01  1.11565E-03
 9.18831E-01  1.11524E-03
 9.18939E-01  1.11483E-03
 9.19048E-01  1.11442E-03
 9.19156E-01  1.11401E-03
 9.19265E-01  1.11361E-03
 9.19374E-01  1.11318E-03
 9.19482E-01  1.11277E-03
 9.19591E-01  1.11236E-03
 9.19700E-01  1.11194E-03
 9.19808E-01  1.11196E-03
 9.19917E-01  1.11112E-03
 9.20026E-01  1.11073E-03
 9.20135E-01  1.11029E-03
 9.20243E-01  1.10988E-03
 9.20352E-01  1.10947E-03
 9.20461E-01  1.10905E-03
 9.20570E-01  1.10864E-03
 9.20679E-01  1.10823E-03
 9.20788E-01  1.10781E-03
 9.20897E-01  1.10740E-03
 9.21006E-01  1.10698E-03
 9.21115E-01  1.10657E-03
 9.21224E-01  1.10630E-03
 9.21333E-01  1.10574E-03
 9.21442E-01  1.10546E-03
 9.21551E-01  1.10491E-03
 9.21660E-01  1.10450E-03
 9.21769E-01  1.10408E-03
 9.21879E-01  1.10366E-03
 9.21988E-01  1.10325E-03
 9.22097E-01  1.10283E-03
 9.22186E-01  1.10249E-03
 9.22206E-01  1.10259E-03
 9.22316E-01  1.10316E-03
 9.22425E-01  1.10372E-03
 9.22534E-01  1.10428E-03
 9.22644E-01  1.10485E-03
 9.22753E-01  1.10542E-03
 9.22862E-01  1.10597E-03
 9.22972E-01  1.10654E-03
 9.23081E-01  1.10714E-03
 9.23191E-01  1.10767E-03
 9.23300E-01  1.10824E-03
 9.23410E-01  1.10880E-03
 9.23520E-01  1.11056E-03
 9.23629E-01  1.10993E-03
 9.23739E-01  1.11050E-03
 9.23848E-01  1.11112E-03
 9.23958E-01  1.11163E-03
 9.24068E-01  1.11219E-03
 9.24178E-01  1.11277E-03
 9.24287E-01  1.11333E-03
 9.24397E-01  1.11391E-03
 9.24507E-01  1.11446E-03
 9.24617E-01  1.11507E-03
 9.24727E-01  1.11559E-03
 9.24837E-01  1.11620E-03
 9.24946E-01  1.11673E-03
 9.25056E-01  1.11730E-03
 9.25166E-01  1.11787E-03
 9.25276E-01  1.11847E-03
 9.25386E-01  1.11988E-03
 9.25496E-01  1.12135E-03
 9.25607E-01  1.12200E-03
 9.25717E-01  1.12078E-03
 9.25827E-01  1.12142E-03
 9.25937E-01  1.12185E-03
 9.26047E-01  1.12266E-03
 9.26157E-01  1.12305E-03
 9.26268E-01  1.13099E-03
 9.26378E-01  1.12413E-03
 9.26488E-01  1.12470E-03
 9.26598E-01  1.12609E-03
 9.26709E-01  1.12893E-03
 9.26819E-01  1.12642E-03
 9.26929E-01  1.12718E-03
 9.27040E-01  1.12839E-03
 9.27150E-01  1.12812E-03
 9.27261E-01  1.12870E-03
 9.27371E-01  1.12927E-03
 9.27482E-01  1.12984E-03
 9.27592E-01  1.13122E-03
 9.27703E-01  1.13329E-03
 9.27814E-01  1.13184E-03
 9.27924E-01  1.13213E-03
 9.28035E-01  1.13270E-03
 9.28146E-01  1.13330E-03
 9.28256E-01  1.13590E-03
 9.28367E-01  1.13704E-03
 9.28478E-01  1.13633E-03
 9.28589E-01  1.13561E-03
 9.28699E-01  1.14154E-03
 9.28810E-01  1.13907E-03
 9.28921E-01  1.13791E-03
 9.29032E-01  1.14206E-03
 9.29143E-01  1.13844E-03
 9.29254E-01  1.13908E-03
 9.29365E-01  1.13974E-03
 9.29476E-01  1.14018E-03
 9.29587E-01  1.14392E-03
 9.29698E-01  1.14159E-03
 9.29809E-01  1.14296E-03
 9.29920E-01  1.14457E-03
 9.30031E-01  1.14333E-03
 9.30142E-01  1.14369E-03
 9.30254E-01  1.15876E-03
 9.30365E-01  1.14625E-03
 9.30476E-01  1.15048E-03
 9.30587E-01  1.14607E-03
 9.30699E-01  1.16094E-03
 9.30810E-01  1.14752E-03
 9.30921E-01  1.16840E-03
 9.31033E-01  1.15199E-03
 9.31144E-01  1.15906E-03
 9.31255E-01  1.15919E-03
 9.31367E-01  1.15074E-03
 9.31478E-01  1.16521E-03
 9.31590E-01  1.15325E-03
 9.31701E-01  1.15477E-03
 9.31813E-01  1.18384E-03
 9.31925E-01  1.17164E-03
 9.32036E-01  1.17829E-03
 9.32148E-01  1.17888E-03
 9.32259E-01  1.17747E-03
 9.32371E-01  1.17156E-03
 9.32483E-01  1.18821E-03
 9.32595E-01  1.21275E-03
 9.32706E-01  1.28418E-03
 9.32818E-01  1.25425E-03
 9.32930E-01  1.26076E-03
 9.33042E-01  1.22297E-03
 9.33154E-01  1.28999E-03
 9.33266E-01  1.41116E-03
 9.33378E-01  1.24400E-03
 9.33490E-01  1.41945E-03
 9.33602E-01  1.43984E-03
 9.33714E-01  1.59765E-03
 9.33826E-01  1.91413E-03
 9.33938E-01  1.98092E-03
 9.34050E-01  2.18992E-03
 9.34162E-01  2.79113E-03
 9.34274E-01  3.58184E-03
 9.34386E-01  3.76376E-03
 9.34498E-01  5.66752E-03
 9.34611E-01  7.14069E-03
 9.34723E-01  7.53405E-03
 9.34835E-01  9.23593E-03
 9.34947E-01  1.09704E-02
 9.35060E-01  1.36808E-02
 9.35172E-01  1.44416E-02
 9.35285E-01  1.64484E-02
 9.35397E-01  1.94579E-02
 9.35509E-01  2.09679E-02
 9.35622E-01  2.35114E-02
 9.35734E-01  2.41020E-02
 9.35847E-01  2.52402E-02
 9.35959E-01  2.48318E-02
 9.36072E-01  2.51139E-02
 9.36185E-01  2.48114E-02
 9.36297E-01  2.38178E-02
 9.36410E-01  2.31818E-02
 9.36523E-01  2.50437E-02
 9.36635E-01  2.19231E-02
 9.36748E-01  2.25441E-02
 9.36861E-01  2.18541E-02
 9.36974E-01  2.03149E-02
 9.37087E-01  1.92079E-02
 9.37199E-01  1.89051E-02
 9.37312E-01  1.87825E-02
 9.37425E-01  1.90405E-02
 9.37538E-01  1.77384E-02
 9.37651E-01  1.65080E-02
 9.37764E-01  1.70990E-02
 9.37877E-01  1.59180E-02
 9.37990E-01  1.52366E-02
 9.38103E-01  1.49873E-02
 9.38216E-01  1.40561E-02
 9.38329E-01  1.38191E-02
 9.38443E-01  1.29856E-02
 9.38556E-01  1.25499E-02
 9.38669E-01  1.29384E-02
 9.38782E-01  1.19339E-02
 9.38895E-01  1.14188E-02
 9.39009E-01  1.11490E-02
 9.39122E-01  9.97267E-03
 9.39235E-01  1.00399E-02
 9.39349E-01  9.13211E-03
 9.39462E-01  8.85896E-03
 9.39576E-01  9.38331E-03
 9.39689E-01  8.53770E-03
 9.39802E-01  7.81972E-03
 9.39916E-01  7.16752E-03
 9.40030E-01  6.71804E-03
 9.40143E-01  7.01830E-03
 9.40257E-01  6.24948E-03
 9.40370E-01  5.58625E-03
 9.40484E-01  5.51633E-03
 9.40598E-01  5.42827E-03
 9.40711E-01  4.88255E-03
 9.40825E-01  4.66744E-03
 9.40939E-01  4.46869E-03
 9.41053E-01  4.06166E-03
 9.41166E-01  4.02301E-03
 9.41280E-01  3.82363E-03
 9.41394E-01  3.45430E-03
 9.41508E-01  3.09014E-03
 9.41622E-01  3.17920E-03
 9.41736E-01  3.07311E-03
 9.41850E-01  2.94018E-03
 9.41964E-01  2.73357E-03
 9.42078E-01  2.45821E-03
 9.42192E-01  2.50901E-03
 9.42306E-01  2.26243E-03
 9.42420E-01  1.96181E-03
 9.42534E-01  2.16676E-03
 9.42648E-01  2.04386E-03
 9.42763E-01  1.90540E-03
 9.42877E-01  1.79484E-03
 9.42991E-01  1.71068E-03
 9.43105E-01  1.71166E-03
 9.43220E-01  1.58810E-03
 9.43334E-01  1.61682E-03
 9.43448E-01  1.60627E-03
 9.43563E-01  1.50596E-03
 9.43677E-01  1.44183E-03
 9.43792E-01  1.36800E-03
 9.43906E-01  1.41168E-03
 9.44021E-01  1.42159E-03
 9.44135E-01  1.35782E-03
 9.44250E-01  1.36710E-03
 9.44364E-01  1.38044E-03
 9.44479E-01  1.30238E-03
 9.44594E-01  1.30071E-03
 9.44708E-01  1.29721E-03
 9.44823E-01  1.29081E-03
 9.44938E-01  1.30318E-03
 9.45052E-01  1.28537E-03
 9.45167E-01  1.29647E-03
 9.45282E-01  1.27745E-03
 9.45397E-01  1.26797E-03
 9.45512E-01  1.24682E-03
 9.45627E-01  1.25458E-03
 9.45741E-01  1.24737E-03
 9.45856E-01  1.25146E-03
 9.45971E-01  1.25227E-03
 9.46086E-01  1.23720E-03
 9.46201E-01  1.25666E-03
 9.46316E-01  1.24275E-03
 9.46432E-01  1.23183E-03
 9.46547E-01  1.25315E-03
 9.46662E-01  1.23108E-03
 9.46777E-01  1.23404E-03
 9.46892E-01  1.23180E-03
 9.47007E-01  1.23260E-03
 9.47123E-01  1.23331E-03
 9.47238E-01  1.25261E-03
 9.47353E-01  1.23364E-03
 9.47469E-01  1.23437E-03
 9.47584E-01  1.25087E-03
 9.47699E-01  1.23592E-03
 9.47815E-01  1.23627E-03
 9.47930E-01  1.23778E-03
 9.48046E-01  1.23828E-03
 9.48161E-01  1.24020E-03
 9.48277E-01  1.23846E-03
 9.48392E-01  1.23907E-03
 9.48508E-01  1.23963E-03
 9.48624E-01  1.24092E-03
 9.48739E-01  1.24083E-03
 9.48855E-01  1.24147E-03
 9.48971E-01  1.24205E-03
 9.49086E-01  1.24267E-03
 9.49202E-01  1.24328E-03
 9.49318E-01  1.24465E-03
 9.49434E-01  1.24449E-03
 9.49549E-01  1.24510E-03
 9.49665E-01  1.24571E-03
 9.49781E-01  1.24632E-03
 9.49897E-01  1.24693E-03
 9.50013E-01  1.24753E-03
 9.50129E-01  1.24815E-03
 9.50245E-01  1.24927E-03
 9.50361E-01  1.24937E-03
 9.50477E-01  1.25033E-03
 9.50593E-01  1.25059E-03
 9.50710E-01  1.25121E-03
 9.50826E-01  1.25182E-03
 9.50942E-01  1.25244E-03
 9.51058E-01  1.25333E-03
 9.51174E-01  1.25367E-03
 9.51291E-01  1.25429E-03
 9.51407E-01  1.25501E-03
 9.51523E-01  1.25563E-03
 9.51640E-01  1.25611E-03
 9.51756E-01  1.25673E-03
 9.51872E-01  1.25734E-03
 9.51989E-01  1.25796E-03
 9.52105E-01  1.25857E-03
 9.52222E-01  1.25919E-03
 9.52338E-01  1.25996E-03
 9.52455E-01  1.26042E-03
 9.52571E-01  1.26103E-03
 9.52688E-01  1.26165E-03
 9.52805E-01  1.26226E-03
 9.52921E-01  1.26288E-03
 9.53038E-01  1.26385E-03
 9.53155E-01  1.26411E-03
 9.53272E-01  1.26473E-03
 9.53388E-01  1.26535E-03
 9.53505E-01  1.26597E-03
 9.53622E-01  1.26658E-03
 9.53739E-01  1.26720E-03
 9.53856E-01  1.26782E-03
 9.53973E-01  1.26844E-03
 9.54090E-01  1.26906E-03
 9.54207E-01  1.26967E-03
 9.54324E-01  1.27029E-03
 9.54441E-01  1.27091E-03
 9.54558E-01  1.27153E-03
 9.54675E-01  1.27215E-03
 9.54792E-01  1.27277E-03
 9.54909E-01  1.27339E-03
 9.55026E-01  1.27401E-03
 9.55144E-01  1.27463E-03
 9.55261E-01  1.27525E-03
 9.55378E-01  1.27587E-03
 9.55495E-01  1.27649E-03
 9.55613E-01  1.27711E-03
 9.55730E-01  1.27774E-03
 9.55847E-01  1.27836E-03
 9.55965E-01  1.27898E-03
 9.56082E-01  1.27960E-03
 9.56200E-01  1.28022E-03
 9.56317E-01  1.28085E-03
 9.56435E-01  1.28147E-03
 9.56552E-01  1.28209E-03
 9.56670E-01  1.28271E-03
 9.56788E-01  1.28334E-03
 9.56905E-01  1.28396E-03
 9.57023E-01  1.28458E-03
 9.57141E-01  1.28521E-03
 9.57258E-01  1.28583E-03
 9.57376E-01  1.28646E-03
 9.57494E-01  1.28708E-03
 9.57612E-01  1.28771E-03
 9.57730E-01  1.28833E-03
 9.57847E-01  1.28896E-03
 9.57965E-01  1.28958E-03
 9.58083E-01  1.29021E-03
 9.58201E-01  1.29083E-03
 9.58319E-01  1.29146E-03
 9.58437E-01  1.29209E-03
 9.58555E-01  1.29271E-03
 9.58673E-01  1.29334E-03
 9.58792E-01  1.29397E-03
 9.58910E-01  1.29459E-03
 9.59028E-01  1.29522E-03
 9.59146E-01  1.29585E-03
 9.59264E-01  1.29647E-03
 9.59383E-01  1.29710E-03
 9.59501E-01  1.29773E-03
 9.59619E-01  1.29836E-03
 9.59737E-01  1.29899E-03
 9.59856E-01  1.29962E-03
 9.59974E-01  1.30025E-03
 9.60093E-01  1.30087E-03
 9.60211E-01  1.30150E-03
 9.60330E-01  1.30213E-03
 9.60448E-01  1.30276E-03
 9.60567E-01  1.30339E-03
 9.60685E-01  1.30402E-03
 9.60804E-01  1.30465E-03
 9.60923E-01  1.30528E-03
 9.61041E-01  1.30592E-03
 9.61160E-01  1.30655E-03
 9.61279E-01  1.30718E-03
 9.61397E-01  1.30781E-03
 9.61516E-01  1.30844E-03
 9.61635E-01  1.30907E-03
 9.61754E-01  1.30971E-03
 9.61873E-01  1.31034E-03
 9.61992E-01  1.31097E-03
 9.62110E-01  1.31160E-03
 9.62229E-01  1.31224E-03
 9.62348E-01  1.31287E-03
 9.62467E-01  1.31350E-03
 9.62587E-01  1.31414E-03
 9.62706E-01  1.31477E-03
 9.62825E-01  1.31540E-03
 9.62944E-01  1.31604E-03
 9.63063E-01  1.31667E-03
 9.63182E-01  1.31731E-03
 9.63301E-01  1.31794E-03
 9.63421E-01  1.31858E-03
 9.63540E-01  1.31921E-03
 9.63659E-01  1.31985E-03
 9.63779E-01  1.32048E-03
 9.63898E-01  1.32112E-03
 9.64017E-01  1.32176E-03
 9.64137E-01  1.32239E-03
 9.64256E-01  1.32303E-03
 9.64376E-01  1.32367E-03
 9.64495E-01  1.32430E-03
 9.64615E-01  1.32494E-03
 9.65737E-01  1.33093E-03
 1.01134E+00  1.46155E-03
 1.05910E+00  1.53835E-03
 1.10912E+00  1.61116E-03
 1.16150E+00  1.61430E-03
 1.21635E+00  1.57072E-03
 1.27379E+00  1.57287E-03
 1.33395E+00  1.49548E-03
 1.39695E+00  1.41331E-03
 1.46292E+00  1.28022E-03
 1.53200E+00  1.17884E-03
 1.60435E+00  1.09019E-03
 1.68012E+00  1.02634E-03
 1.75946E+00  9.64730E-04
 1.84255E+00  9.54912E-04
 1.92957E+00  9.82200E-04
 2.02069E+00  1.01151E-03
 2.11612E+00  1.03511E-03
 2.21605E+00  1.04964E-03
 2.32071E+00  1.06786E-03
 2.43030E+00  1.09327E-03
 2.54507E+00  1.12415E-03
 2.66527E+00  1.14905E-03
 2.79113E+00  1.19137E-03
 2.92295E+00  1.68729E-03
 3.06098E+00  2.01687E-03
 3.20554E+00  2.14286E-03
 3.35692E+00  2.14831E-03
 3.51545E+00  2.28413E-03
 3.68147E+00  2.23652E-03
 3.85533E+00  2.32074E-03
 4.03739E+00  2.32622E-03
 4.22806E+00  2.35473E-03
 4.42773E+00  2.37962E-03
 4.63683E+00  2.40410E-03
 4.85581E+00  2.40738E-03
 5.08512E+00  2.38226E-03
 5.32527E+00  2.45601E-03
 5.57676E+00  2.47344E-03
 5.84012E+00  2.50898E-03
 6.11592E+00  2.50101E-03
 6.40475E+00  2.54555E-03
 6.70721E+00  2.63333E-03
 7.02396E+00  2.75208E-03
 7.35567E+00  2.80414E-03
 7.70304E+00  2.81172E-03
 8.06682E+00  2.83938E-03
 8.44778E+00  2.77670E-03
 8.84673E+00  2.83080E-03
 9.26451E+00  2.85251E-03
 9.70203E+00  2.82080E-03
 1.01602E+01  2.83953E-03
 1.06400E+01  2.83579E-03
 1.11425E+01  2.88095E-03
 1.16687E+01  2.92805E-03
 1.22198E+01  2.93191E-03
 1.27969E+01  3.01207E-03
 1.34012E+01  2.81962E-03
 1.40341E+01  2.74080E-03
 1.46968E+01  2.61154E-03
 1.53909E+01  2.49942E-03
 1.61177E+01  2.43684E-03
 1.68789E+01  2.24771E-03
 1.76760E+01  2.11845E-03
 1.85107E+01  1.79636E-03
 1.93849E+01  1.75250E-03
 2.03004E+01  1.73053E-03
 2.12591E+01  1.69573E-03
 2.22630E+01  1.60998E-03
 2.33144E+01  1.51796E-03
 2.44154E+01  1.37191E-03
 2.55685E+01  1.33536E-03
 2.67759E+01  1.23895E-03
 2.80404E+01  1.17479E-03
 2.93646E+01  1.16473E-03
 3.07514E+01  1.10706E-03
 3.22036E+01  1.14208E-03
 3.37245E+01  1.07504E-03
 3.53171E+01  1.17895E-03
 3.69850E+01  1.39520E-03
 3.87316E+01  1.81955E-03
 4.05607E+01  2.31354E-03
 4.24762E+01  3.10980E-03
 4.44821E+01  4.04694E-03
 4.65828E+01  5.35362E-03
 4.87827E+01  7.04164E-03
 5.10864E+01  9.09495E-03
 5.34990E+01  1.18741E-02
 5.60255E+01  1.52001E-02
 5.86713E+01  1.92374E-02
 6.14421E+01  2.49685E-02
 6.43437E+01  3.24405E-02
 6.73823E+01  4.15054E-02
 7.05645E+01  5.33486E-02
 7.38969E+01  6.52743E-02
 7.73867E+01  7.69380E-02
 8.10413E+01  8.77601E-02
 8.48685E+01  9.98456E-02
 8.88764E+01  1.11660E-01
 9.30736E+01  1.24344E-01
 9.74691E+01  1.37549E-01
 1.02072E+02  1.53229E-01
 1.06892E+02  1.71598E-01
 1.11940E+02  1.96424E-01
 1.17227E+02  2.26710E-01
 1.22763E+02  2.63423E-01
 1.28560E+02  3.05883E-01
 1.34632E+02  3.54300E-01
 1.40990E+02  4.06220E-01
 1.47648E+02  4.62441E-01
 1.54621E+02  5.21051E-01
 1.61923E+02  5.90319E-01
 1.69569E+02  6.65974E-01
 1.77577E+02  7.56016E-01
 1.85964E+02  8.54072E-01
 1.94746E+02  9.64347E-01
 2.03943E+02  1.09134E+00
 2.13574E+02  1.22828E+00
 2.23660E+02  1.36845E+00
 2.34222E+02  1.51676E+00
 2.45284E+02  1.67229E+00
 2.56867E+02  1.82558E+00
 2.68998E+02  1.98031E+00
 2.81701E+02  2.12682E+00
 2.95005E+02  2.25884E+00
 3.08936E+02  2.37693E+00
 3.23526E+02  2.48739E+00
 3.38804E+02  2.56781E+00
 3.54804E+02  2.64345E+00
 3.71560E+02  2.69135E+00
 3.89107E+02  2.72699E+00
 4.07483E+02  2.73482E+00
 4.26726E+02  2.74704E+00
 4.46878E+02  2.72420E+00
 4.67982E+02  2.69140E+00
 4.90083E+02  2.62846E+00
 5.13227E+02  2.57083E+00
 5.37464E+02  2.48650E+00
 5.62846E+02  2.40561E+00
 5.89427E+02  2.30640E+00
 6.17263E+02  2.20321E+00
 6.46413E+02  2.09034E+00
 6.76940E+02  1.97064E+00
 7.08909E+02  1.86249E+00
 7.42387E+02  1.72458E+00
 7.77446E+02  1.61842E+00
 8.14161E+02  1.48831E+00
 8.52610E+02  1.36873E+00
 8.92875E+02  1.25102E+00
 9.35041E+02  1.15404E+00
 9.79199E+02  1.04446E+00
 1.02544E+03  9.46611E-01
 1.07387E+03  8.57744E-01
 1.12458E+03  7.75181E-01
 1.17769E+03  6.83873E-01
 1.23331E+03  6.14536E-01
 1.29155E+03  5.39344E-01
 1.35254E+03  4.66680E-01
 1.41642E+03  4.09692E-01
 1.48331E+03  3.63866E-01
 1.55336E+03  3.15523E-01
 1.62672E+03  2.76171E-01
 1.70354E+03  2.37448E-01
 1.78399E+03  2.11183E-01
 1.86824E+03  1.76691E-01
 1.95646E+03  1.48943E-01
 2.04886E+03  1.29376E-01
 2.14562E+03  1.12597E-01
 2.24694E+03  9.34570E-02
 2.35306E+03  8.12878E-02
 2.46418E+03  6.69206E-02
 2.58055E+03  5.99714E-02
 2.70242E+03  5.15330E-02
 2.83004E+03  4.44126E-02
 2.96369E+03  3.58128E-02
 3.10365E+03  2.91695E-02
 3.25022E+03  2.61847E-02
 3.40371E+03  2.11312E-02
 3.56445E+03  1.71330E-02
 3.73279E+03  1.55394E-02
 3.90907E+03  1.29811E-02
 4.09367E+03  9.63587E-03
 4.28700E+03  7.30260E-03
 4.48945E+03  7.66422E-03
 4.70147E+03  5.31288E-03
 4.92350E+03  4.79740E-03
 5.15601E+03  4.16617E-03
 5.39950E+03  3.71447E-03
 5.65449E+03  3.80725E-03
 5.92153E+03  1.56675E-03
 6.20117E+03  2.83349E-03
 6.49403E+03  1.24984E-03
 6.80071E+03  1.30877E-03
 7.12187E+03  1.19911E-03
 7.45820E+03  1.43024E-03
