 7.88283E-05  0.00000E+00
 8.25510E-05  0.00000E+00
 8.64495E-05  0.00000E+00
 9.05321E-05  0.00000E+00
 9.48075E-05  0.00000E+00
 9.92848E-05  0.00000E+00
 1.03974E-04  0.00000E+00
 1.08884E-04  0.00000E+00
 1.14026E-04  0.00000E+00
 1.19411E-04  0.00000E+00
 1.25050E-04  0.00000E+00
 1.30955E-04  0.00000E+00
 1.37140E-04  0.00000E+00
 1.43616E-04  0.00000E+00
 1.50398E-04  0.00000E+00
 1.57501E-04  0.00000E+00
 1.64939E-04  0.00000E+00
 1.72728E-04  0.00000E+00
 1.80886E-04  0.00000E+00
 1.89428E-04  0.00000E+00
 1.98374E-04  0.00000E+00
 2.07742E-04  0.00000E+00
 2.17553E-04  0.00000E+00
 2.27826E-04  0.00000E+00
 2.38586E-04  0.00000E+00
 2.49853E-04  0.00000E+00
 2.61652E-04  0.00000E+00
 2.74009E-04  0.00000E+00
 2.86949E-04  0.00000E+00
 3.00500E-04  0.00000E+00
 3.14691E-04  0.00000E+00
 3.29553E-04  0.00000E+00
 3.45116E-04  0.00000E+00
 3.61414E-04  0.00000E+00
 3.78482E-04  0.00000E+00
 3.96356E-04  0.00000E+00
 4.15074E-04  0.00000E+00
 4.34676E-04  0.00000E+00
 4.55203E-04  0.00000E+00
 4.76700E-04  0.00000E+00
 4.99213E-04  0.00000E+00
 5.22788E-04  0.00000E+00
 5.47477E-04  0.00000E+00
 5.73332E-04  0.00000E+00
 6.00407E-04  0.00000E+00
 6.28762E-04  0.00000E+00
 6.58455E-04  0.00000E+00
 6.89551E-04  0.00000E+00
 7.22115E-04  0.00000E+00
 7.56217E-04  0.00000E+00
 7.91929E-04  0.00000E+00
 8.29328E-04  0.00000E+00
 8.68493E-04  0.00000E+00
 9.09508E-04  0.00000E+00
 9.52460E-04  0.00000E+00
 9.97440E-04  0.00000E+00
 1.04454E-03  0.00000E+00
 1.09387E-03  0.00000E+00
 1.14553E-03  0.00000E+00
 1.19963E-03  0.00000E+00
 1.25628E-03  0.00000E+00
 1.31561E-03  0.00000E+00
 1.37774E-03  0.00000E+00
 1.44280E-03  0.00000E+00
 1.51094E-03  0.00000E+00
 1.58230E-03  0.00000E+00
 1.65702E-03  0.00000E+00
 1.73527E-03  0.00000E+00
 1.81722E-03  0.00000E+00
 1.90304E-03  0.00000E+00
 1.99291E-03  0.00000E+00
 2.08703E-03  0.00000E+00
 2.18559E-03  0.00000E+00
 2.28880E-03  0.00000E+00
 2.39689E-03  0.00000E+00
 2.51008E-03  0.00000E+00
 2.62862E-03  0.00000E+00
 2.75276E-03  0.00000E+00
 2.88276E-03  0.00000E+00
 3.01890E-03  0.00000E+00
 3.16147E-03  0.00000E+00
 3.31077E-03  0.00000E+00
 3.46712E-03  0.00000E+00
 3.63086E-03  0.00000E+00
 3.80232E-03  0.00000E+00
 3.98189E-03  0.00000E+00
 4.16993E-03  0.00000E+00
 4.36686E-03  0.00000E+00
 4.57309E-03  0.00000E+00
 4.78905E-03  0.00000E+00
 5.01522E-03  0.00000E+00
 5.25206E-03  0.00000E+00
 5.50009E-03  0.00000E+00
 5.75983E-03  0.00000E+00
 6.03184E-03  0.00000E+00
 6.31670E-03  0.00000E+00
 6.61500E-03  0.00000E+00
 6.92740E-03  0.00000E+00
 7.25455E-03  0.00000E+00
 7.59714E-03  0.00000E+00
 7.95592E-03  0.00000E+00
 8.33164E-03  0.00000E+00
 8.72510E-03  0.00000E+00
 9.13715E-03  0.00000E+00
 9.56865E-03  0.00000E+00
 1.00205E-02  0.00000E+00
 1.04938E-02  0.00000E+00
 1.09893E-02  0.00000E+00
 1.15083E-02  0.00000E+00
 1.20518E-02  0.00000E+00
 1.26209E-02  0.00000E+00
 1.32170E-02  0.00000E+00
 1.38411E-02  0.00000E+00
 1.44948E-02  0.00000E+00
 1.51793E-02  0.00000E+00
 1.58961E-02  0.00000E+00
 1.66468E-02  0.00000E+00
 1.74330E-02  0.00000E+00
 1.82563E-02  0.00000E+00
 1.91184E-02  0.00000E+00
 2.00213E-02  0.00000E+00
 2.09668E-02  0.00000E+00
 2.19570E-02  0.00000E+00
 2.29939E-02  0.00000E+00
 2.40798E-02  0.00000E+00
 2.52169E-02  0.00000E+00
 2.64078E-02  0.00000E+00
 2.76549E-02  0.00000E+00
 2.89609E-02  0.00000E+00
 3.03286E-02  0.00000E+00
 3.17609E-02  0.00000E+00
 3.32608E-02  0.00000E+00
 3.48316E-02  0.00000E+00
 3.64765E-02  0.00000E+00
 3.81991E-02  0.00000E+00
 4.00031E-02  0.00000E+00
 4.18922E-02  0.00000E+00
 4.38706E-02  0.00000E+00
 4.59424E-02  0.00000E+00
 4.81120E-02  0.00000E+00
 5.03841E-02  0.00000E+00
 5.27635E-02  3.72520E-14
 5.52553E-02  1.18623E-12
 5.78647E-02  4.40801E-11
 6.05974E-02  7.12627E-11
 6.34591E-02  7.00920E-11
 6.64560E-02  3.96688E-12
 6.95944E-02  0.00000E+00
 7.28810E-02  6.13114E-11
 7.63228E-02  1.09712E-11
 7.99272E-02  1.41740E-11
 8.37017E-02  4.06450E-11
 8.76546E-02  6.70047E-11
 9.17941E-02  3.19956E-11
 9.61291E-02  3.39355E-11
 1.00669E-01  5.16497E-11
 1.05423E-01  2.49551E-11
 1.10401E-01  4.26179E-11
 1.15615E-01  1.87708E-11
 1.21075E-01  2.24385E-11
 1.26793E-01  1.24442E-11
 1.32781E-01  1.07622E-11
 1.39051E-01  6.17861E-12
 1.45618E-01  5.58094E-12
 1.52495E-01  4.17037E-12
 1.59697E-01  1.77720E-12
 1.67238E-01  1.25748E-12
 1.75136E-01  2.78696E-12
 1.83407E-01  4.29105E-12
 1.92068E-01  1.07427E-11
 2.01139E-01  4.95233E-12
 2.10638E-01  2.86001E-12
 2.20585E-01  8.68228E-13
 2.31002E-01  5.58046E-13
 2.41911E-01  3.19215E-13
 2.53336E-01  1.40179E-13
 2.65300E-01  4.60835E-14
 2.77828E-01  1.97717E-14
 2.90949E-01  9.15238E-15
 3.04689E-01  4.18549E-15
 3.19078E-01  2.24109E-15
 3.34146E-01  9.21160E-16
 3.49927E-01  4.35361E-16
 3.66452E-01  2.37853E-16
 3.83758E-01  1.45131E-16
 4.01881E-01  1.17586E-16
 4.20860E-01  6.49569E-17
 4.40735E-01  7.86366E-17
 4.61549E-01  8.85615E-17
 4.83345E-01  1.71367E-16
 5.06171E-01  3.22642E-16
 5.30075E-01  1.20993E-15
 5.55108E-01  8.23326E-15
 5.81323E-01  9.53787E-14
 6.08777E-01  2.54469E-12
 6.37526E-01  2.01762E-10
 6.67633E-01  4.80481E-08
 6.99163E-01  8.03700E-05
 7.32181E-01  4.89584E-04
 7.66758E-01  5.93310E-04
 8.02968E-01  6.54490E-04
 8.40889E-01  7.44175E-04
 8.80600E-01  7.53099E-04
 9.08427E-01  6.85743E-04
 9.08533E-01  6.85481E-04
 9.08639E-01  6.85219E-04
 9.08745E-01  6.84957E-04
 9.08851E-01  6.84694E-04
 9.08957E-01  6.84432E-04
 9.09064E-01  6.84169E-04
 9.09170E-01  6.83907E-04
 9.09276E-01  6.83644E-04
 9.09382E-01  6.83381E-04
 9.09489E-01  6.83118E-04
 9.09595E-01  6.82855E-04
 9.09701E-01  6.82592E-04
 9.09808E-01  6.82329E-04
 9.09914E-01  6.82065E-04
 9.10020E-01  6.81802E-04
 9.10127E-01  6.81538E-04
 9.10233E-01  6.81275E-04
 9.10340E-01  6.81011E-04
 9.10446E-01  6.80747E-04
 9.10553E-01  6.80485E-04
 9.10659E-01  6.80219E-04
 9.10766E-01  6.79955E-04
 9.10873E-01  6.79691E-04
 9.10979E-01  6.79426E-04
 9.11086E-01  6.79162E-04
 9.11192E-01  6.78897E-04
 9.11299E-01  6.78633E-04
 9.11406E-01  6.78368E-04
 9.11513E-01  6.78103E-04
 9.11619E-01  6.77838E-04
 9.11726E-01  6.77573E-04
 9.11833E-01  6.77308E-04
 9.11940E-01  6.77043E-04
 9.12047E-01  6.77025E-04
 9.12154E-01  6.76512E-04
 9.12261E-01  6.76246E-04
 9.12368E-01  6.75981E-04
 9.12475E-01  6.75715E-04
 9.12582E-01  6.75449E-04
 9.12689E-01  6.75183E-04
 9.12796E-01  6.74917E-04
 9.12903E-01  6.74651E-04
 9.13010E-01  6.74384E-04
 9.13117E-01  6.74118E-04
 9.13224E-01  6.73851E-04
 9.13331E-01  6.73585E-04
 9.13438E-01  6.73318E-04
 9.13546E-01  6.73051E-04
 9.13653E-01  6.72784E-04
 9.13760E-01  6.72517E-04
 9.13868E-01  6.72250E-04
 9.13975E-01  6.71983E-04
 9.14082E-01  6.71716E-04
 9.14190E-01  6.71448E-04
 9.14297E-01  6.71181E-04
 9.14404E-01  6.70913E-04
 9.14512E-01  6.70645E-04
 9.14619E-01  6.70377E-04
 9.14727E-01  6.70109E-04
 9.14834E-01  6.69841E-04
 9.14942E-01  6.69574E-04
 9.15050E-01  6.69305E-04
 9.15157E-01  6.69036E-04
 9.15265E-01  6.68768E-04
 9.15372E-01  6.68499E-04
 9.15480E-01  6.68231E-04
 9.15588E-01  6.67962E-04
 9.15696E-01  6.67693E-04
 9.15803E-01  6.67424E-04
 9.15911E-01  6.67155E-04
 9.16019E-01  6.66886E-04
 9.16127E-01  6.66616E-04
 9.16235E-01  6.66347E-04
 9.16342E-01  6.66077E-04
 9.16450E-01  6.65808E-04
 9.16558E-01  6.65538E-04
 9.16666E-01  6.65268E-04
 9.16774E-01  6.64998E-04
 9.16882E-01  6.64728E-04
 9.16990E-01  6.64461E-04
 9.17098E-01  6.64188E-04
 9.17206E-01  6.63918E-04
 9.17315E-01  6.63647E-04
 9.17423E-01  6.63378E-04
 9.17531E-01  6.63106E-04
 9.17639E-01  6.62835E-04
 9.17747E-01  6.62564E-04
 9.17856E-01  6.62293E-04
 9.17964E-01  6.62022E-04
 9.18072E-01  6.61751E-04
 9.18180E-01  6.61480E-04
 9.18289E-01  6.61208E-04
 9.18397E-01  6.60977E-04
 9.18506E-01  6.60665E-04
 9.18614E-01  6.60411E-04
 9.18722E-01  6.60122E-04
 9.18831E-01  6.59859E-04
 9.18939E-01  6.59578E-04
 9.19048E-01  6.59305E-04
 9.19156E-01  6.59035E-04
 9.19265E-01  6.58768E-04
 9.19374E-01  6.58679E-04
 9.19482E-01  6.58217E-04
 9.19591E-01  6.57943E-04
 9.19700E-01  6.57717E-04
 9.19808E-01  6.61470E-04
 9.19917E-01  6.57166E-04
 9.20026E-01  6.56871E-04
 9.20135E-01  6.56578E-04
 9.20243E-01  6.56308E-04
 9.20352E-01  6.56031E-04
 9.20461E-01  6.55785E-04
 9.20570E-01  6.55484E-04
 9.20679E-01  6.55211E-04
 9.20788E-01  6.55040E-04
 9.20897E-01  6.56219E-04
 9.21006E-01  6.54836E-04
 9.21115E-01  6.54361E-04
 9.21224E-01  6.53917E-04
 9.21333E-01  6.53577E-04
 9.21442E-01  6.53293E-04
 9.21551E-01  6.53061E-04
 9.21660E-01  6.52743E-04
 9.21769E-01  6.52468E-04
 9.21879E-01  6.52933E-04
 9.21988E-01  6.51919E-04
 9.22097E-01  6.56857E-04
 9.22186E-01  6.52782E-04
 9.22206E-01  6.51985E-04
 9.22316E-01  6.51915E-04
 9.22425E-01  6.52192E-04
 9.22534E-01  6.52651E-04
 9.22644E-01  6.56095E-04
 9.22753E-01  6.53296E-04
 9.22862E-01  6.54019E-04
 9.22972E-01  6.53980E-04
 9.23081E-01  6.54324E-04
 9.23191E-01  6.54732E-04
 9.23300E-01  6.56049E-04
 9.23410E-01  6.55395E-04
 9.23520E-01  6.56097E-04
 9.23629E-01  6.56158E-04
 9.23739E-01  6.56472E-04
 9.23848E-01  6.56875E-04
 9.23958E-01  6.57226E-04
 9.24068E-01  6.58049E-04
 9.24178E-01  6.57895E-04
 9.24287E-01  6.62950E-04
 9.24397E-01  6.61091E-04
 9.24507E-01  6.59544E-04
 9.24617E-01  6.59701E-04
 9.24727E-01  6.59738E-04
 9.24837E-01  6.60113E-04
 9.24946E-01  6.60662E-04
 9.25056E-01  6.60869E-04
 9.25166E-01  6.61787E-04
 9.25276E-01  6.61873E-04
 9.25386E-01  6.61816E-04
 9.25496E-01  6.68379E-04
 9.25607E-01  6.69732E-04
 9.25717E-01  6.62892E-04
 9.25827E-01  6.63629E-04
 9.25937E-01  6.67454E-04
 9.26047E-01  6.64100E-04
 9.26157E-01  6.73739E-04
 9.26268E-01  6.64713E-04
 9.26378E-01  6.68409E-04
 9.26488E-01  6.67157E-04
 9.26598E-01  6.66938E-04
 9.26709E-01  6.66157E-04
 9.26819E-01  6.75245E-04
 9.26929E-01  6.66860E-04
 9.27040E-01  6.72186E-04
 9.27150E-01  6.68074E-04
 9.27261E-01  6.69901E-04
 9.27371E-01  6.92177E-04
 9.27482E-01  6.73496E-04
 9.27592E-01  6.70144E-04
 9.27703E-01  6.70610E-04
 9.27814E-01  6.70683E-04
 9.27924E-01  6.89170E-04
 9.28035E-01  6.70776E-04
 9.28146E-01  7.01741E-04
 9.28256E-01  6.78497E-04
 9.28367E-01  6.76915E-04
 9.28478E-01  6.74666E-04
 9.28589E-01  6.88880E-04
 9.28699E-01  6.77004E-04
 9.28810E-01  6.76717E-04
 9.28921E-01  6.76009E-04
 9.29032E-01  7.03630E-04
 9.29143E-01  6.79166E-04
 9.29254E-01  6.84013E-04
 9.29365E-01  6.76056E-04
 9.29476E-01  6.81688E-04
 9.29587E-01  6.83765E-04
 9.29698E-01  6.84570E-04
 9.29809E-01  6.95135E-04
 9.29920E-01  6.80190E-04
 9.30031E-01  6.90965E-04
 9.30142E-01  6.85967E-04
 9.30254E-01  6.82215E-04
 9.30365E-01  6.91000E-04
 9.30476E-01  6.84482E-04
 9.30587E-01  6.87540E-04
 9.30699E-01  7.09505E-04
 9.30810E-01  7.03663E-04
 9.30921E-01  7.06131E-04
 9.31033E-01  7.32664E-04
 9.31144E-01  6.93967E-04
 9.31255E-01  6.99764E-04
 9.31367E-01  6.99496E-04
 9.31478E-01  7.11294E-04
 9.31590E-01  7.02077E-04
 9.31701E-01  7.30638E-04
 9.31813E-01  7.36581E-04
 9.31925E-01  7.58246E-04
 9.32036E-01  7.95200E-04
 9.32148E-01  7.26125E-04
 9.32259E-01  7.80000E-04
 9.32371E-01  7.70867E-04
 9.32483E-01  8.44746E-04
 9.32595E-01  8.42651E-04
 9.32706E-01  8.48002E-04
 9.32818E-01  9.93549E-04
 9.32930E-01  9.30166E-04
 9.33042E-01  9.08548E-04
 9.33154E-01  9.83268E-04
 9.33266E-01  9.58821E-04
 9.33378E-01  9.65299E-04
 9.33490E-01  1.11826E-03
 9.33602E-01  1.38022E-03
 9.33714E-01  1.56983E-03
 9.33826E-01  1.43247E-03
 9.33938E-01  1.88884E-03
 9.34050E-01  2.24985E-03
 9.34162E-01  2.61449E-03
 9.34274E-01  2.88570E-03
 9.34386E-01  3.29118E-03
 9.34498E-01  3.87982E-03
 9.34611E-01  4.35485E-03
 9.34723E-01  5.24654E-03
 9.34835E-01  6.22972E-03
 9.34947E-01  7.10465E-03
 9.35060E-01  7.33941E-03
 9.35172E-01  8.76038E-03
 9.35285E-01  9.31443E-03
 9.35397E-01  9.91203E-03
 9.35509E-01  1.04124E-02
 9.35622E-01  1.15074E-02
 9.35734E-01  1.20233E-02
 9.35847E-01  1.27221E-02
 9.35959E-01  1.29891E-02
 9.36072E-01  1.27034E-02
 9.36185E-01  1.30790E-02
 9.36297E-01  1.19312E-02
 9.36410E-01  1.36671E-02
 9.36523E-01  1.20429E-02
 9.36635E-01  1.36619E-02
 9.36748E-01  1.28751E-02
 9.36861E-01  1.21194E-02
 9.36974E-01  1.10891E-02
 9.37087E-01  1.08601E-02
 9.37199E-01  1.12725E-02
 9.37312E-01  1.12398E-02
 9.37425E-01  1.05462E-02
 9.37538E-01  1.11117E-02
 9.37651E-01  1.01169E-02
 9.37764E-01  8.89442E-03
 9.37877E-01  9.11583E-03
 9.37990E-01  8.88357E-03
 9.38103E-01  8.04234E-03
 9.38216E-01  8.13615E-03
 9.38329E-01  8.12139E-03
 9.38443E-01  7.99928E-03
 9.38556E-01  7.91875E-03
 9.38669E-01  6.37253E-03
 9.38782E-01  6.95243E-03
 9.38895E-01  6.79817E-03
 9.39009E-01  5.98915E-03
 9.39122E-01  5.79827E-03
 9.39235E-01  5.38945E-03
 9.39349E-01  5.42573E-03
 9.39462E-01  5.36499E-03
 9.39576E-01  5.09249E-03
 9.39689E-01  4.74152E-03
 9.39802E-01  4.78688E-03
 9.39916E-01  4.28003E-03
 9.40030E-01  4.06177E-03
 9.40143E-01  3.89755E-03
 9.40257E-01  3.56024E-03
 9.40370E-01  2.99432E-03
 9.40484E-01  3.00271E-03
 9.40598E-01  3.28495E-03
 9.40711E-01  2.87017E-03
 9.40825E-01  2.45225E-03
 9.40939E-01  2.66884E-03
 9.41053E-01  2.27321E-03
 9.41166E-01  2.14707E-03
 9.41280E-01  2.24869E-03
 9.41394E-01  2.04717E-03
 9.41508E-01  1.82530E-03
 9.41622E-01  1.65700E-03
 9.41736E-01  1.69905E-03
 9.41850E-01  1.58736E-03
 9.41964E-01  1.50363E-03
 9.42078E-01  1.36817E-03
 9.42192E-01  1.23336E-03
 9.42306E-01  1.16106E-03
 9.42420E-01  1.20506E-03
 9.42534E-01  1.08327E-03
 9.42648E-01  1.15837E-03
 9.42763E-01  1.11899E-03
 9.42877E-01  1.11851E-03
 9.42991E-01  1.05786E-03
 9.43105E-01  9.85609E-04
 9.43220E-01  9.12828E-04
 9.43334E-01  9.05577E-04
 9.43448E-01  9.59840E-04
 9.43563E-01  8.74494E-04
 9.43677E-01  8.22088E-04
 9.43792E-01  8.53432E-04
 9.43906E-01  8.25830E-04
 9.44021E-01  8.10060E-04
 9.44135E-01  8.08295E-04
 9.44250E-01  7.62581E-04
 9.44364E-01  7.75035E-04
 9.44479E-01  8.02555E-04
 9.44594E-01  7.98535E-04
 9.44708E-01  7.52128E-04
 9.44823E-01  7.86396E-04
 9.44938E-01  7.76925E-04
 9.45052E-01  7.44250E-04
 9.45167E-01  7.51142E-04
 9.45282E-01  7.43796E-04
 9.45397E-01  7.67039E-04
 9.45512E-01  7.34258E-04
 9.45627E-01  7.37762E-04
 9.45741E-01  7.42175E-04
 9.45856E-01  7.34127E-04
 9.45971E-01  7.34376E-04
 9.46086E-01  7.36777E-04
 9.46201E-01  7.36995E-04
 9.46316E-01  7.33438E-04
 9.46432E-01  7.36074E-04
 9.46547E-01  7.35714E-04
 9.46662E-01  7.33976E-04
 9.46777E-01  7.37595E-04
 9.46892E-01  7.34212E-04
 9.47007E-01  7.33495E-04
 9.47123E-01  7.40990E-04
 9.47238E-01  7.35684E-04
 9.47353E-01  7.40082E-04
 9.47469E-01  7.35609E-04
 9.47584E-01  7.34868E-04
 9.47699E-01  7.35684E-04
 9.47815E-01  7.39393E-04
 9.47930E-01  7.37630E-04
 9.48046E-01  7.37571E-04
 9.48161E-01  7.38930E-04
 9.48277E-01  7.38603E-04
 9.48392E-01  7.51907E-04
 9.48508E-01  7.40568E-04
 9.48624E-01  7.40850E-04
 9.48739E-01  7.38794E-04
 9.48855E-01  7.38911E-04
 9.48971E-01  7.39598E-04
 9.49086E-01  7.39843E-04
 9.49202E-01  7.40916E-04
 9.49318E-01  7.40752E-04
 9.49434E-01  7.41000E-04
 9.49549E-01  7.43581E-04
 9.49665E-01  7.41630E-04
 9.49781E-01  7.42022E-04
 9.49897E-01  7.42448E-04
 9.50013E-01  7.42892E-04
 9.50129E-01  7.45565E-04
 9.50245E-01  7.44916E-04
 9.50361E-01  7.44046E-04
 9.50477E-01  7.44877E-04
 9.50593E-01  7.47772E-04
 9.50710E-01  7.45068E-04
 9.50826E-01  7.45616E-04
 9.50942E-01  7.46055E-04
 9.51058E-01  7.46331E-04
 9.51174E-01  7.47025E-04
 9.51291E-01  7.48900E-04
 9.51407E-01  7.47656E-04
 9.51523E-01  7.48117E-04
 9.51640E-01  7.48146E-04
 9.51756E-01  7.48598E-04
 9.51872E-01  7.50087E-04
 9.51989E-01  7.49321E-04
 9.52105E-01  7.49960E-04
 9.52222E-01  7.50159E-04
 9.52338E-01  7.50728E-04
 9.52455E-01  7.50874E-04
 9.52571E-01  7.51251E-04
 9.52688E-01  7.51637E-04
 9.52805E-01  7.52026E-04
 9.52921E-01  7.55865E-04
 9.53038E-01  7.52798E-04
 9.53155E-01  7.53214E-04
 9.53272E-01  7.53632E-04
 9.53388E-01  7.53963E-04
 9.53505E-01  7.54385E-04
 9.53622E-01  7.54751E-04
 9.53739E-01  7.55146E-04
 9.53856E-01  7.55681E-04
 9.53973E-01  7.56152E-04
 9.54090E-01  7.56821E-04
 9.54207E-01  7.56687E-04
 9.54324E-01  7.57088E-04
 9.54441E-01  7.57470E-04
 9.54558E-01  7.57859E-04
 9.54675E-01  7.58312E-04
 9.54792E-01  7.58637E-04
 9.54909E-01  7.59027E-04
 9.55026E-01  7.61876E-04
 9.55144E-01  7.59808E-04
 9.55261E-01  7.61029E-04
 9.55378E-01  7.60596E-04
 9.55495E-01  7.61012E-04
 9.55613E-01  7.61419E-04
 9.55730E-01  7.61791E-04
 9.55847E-01  7.62223E-04
 9.55965E-01  7.62594E-04
 9.56082E-01  7.62939E-04
 9.56200E-01  7.63331E-04
 9.56317E-01  7.63723E-04
 9.56435E-01  7.64115E-04
 9.56552E-01  7.64508E-04
 9.56670E-01  7.64899E-04
 9.56788E-01  7.65295E-04
 9.56905E-01  7.65844E-04
 9.57023E-01  7.66077E-04
 9.57141E-01  7.66470E-04
 9.57258E-01  7.66882E-04
 9.57376E-01  7.67258E-04
 9.57494E-01  7.67650E-04
 9.57612E-01  7.68043E-04
 9.57730E-01  7.68439E-04
 9.57847E-01  7.68831E-04
 9.57965E-01  7.69224E-04
 9.58083E-01  7.69618E-04
 9.58201E-01  7.70013E-04
 9.58319E-01  7.70407E-04
 9.58437E-01  7.70801E-04
 9.58555E-01  7.71196E-04
 9.58673E-01  7.71590E-04
 9.58792E-01  7.71986E-04
 9.58910E-01  7.72923E-04
 9.59028E-01  7.72775E-04
 9.59146E-01  7.73229E-04
 9.59264E-01  7.73566E-04
 9.59383E-01  7.73961E-04
 9.59501E-01  7.74357E-04
 9.59619E-01  7.74753E-04
 9.59737E-01  7.75148E-04
 9.59856E-01  7.75544E-04
 9.59974E-01  7.75941E-04
 9.60093E-01  7.76337E-04
 9.60211E-01  7.76733E-04
 9.60330E-01  7.77130E-04
 9.60448E-01  7.77527E-04
 9.60567E-01  7.77923E-04
 9.60685E-01  7.78320E-04
 9.60804E-01  7.78717E-04
 9.60923E-01  7.79115E-04
 9.61041E-01  7.79512E-04
 9.61160E-01  7.79910E-04
 9.61279E-01  7.80307E-04
 9.61397E-01  7.80705E-04
 9.61516E-01  7.81103E-04
 9.61635E-01  7.81501E-04
 9.61754E-01  7.81899E-04
 9.61873E-01  7.82297E-04
 9.61992E-01  7.82696E-04
 9.62110E-01  7.83094E-04
 9.62229E-01  7.83493E-04
 9.62348E-01  7.83892E-04
 9.62467E-01  7.84291E-04
 9.62587E-01  7.84690E-04
 9.62706E-01  7.85089E-04
 9.62825E-01  7.85489E-04
 9.62944E-01  7.85888E-04
 9.63063E-01  7.86288E-04
 9.63182E-01  7.86690E-04
 9.63301E-01  7.87088E-04
 9.63421E-01  7.87488E-04
 9.63540E-01  7.87888E-04
 9.63659E-01  7.88288E-04
 9.63779E-01  7.88689E-04
 9.63898E-01  7.89090E-04
 9.64017E-01  7.89490E-04
 9.64137E-01  7.89891E-04
 9.64256E-01  7.90292E-04
 9.64376E-01  7.90694E-04
 9.64495E-01  7.91095E-04
 9.64615E-01  7.91508E-04
 9.65737E-01  7.95265E-04
 1.01134E+00  8.81391E-04
 1.05910E+00  9.31106E-04
 1.10912E+00  9.87596E-04
 1.16150E+00  9.78830E-04
 1.21635E+00  9.49120E-04
 1.27379E+00  9.53473E-04
 1.33395E+00  9.13350E-04
 1.39695E+00  8.67034E-04
 1.46292E+00  7.88106E-04
 1.53200E+00  7.20426E-04
 1.60435E+00  6.69320E-04
 1.68012E+00  6.38728E-04
 1.75946E+00  6.05731E-04
 1.84255E+00  5.96685E-04
 1.92957E+00  6.09794E-04
 2.02069E+00  6.39646E-04
 2.11612E+00  6.41806E-04
 2.21605E+00  6.64229E-04
 2.32071E+00  6.73344E-04
 2.43030E+00  6.83581E-04
 2.54507E+00  6.99747E-04
 2.66527E+00  7.16772E-04
 2.79113E+00  7.53709E-04
 2.92295E+00  1.04388E-03
 3.06098E+00  1.26858E-03
 3.20554E+00  1.34812E-03
 3.35692E+00  1.36568E-03
 3.51545E+00  1.43104E-03
 3.68147E+00  1.42610E-03
 3.85533E+00  1.48371E-03
 4.03739E+00  1.48990E-03
 4.22806E+00  1.53442E-03
 4.42773E+00  1.52297E-03
 4.63683E+00  1.55182E-03
 4.85581E+00  1.56752E-03
 5.08512E+00  1.57403E-03
 5.32527E+00  1.62644E-03
 5.57676E+00  1.63963E-03
 5.84012E+00  1.67732E-03
 6.11592E+00  1.67146E-03
 6.40475E+00  1.71791E-03
 6.70721E+00  1.76938E-03
 7.02396E+00  1.86214E-03
 7.35567E+00  1.92078E-03
 7.70304E+00  1.95045E-03
 8.06682E+00  1.99610E-03
 8.44778E+00  1.96231E-03
 8.84673E+00  2.00631E-03
 9.26451E+00  2.07821E-03
 9.70203E+00  2.05822E-03
 1.01602E+01  2.10166E-03
 1.06400E+01  2.17751E-03
 1.11425E+01  2.21144E-03
 1.16687E+01  2.28804E-03
 1.22198E+01  2.35783E-03
 1.27969E+01  2.40968E-03
 1.34012E+01  2.39954E-03
 1.40341E+01  2.37016E-03
 1.46968E+01  2.25254E-03
 1.53909E+01  2.20504E-03
 1.61177E+01  2.11943E-03
 1.68789E+01  2.11201E-03
 1.76760E+01  1.95368E-03
 1.85107E+01  1.68541E-03
 1.93849E+01  1.67012E-03
 2.03004E+01  1.60980E-03
 2.12591E+01  1.60541E-03
 2.22630E+01  1.57272E-03
 2.33144E+01  1.57873E-03
 2.44154E+01  1.44132E-03
 2.55685E+01  1.44120E-03
 2.67759E+01  1.28816E-03
 2.80404E+01  1.24267E-03
 2.93646E+01  1.14005E-03
 3.07514E+01  1.10648E-03
 3.22036E+01  1.05967E-03
 3.37245E+01  8.84135E-04
 3.53171E+01  7.81858E-04
 3.69850E+01  7.53416E-04
 3.87316E+01  7.31587E-04
 4.05607E+01  7.56939E-04
 4.24762E+01  8.09576E-04
 4.44821E+01  8.89396E-04
 4.65828E+01  1.00725E-03
 4.87827E+01  1.19494E-03
 5.10864E+01  1.52279E-03
 5.34990E+01  1.95810E-03
 5.60255E+01  2.69731E-03
 5.86713E+01  3.83836E-03
 6.14421E+01  5.24559E-03
 6.43437E+01  7.58742E-03
 6.73823E+01  1.06915E-02
 7.05645E+01  1.53208E-02
 7.38969E+01  2.12536E-02
 7.73867E+01  2.81392E-02
 8.10413E+01  3.56619E-02
 8.48685E+01  4.42334E-02
 8.88764E+01  5.47717E-02
 9.30736E+01  6.70142E-02
 9.74691E+01  8.12687E-02
 1.02072E+02  9.82788E-02
 1.06892E+02  1.20087E-01
 1.11940E+02  1.48004E-01
 1.17227E+02  1.81911E-01
 1.22763E+02  2.26056E-01
 1.28560E+02  2.76507E-01
 1.34632E+02  3.37060E-01
 1.40990E+02  4.06436E-01
 1.47648E+02  4.82246E-01
 1.54621E+02  5.62879E-01
 1.61923E+02  6.54021E-01
 1.69569E+02  7.59664E-01
 1.77577E+02  8.78066E-01
 1.85964E+02  1.00692E+00
 1.94746E+02  1.14517E+00
 2.03943E+02  1.29685E+00
 2.13574E+02  1.45806E+00
 2.23660E+02  1.61252E+00
 2.34222E+02  1.77015E+00
 2.45284E+02  1.92584E+00
 2.56867E+02  2.06641E+00
 2.68998E+02  2.18864E+00
 2.81701E+02  2.29675E+00
 2.95005E+02  2.39303E+00
 3.08936E+02  2.46690E+00
 3.23526E+02  2.49909E+00
 3.38804E+02  2.51478E+00
 3.54804E+02  2.50544E+00
 3.71560E+02  2.48671E+00
 3.89107E+02  2.45287E+00
 4.07483E+02  2.39827E+00
 4.26726E+02  2.33632E+00
 4.46878E+02  2.25875E+00
 4.67982E+02  2.17735E+00
 4.90083E+02  2.07958E+00
 5.13227E+02  1.98224E+00
 5.37464E+02  1.88174E+00
 5.62846E+02  1.77435E+00
 5.89427E+02  1.66007E+00
 6.17263E+02  1.56381E+00
 6.46413E+02  1.45933E+00
 6.76940E+02  1.35046E+00
 7.08909E+02  1.24833E+00
 7.42387E+02  1.15148E+00
 7.77446E+02  1.05238E+00
 8.14161E+02  9.59488E-01
 8.52610E+02  8.78606E-01
 8.92875E+02  7.99573E-01
 9.35041E+02  7.21286E-01
 9.79199E+02  6.42872E-01
 1.02544E+03  5.84164E-01
 1.07387E+03  5.21806E-01
 1.12458E+03  4.56760E-01
 1.17769E+03  4.10783E-01
 1.23331E+03  3.63818E-01
 1.29155E+03  3.19844E-01
 1.35254E+03  2.78384E-01
 1.41642E+03  2.42683E-01
 1.48331E+03  2.11256E-01
 1.55336E+03  1.77358E-01
 1.62672E+03  1.57973E-01
 1.70354E+03  1.37881E-01
 1.78399E+03  1.15416E-01
 1.86824E+03  9.88361E-02
 1.95646E+03  8.34527E-02
 2.04886E+03  7.08750E-02
 2.14562E+03  6.09850E-02
 2.24694E+03  5.18907E-02
 2.35306E+03  4.85101E-02
 2.46418E+03  3.80317E-02
 2.58055E+03  3.28881E-02
 2.70242E+03  2.65967E-02
 2.83004E+03  2.30332E-02
 2.96369E+03  2.00241E-02
 3.10365E+03  1.58107E-02
 3.25022E+03  1.55161E-02
 3.40371E+03  1.30590E-02
 3.56445E+03  8.71962E-03
 3.73279E+03  7.75576E-03
 3.90907E+03  7.38461E-03
 4.09367E+03  5.82353E-03
 4.28700E+03  4.18972E-03
 4.48945E+03  3.87058E-03
 4.70147E+03  3.62880E-03
 4.92350E+03  3.02711E-03
 5.15601E+03  2.20675E-03
 5.39950E+03  1.77402E-03
 5.65449E+03  1.97351E-03
 5.92153E+03  9.72671E-04
 6.20117E+03  1.40102E-03
 6.49403E+03  1.33369E-03
 6.80071E+03  8.11851E-04
 7.12187E+03  9.99841E-04
 7.45820E+03  9.19161E-04
