 7.88283E-05  0.00000E+00
 8.25510E-05  0.00000E+00
 8.64495E-05  0.00000E+00
 9.05321E-05  0.00000E+00
 9.48075E-05  0.00000E+00
 9.92848E-05  0.00000E+00
 1.03974E-04  0.00000E+00
 1.08884E-04  0.00000E+00
 1.14026E-04  0.00000E+00
 1.19411E-04  0.00000E+00
 1.25050E-04  0.00000E+00
 1.30955E-04  0.00000E+00
 1.37140E-04  0.00000E+00
 1.43616E-04  0.00000E+00
 1.50398E-04  0.00000E+00
 1.57501E-04  0.00000E+00
 1.64939E-04  0.00000E+00
 1.72728E-04  0.00000E+00
 1.80886E-04  0.00000E+00
 1.89428E-04  0.00000E+00
 1.98374E-04  0.00000E+00
 2.07742E-04  0.00000E+00
 2.17553E-04  0.00000E+00
 2.27826E-04  0.00000E+00
 2.38586E-04  0.00000E+00
 2.49853E-04  0.00000E+00
 2.61652E-04  0.00000E+00
 2.74009E-04  0.00000E+00
 2.86949E-04  0.00000E+00
 3.00500E-04  0.00000E+00
 3.14691E-04  0.00000E+00
 3.29553E-04  0.00000E+00
 3.45116E-04  0.00000E+00
 3.61414E-04  0.00000E+00
 3.78482E-04  0.00000E+00
 3.96356E-04  0.00000E+00
 4.15074E-04  0.00000E+00
 4.34676E-04  0.00000E+00
 4.55203E-04  0.00000E+00
 4.76700E-04  0.00000E+00
 4.99213E-04  0.00000E+00
 5.22788E-04  0.00000E+00
 5.47477E-04  0.00000E+00
 5.73332E-04  0.00000E+00
 6.00407E-04  0.00000E+00
 6.28762E-04  0.00000E+00
 6.58455E-04  0.00000E+00
 6.89551E-04  0.00000E+00
 7.22115E-04  0.00000E+00
 7.56217E-04  0.00000E+00
 7.91929E-04  0.00000E+00
 8.29328E-04  0.00000E+00
 8.68493E-04  0.00000E+00
 9.09508E-04  0.00000E+00
 9.52460E-04  0.00000E+00
 9.97440E-04  0.00000E+00
 1.04454E-03  0.00000E+00
 1.09387E-03  0.00000E+00
 1.14553E-03  0.00000E+00
 1.19963E-03  0.00000E+00
 1.25628E-03  0.00000E+00
 1.31561E-03  0.00000E+00
 1.37774E-03  0.00000E+00
 1.44280E-03  0.00000E+00
 1.51094E-03  0.00000E+00
 1.58230E-03  0.00000E+00
 1.65702E-03  0.00000E+00
 1.73527E-03  0.00000E+00
 1.81722E-03  0.00000E+00
 1.90304E-03  0.00000E+00
 1.99291E-03  0.00000E+00
 2.08703E-03  0.00000E+00
 2.18559E-03  0.00000E+00
 2.28880E-03  0.00000E+00
 2.39689E-03  0.00000E+00
 2.51008E-03  0.00000E+00
 2.62862E-03  0.00000E+00
 2.75276E-03  0.00000E+00
 2.88276E-03  0.00000E+00
 3.01890E-03  0.00000E+00
 3.16147E-03  0.00000E+00
 3.31077E-03  0.00000E+00
 3.46712E-03  0.00000E+00
 3.63086E-03  0.00000E+00
 3.80232E-03  0.00000E+00
 3.98189E-03  0.00000E+00
 4.16993E-03  0.00000E+00
 4.36686E-03  0.00000E+00
 4.57309E-03  0.00000E+00
 4.78905E-03  0.00000E+00
 5.01522E-03  0.00000E+00
 5.25206E-03  0.00000E+00
 5.50009E-03  0.00000E+00
 5.75983E-03  0.00000E+00
 6.03184E-03  0.00000E+00
 6.31670E-03  0.00000E+00
 6.61500E-03  0.00000E+00
 6.92740E-03  0.00000E+00
 7.25455E-03  0.00000E+00
 7.59714E-03  0.00000E+00
 7.95592E-03  0.00000E+00
 8.33164E-03  0.00000E+00
 8.72510E-03  0.00000E+00
 9.13715E-03  0.00000E+00
 9.56865E-03  0.00000E+00
 1.00205E-02  0.00000E+00
 1.04938E-02  0.00000E+00
 1.09893E-02  0.00000E+00
 1.15083E-02  0.00000E+00
 1.20518E-02  0.00000E+00
 1.26209E-02  0.00000E+00
 1.32170E-02  0.00000E+00
 1.38411E-02  0.00000E+00
 1.44948E-02  0.00000E+00
 1.51793E-02  0.00000E+00
 1.58961E-02  0.00000E+00
 1.66468E-02  0.00000E+00
 1.74330E-02  0.00000E+00
 1.82563E-02  0.00000E+00
 1.91184E-02  0.00000E+00
 2.00213E-02  0.00000E+00
 2.09668E-02  0.00000E+00
 2.19570E-02  0.00000E+00
 2.29939E-02  0.00000E+00
 2.40798E-02  0.00000E+00
 2.52169E-02  0.00000E+00
 2.64078E-02  0.00000E+00
 2.76549E-02  0.00000E+00
 2.89609E-02  0.00000E+00
 3.03286E-02  0.00000E+00
 3.17609E-02  0.00000E+00
 3.32608E-02  0.00000E+00
 3.48316E-02  0.00000E+00
 3.64765E-02  0.00000E+00
 3.81991E-02  0.00000E+00
 4.00031E-02  0.00000E+00
 4.18922E-02  0.00000E+00
 4.38706E-02  0.00000E+00
 4.59424E-02  0.00000E+00
 4.81120E-02  0.00000E+00
 5.03841E-02  0.00000E+00
 5.27635E-02  4.59820E-11
 5.52553E-02  0.00000E+00
 5.78647E-02  0.00000E+00
 6.05974E-02  0.00000E+00
 6.34591E-02  3.79075E-11
 6.64560E-02  2.01919E-10
 6.95944E-02  1.08757E-10
 7.28810E-02  1.54992E-10
 7.63228E-02  2.85261E-10
 7.99272E-02  1.18971E-10
 8.37017E-02  2.40666E-10
 8.76546E-02  3.08684E-10
 9.17941E-02  2.09621E-10
 9.61291E-02  2.15098E-10
 1.00669E-01  2.84072E-10
 1.05423E-01  1.52852E-10
 1.10401E-01  1.60470E-10
 1.15615E-01  1.03228E-10
 1.21075E-01  1.09319E-10
 1.26793E-01  4.69648E-11
 1.32781E-01  4.51216E-11
 1.39051E-01  2.38118E-11
 1.45618E-01  1.30683E-11
 1.52495E-01  1.30531E-11
 1.59697E-01  5.22430E-12
 1.67238E-01  3.64700E-12
 1.75136E-01  6.59016E-12
 1.83407E-01  6.04622E-12
 1.92068E-01  1.17123E-11
 2.01139E-01  5.14073E-12
 2.10638E-01  3.03476E-12
 2.20585E-01  9.89379E-13
 2.31002E-01  6.11479E-13
 2.41911E-01  3.20173E-13
 2.53336E-01  1.41599E-13
 2.65300E-01  5.12189E-14
 2.77828E-01  2.09031E-14
 2.90949E-01  9.56064E-15
 3.04689E-01  4.16994E-15
 3.19078E-01  2.16738E-15
 3.34146E-01  9.17863E-16
 3.49927E-01  4.63546E-16
 3.66452E-01  2.31017E-16
 3.83758E-01  1.48734E-16
 4.01881E-01  1.27680E-16
 4.20860E-01  7.53845E-17
 4.40735E-01  8.44789E-17
 4.61549E-01  9.51751E-17
 4.83345E-01  1.91970E-16
 5.06171E-01  3.61140E-16
 5.30075E-01  1.34293E-15
 5.55108E-01  9.27386E-15
 5.81323E-01  1.05325E-13
 6.08777E-01  2.84801E-12
 6.37526E-01  2.32535E-10
 6.67633E-01  5.36032E-08
 6.99163E-01  9.69920E-05
 7.32181E-01  6.23211E-04
 7.66758E-01  7.97482E-04
 8.02968E-01  8.66738E-04
 8.40889E-01  1.01374E-03
 8.80600E-01  1.03042E-03
 9.08427E-01  9.26381E-04
 9.08533E-01  9.25976E-04
 9.08639E-01  9.25572E-04
 9.08745E-01  9.25167E-04
 9.08851E-01  9.24762E-04
 9.08957E-01  9.24357E-04
 9.09064E-01  9.23952E-04
 9.09170E-01  9.23546E-04
 9.09276E-01  9.23141E-04
 9.09382E-01  9.22735E-04
 9.09489E-01  9.22329E-04
 9.09595E-01  9.21923E-04
 9.09701E-01  9.21517E-04
 9.09808E-01  9.21111E-04
 9.09914E-01  9.20704E-04
 9.10020E-01  9.20298E-04
 9.10127E-01  9.19891E-04
 9.10233E-01  9.19484E-04
 9.10340E-01  9.19077E-04
 9.10446E-01  9.18670E-04
 9.10553E-01  9.18262E-04
 9.10659E-01  9.17855E-04
 9.10766E-01  9.17447E-04
 9.10873E-01  9.17039E-04
 9.10979E-01  9.16631E-04
 9.11086E-01  9.16223E-04
 9.11192E-01  9.15815E-04
 9.11299E-01  9.15406E-04
 9.11406E-01  9.14997E-04
 9.11513E-01  9.14589E-04
 9.11619E-01  9.14180E-04
 9.11726E-01  9.13771E-04
 9.11833E-01  9.13361E-04
 9.11940E-01  9.12952E-04
 9.12047E-01  9.12542E-04
 9.12154E-01  9.12133E-04
 9.12261E-01  9.11723E-04
 9.12368E-01  9.11313E-04
 9.12475E-01  9.10902E-04
 9.12582E-01  9.10492E-04
 9.12689E-01  9.10081E-04
 9.12796E-01  9.09671E-04
 9.12903E-01  9.09260E-04
 9.13010E-01  9.08849E-04
 9.13117E-01  9.08438E-04
 9.13224E-01  9.08026E-04
 9.13331E-01  9.07615E-04
 9.13438E-01  9.07203E-04
 9.13546E-01  9.06792E-04
 9.13653E-01  9.06380E-04
 9.13760E-01  9.05968E-04
 9.13868E-01  9.05555E-04
 9.13975E-01  9.05143E-04
 9.14082E-01  9.04730E-04
 9.14190E-01  9.04318E-04
 9.14297E-01  9.03905E-04
 9.14404E-01  9.03492E-04
 9.14512E-01  9.03078E-04
 9.14619E-01  9.02665E-04
 9.14727E-01  9.02251E-04
 9.14834E-01  9.01838E-04
 9.14942E-01  9.01424E-04
 9.15050E-01  9.01010E-04
 9.15157E-01  9.00693E-04
 9.15265E-01  9.00181E-04
 9.15372E-01  8.99864E-04
 9.15480E-01  8.99352E-04
 9.15588E-01  8.98938E-04
 9.15696E-01  8.98523E-04
 9.15803E-01  8.98108E-04
 9.15911E-01  8.97692E-04
 9.16019E-01  8.97277E-04
 9.16127E-01  8.96861E-04
 9.16235E-01  8.96445E-04
 9.16342E-01  8.96030E-04
 9.16450E-01  8.95614E-04
 9.16558E-01  8.95197E-04
 9.16666E-01  8.94781E-04
 9.16774E-01  8.94364E-04
 9.16882E-01  8.93948E-04
 9.16990E-01  8.93531E-04
 9.17098E-01  8.93114E-04
 9.17206E-01  8.92697E-04
 9.17315E-01  8.92279E-04
 9.17423E-01  8.91862E-04
 9.17531E-01  8.91444E-04
 9.17639E-01  8.91026E-04
 9.17747E-01  8.90608E-04
 9.17856E-01  8.90190E-04
 9.17964E-01  8.89772E-04
 9.18072E-01  8.89353E-04
 9.18180E-01  8.88935E-04
 9.18289E-01  8.88519E-04
 9.18397E-01  8.88097E-04
 9.18506E-01  8.88084E-04
 9.18614E-01  8.87259E-04
 9.18722E-01  8.86839E-04
 9.18831E-01  8.86420E-04
 9.18939E-01  8.86000E-04
 9.19048E-01  8.85580E-04
 9.19156E-01  8.85161E-04
 9.19265E-01  8.84740E-04
 9.19374E-01  8.84319E-04
 9.19482E-01  8.83899E-04
 9.19591E-01  8.83479E-04
 9.19700E-01  8.83122E-04
 9.19808E-01  8.82636E-04
 9.19917E-01  8.82215E-04
 9.20026E-01  8.81794E-04
 9.20135E-01  8.81372E-04
 9.20243E-01  8.80950E-04
 9.20352E-01  8.80533E-04
 9.20461E-01  8.80106E-04
 9.20570E-01  8.79684E-04
 9.20679E-01  8.79262E-04
 9.20788E-01  8.78839E-04
 9.20897E-01  8.78420E-04
 9.21006E-01  8.77994E-04
 9.21115E-01  8.77572E-04
 9.21224E-01  8.77148E-04
 9.21333E-01  8.76724E-04
 9.21442E-01  8.76301E-04
 9.21551E-01  8.75884E-04
 9.21660E-01  8.75454E-04
 9.21769E-01  8.75035E-04
 9.21879E-01  8.74605E-04
 9.21988E-01  8.74181E-04
 9.22097E-01  8.73792E-04
 9.22186E-01  8.73416E-04
 9.22206E-01  8.73507E-04
 9.22316E-01  8.74037E-04
 9.22425E-01  8.74568E-04
 9.22534E-01  8.77182E-04
 9.22644E-01  8.75628E-04
 9.22753E-01  8.76180E-04
 9.22862E-01  8.76690E-04
 9.22972E-01  8.77221E-04
 9.23081E-01  8.78447E-04
 9.23191E-01  8.78295E-04
 9.23300E-01  8.78815E-04
 9.23410E-01  8.79347E-04
 9.23520E-01  8.79879E-04
 9.23629E-01  8.81299E-04
 9.23739E-01  8.80955E-04
 9.23848E-01  8.81644E-04
 9.23958E-01  8.82009E-04
 9.24068E-01  8.82542E-04
 9.24178E-01  8.83075E-04
 9.24287E-01  8.83608E-04
 9.24397E-01  8.84746E-04
 9.24507E-01  8.84675E-04
 9.24617E-01  8.85388E-04
 9.24727E-01  8.85744E-04
 9.24837E-01  8.86291E-04
 9.24946E-01  8.86811E-04
 9.25056E-01  8.87353E-04
 9.25166E-01  8.88932E-04
 9.25276E-01  8.88416E-04
 9.25386E-01  8.89004E-04
 9.25496E-01  8.89492E-04
 9.25607E-01  8.90078E-04
 9.25717E-01  8.90663E-04
 9.25827E-01  8.91092E-04
 9.25937E-01  8.91738E-04
 9.26047E-01  8.94047E-04
 9.26157E-01  8.92840E-04
 9.26268E-01  8.93239E-04
 9.26378E-01  8.93777E-04
 9.26488E-01  8.94351E-04
 9.26598E-01  8.94863E-04
 9.26709E-01  8.95528E-04
 9.26819E-01  9.06625E-04
 9.26929E-01  8.96531E-04
 9.27040E-01  8.98413E-04
 9.27150E-01  8.97546E-04
 9.27261E-01  8.98399E-04
 9.27371E-01  8.98774E-04
 9.27482E-01  8.99461E-04
 9.27592E-01  8.99713E-04
 9.27703E-01  9.00258E-04
 9.27814E-01  9.00862E-04
 9.27924E-01  9.13340E-04
 9.28035E-01  9.03062E-04
 9.28146E-01  9.49889E-04
 9.28256E-01  9.03100E-04
 9.28367E-01  9.03575E-04
 9.28478E-01  9.32093E-04
 9.28589E-01  9.09896E-04
 9.28699E-01  9.05987E-04
 9.28810E-01  9.06581E-04
 9.28921E-01  9.06305E-04
 9.29032E-01  9.07966E-04
 9.29143E-01  9.48672E-04
 9.29254E-01  9.87527E-04
 9.29365E-01  1.00122E-03
 9.29476E-01  9.16506E-04
 9.29587E-01  1.03053E-03
 9.29698E-01  9.10017E-04
 9.29809E-01  9.10641E-04
 9.29920E-01  9.16793E-04
 9.30031E-01  9.11800E-04
 9.30142E-01  9.12141E-04
 9.30254E-01  9.14521E-04
 9.30365E-01  9.17035E-04
 9.30476E-01  9.28132E-04
 9.30587E-01  9.77038E-04
 9.30699E-01  9.58597E-04
 9.30810E-01  9.66368E-04
 9.30921E-01  1.03361E-03
 9.31033E-01  9.17889E-04
 9.31144E-01  9.75119E-04
 9.31255E-01  1.13692E-03
 9.31367E-01  9.20754E-04
 9.31478E-01  1.06777E-03
 9.31590E-01  9.20893E-04
 9.31701E-01  9.45928E-04
 9.31813E-01  1.04231E-03
 9.31925E-01  9.25759E-04
 9.32036E-01  1.01724E-03
 9.32148E-01  9.23225E-04
 9.32259E-01  1.11133E-03
 9.32371E-01  9.46496E-04
 9.32483E-01  1.06292E-03
 9.32595E-01  9.85798E-04
 9.32706E-01  1.09872E-03
 9.32818E-01  1.02857E-03
 9.32930E-01  1.16232E-03
 9.33042E-01  1.22601E-03
 9.33154E-01  1.15514E-03
 9.33266E-01  1.61464E-03
 9.33378E-01  1.49369E-03
 9.33490E-01  1.66321E-03
 9.33602E-01  1.75540E-03
 9.33714E-01  1.57253E-03
 9.33826E-01  1.65191E-03
 9.33938E-01  2.86956E-03
 9.34050E-01  3.17062E-03
 9.34162E-01  3.79209E-03
 9.34274E-01  3.62098E-03
 9.34386E-01  5.18678E-03
 9.34498E-01  5.01529E-03
 9.34611E-01  5.41994E-03
 9.34723E-01  6.23535E-03
 9.34835E-01  8.01316E-03
 9.34947E-01  8.13012E-03
 9.35060E-01  8.47444E-03
 9.35172E-01  9.69326E-03
 9.35285E-01  1.08279E-02
 9.35397E-01  1.23178E-02
 9.35509E-01  1.27046E-02
 9.35622E-01  1.35834E-02
 9.35734E-01  1.09867E-02
 9.35847E-01  1.64893E-02
 9.35959E-01  1.43796E-02
 9.36072E-01  1.66471E-02
 9.36185E-01  1.56937E-02
 9.36297E-01  1.59851E-02
 9.36410E-01  1.39203E-02
 9.36523E-01  1.38954E-02
 9.36635E-01  1.29833E-02
 9.36748E-01  1.57491E-02
 9.36861E-01  1.59679E-02
 9.36974E-01  1.18894E-02
 9.37087E-01  1.20212E-02
 9.37199E-01  1.23872E-02
 9.37312E-01  1.16024E-02
 9.37425E-01  1.37129E-02
 9.37538E-01  1.06661E-02
 9.37651E-01  1.06972E-02
 9.37764E-01  1.14925E-02
 9.37877E-01  1.16675E-02
 9.37990E-01  1.22217E-02
 9.38103E-01  9.32819E-03
 9.38216E-01  1.04366E-02
 9.38329E-01  9.52793E-03
 9.38443E-01  9.06633E-03
 9.38556E-01  9.52647E-03
 9.38669E-01  8.56512E-03
 9.38782E-01  8.59320E-03
 9.38895E-01  8.23212E-03
 9.39009E-01  7.01161E-03
 9.39122E-01  6.78794E-03
 9.39235E-01  8.89051E-03
 9.39349E-01  6.80914E-03
 9.39462E-01  7.18209E-03
 9.39576E-01  5.88153E-03
 9.39689E-01  5.69739E-03
 9.39802E-01  5.01668E-03
 9.39916E-01  5.96754E-03
 9.40030E-01  4.85283E-03
 9.40143E-01  5.10379E-03
 9.40257E-01  5.58180E-03
 9.40370E-01  4.71487E-03
 9.40484E-01  4.42259E-03
 9.40598E-01  4.78277E-03
 9.40711E-01  4.41832E-03
 9.40825E-01  4.47461E-03
 9.40939E-01  3.91388E-03
 9.41053E-01  3.17937E-03
 9.41166E-01  3.47300E-03
 9.41280E-01  3.40361E-03
 9.41394E-01  2.87429E-03
 9.41508E-01  2.55835E-03
 9.41622E-01  2.50202E-03
 9.41736E-01  2.34467E-03
 9.41850E-01  2.02830E-03
 9.41964E-01  2.16623E-03
 9.42078E-01  2.24252E-03
 9.42192E-01  2.43782E-03
 9.42306E-01  2.38373E-03
 9.42420E-01  1.70354E-03
 9.42534E-01  1.51401E-03
 9.42648E-01  1.91095E-03
 9.42763E-01  1.96092E-03
 9.42877E-01  1.67208E-03
 9.42991E-01  1.42761E-03
 9.43105E-01  1.87828E-03
 9.43220E-01  1.41952E-03
 9.43334E-01  1.43071E-03
 9.43448E-01  1.27346E-03
 9.43563E-01  1.14347E-03
 9.43677E-01  1.18321E-03
 9.43792E-01  1.45181E-03
 9.43906E-01  1.27578E-03
 9.44021E-01  1.23721E-03
 9.44135E-01  1.18518E-03
 9.44250E-01  1.17598E-03
 9.44364E-01  1.08753E-03
 9.44479E-01  1.02136E-03
 9.44594E-01  1.11288E-03
 9.44708E-01  1.15061E-03
 9.44823E-01  1.00109E-03
 9.44938E-01  1.03916E-03
 9.45052E-01  1.02256E-03
 9.45167E-01  1.05409E-03
 9.45282E-01  9.96421E-04
 9.45397E-01  1.02383E-03
 9.45512E-01  1.02988E-03
 9.45627E-01  9.89712E-04
 9.45741E-01  9.93601E-04
 9.45856E-01  9.89540E-04
 9.45971E-01  1.00464E-03
 9.46086E-01  9.91291E-04
 9.46201E-01  9.93648E-04
 9.46316E-01  9.93188E-04
 9.46432E-01  1.00881E-03
 9.46547E-01  9.93711E-04
 9.46662E-01  9.93865E-04
 9.46777E-01  9.94299E-04
 9.46892E-01  1.00587E-03
 9.47007E-01  9.95490E-04
 9.47123E-01  9.97788E-04
 9.47238E-01  9.97259E-04
 9.47353E-01  1.01311E-03
 9.47469E-01  9.97368E-04
 9.47584E-01  9.98347E-04
 9.47699E-01  9.98721E-04
 9.47815E-01  9.99103E-04
 9.47930E-01  1.00105E-03
 9.48046E-01  1.00062E-03
 9.48161E-01  1.00857E-03
 9.48277E-01  1.00137E-03
 9.48392E-01  1.00379E-03
 9.48508E-01  1.00279E-03
 9.48624E-01  1.00709E-03
 9.48739E-01  1.00403E-03
 9.48855E-01  1.00853E-03
 9.48971E-01  1.00481E-03
 9.49086E-01  1.00543E-03
 9.49202E-01  1.00965E-03
 9.49318E-01  1.00654E-03
 9.49434E-01  1.00717E-03
 9.49549E-01  1.00857E-03
 9.49665E-01  1.00825E-03
 9.49781E-01  1.00884E-03
 9.49897E-01  1.00940E-03
 9.50013E-01  1.00999E-03
 9.50129E-01  1.01056E-03
 9.50245E-01  1.01130E-03
 9.50361E-01  1.01172E-03
 9.50477E-01  1.01229E-03
 9.50593E-01  1.01462E-03
 9.50710E-01  1.01350E-03
 9.50826E-01  1.01434E-03
 9.50942E-01  1.01460E-03
 9.51058E-01  1.01517E-03
 9.51174E-01  1.01637E-03
 9.51291E-01  1.01634E-03
 9.51407E-01  1.01691E-03
 9.51523E-01  1.01748E-03
 9.51640E-01  1.01815E-03
 9.51756E-01  1.01918E-03
 9.51872E-01  1.01922E-03
 9.51989E-01  1.01980E-03
 9.52105E-01  1.02037E-03
 9.52222E-01  1.02096E-03
 9.52338E-01  1.02154E-03
 9.52455E-01  1.02214E-03
 9.52571E-01  1.02269E-03
 9.52688E-01  1.02327E-03
 9.52805E-01  1.02385E-03
 9.52921E-01  1.02444E-03
 9.53038E-01  1.02504E-03
 9.53155E-01  1.02560E-03
 9.53272E-01  1.02618E-03
 9.53388E-01  1.02704E-03
 9.53505E-01  1.02734E-03
 9.53622E-01  1.02792E-03
 9.53739E-01  1.02851E-03
 9.53856E-01  1.02909E-03
 9.53973E-01  1.02967E-03
 9.54090E-01  1.03025E-03
 9.54207E-01  1.03084E-03
 9.54324E-01  1.03142E-03
 9.54441E-01  1.03200E-03
 9.54558E-01  1.03259E-03
 9.54675E-01  1.03317E-03
 9.54792E-01  1.03383E-03
 9.54909E-01  1.03434E-03
 9.55026E-01  1.03492E-03
 9.55144E-01  1.03551E-03
 9.55261E-01  1.03609E-03
 9.55378E-01  1.03668E-03
 9.55495E-01  1.03726E-03
 9.55613E-01  1.03785E-03
 9.55730E-01  1.03843E-03
 9.55847E-01  1.03902E-03
 9.55965E-01  1.03960E-03
 9.56082E-01  1.04019E-03
 9.56200E-01  1.04078E-03
 9.56317E-01  1.04136E-03
 9.56435E-01  1.04195E-03
 9.56552E-01  1.04254E-03
 9.56670E-01  1.04312E-03
 9.56788E-01  1.04371E-03
 9.56905E-01  1.04430E-03
 9.57023E-01  1.04489E-03
 9.57141E-01  1.04547E-03
 9.57258E-01  1.04606E-03
 9.57376E-01  1.04665E-03
 9.57494E-01  1.04724E-03
 9.57612E-01  1.04783E-03
 9.57730E-01  1.04842E-03
 9.57847E-01  1.04900E-03
 9.57965E-01  1.04959E-03
 9.58083E-01  1.05018E-03
 9.58201E-01  1.05077E-03
 9.58319E-01  1.05136E-03
 9.58437E-01  1.05195E-03
 9.58555E-01  1.05254E-03
 9.58673E-01  1.05313E-03
 9.58792E-01  1.05372E-03
 9.58910E-01  1.05432E-03
 9.59028E-01  1.05491E-03
 9.59146E-01  1.05550E-03
 9.59264E-01  1.05609E-03
 9.59383E-01  1.05668E-03
 9.59501E-01  1.05727E-03
 9.59619E-01  1.05786E-03
 9.59737E-01  1.05846E-03
 9.59856E-01  1.05905E-03
 9.59974E-01  1.05964E-03
 9.60093E-01  1.06024E-03
 9.60211E-01  1.06083E-03
 9.60330E-01  1.06142E-03
 9.60448E-01  1.06202E-03
 9.60567E-01  1.06261E-03
 9.60685E-01  1.06320E-03
 9.60804E-01  1.06380E-03
 9.60923E-01  1.06439E-03
 9.61041E-01  1.06499E-03
 9.61160E-01  1.06558E-03
 9.61279E-01  1.06618E-03
 9.61397E-01  1.06677E-03
 9.61516E-01  1.06737E-03
 9.61635E-01  1.06796E-03
 9.61754E-01  1.06856E-03
 9.61873E-01  1.06915E-03
 9.61992E-01  1.06975E-03
 9.62110E-01  1.07035E-03
 9.62229E-01  1.07094E-03
 9.62348E-01  1.07154E-03
 9.62467E-01  1.07214E-03
 9.62587E-01  1.07273E-03
 9.62706E-01  1.07333E-03
 9.62825E-01  1.07393E-03
 9.62944E-01  1.07453E-03
 9.63063E-01  1.07512E-03
 9.63182E-01  1.07572E-03
 9.63301E-01  1.07632E-03
 9.63421E-01  1.07692E-03
 9.63540E-01  1.07752E-03
 9.63659E-01  1.07812E-03
 9.63779E-01  1.07872E-03
 9.63898E-01  1.07932E-03
 9.64017E-01  1.07992E-03
 9.64137E-01  1.08052E-03
 9.64256E-01  1.08112E-03
 9.64376E-01  1.08172E-03
 9.64495E-01  1.08232E-03
 9.64615E-01  1.08292E-03
 9.65737E-01  1.08856E-03
 1.01134E+00  1.20123E-03
 1.05910E+00  1.24653E-03
 1.10912E+00  1.32125E-03
 1.16150E+00  1.30095E-03
 1.21635E+00  1.27042E-03
 1.27379E+00  1.28417E-03
 1.33395E+00  1.21498E-03
 1.39695E+00  1.16358E-03
 1.46292E+00  1.06140E-03
 1.53200E+00  9.87714E-04
 1.60435E+00  9.06949E-04
 1.68012E+00  8.73735E-04
 1.75946E+00  8.36723E-04
 1.84255E+00  8.17067E-04
 1.92957E+00  8.20040E-04
 2.02069E+00  8.71266E-04
 2.11612E+00  8.73662E-04
 2.21605E+00  8.95712E-04
 2.32071E+00  9.24618E-04
 2.43030E+00  9.54788E-04
 2.54507E+00  9.55071E-04
 2.66527E+00  9.95262E-04
 2.79113E+00  1.01089E-03
 2.92295E+00  1.45306E-03
 3.06098E+00  1.77621E-03
 3.20554E+00  1.86617E-03
 3.35692E+00  1.90383E-03
 3.51545E+00  2.04562E-03
 3.68147E+00  2.03097E-03
 3.85533E+00  2.10727E-03
 4.03739E+00  2.16471E-03
 4.22806E+00  2.17788E-03
 4.42773E+00  2.26548E-03
 4.63683E+00  2.30611E-03
 4.85581E+00  2.30840E-03
 5.08512E+00  2.31087E-03
 5.32527E+00  2.45625E-03
 5.57676E+00  2.42749E-03
 5.84012E+00  2.55928E-03
 6.11592E+00  2.61477E-03
 6.40475E+00  2.69481E-03
 6.70721E+00  2.86963E-03
 7.02396E+00  2.97996E-03
 7.35567E+00  3.09113E-03
 7.70304E+00  3.20528E-03
 8.06682E+00  3.31583E-03
 8.44778E+00  3.27386E-03
 8.84673E+00  3.35322E-03
 9.26451E+00  3.41890E-03
 9.70203E+00  3.36826E-03
 1.01602E+01  3.46274E-03
 1.06400E+01  3.66392E-03
 1.11425E+01  3.66462E-03
 1.16687E+01  3.82611E-03
 1.22198E+01  3.83834E-03
 1.27969E+01  4.05038E-03
 1.34012E+01  3.97915E-03
 1.40341E+01  3.82849E-03
 1.46968E+01  3.60850E-03
 1.53909E+01  3.58762E-03
 1.61177E+01  3.47433E-03
 1.68789E+01  3.28243E-03
 1.76760E+01  3.05030E-03
 1.85107E+01  2.67659E-03
 1.93849E+01  2.62980E-03
 2.03004E+01  2.55633E-03
 2.12591E+01  2.57610E-03
 2.22630E+01  2.42882E-03
 2.33144E+01  2.28754E-03
 2.44154E+01  2.34314E-03
 2.55685E+01  2.17592E-03
 2.67759E+01  2.17602E-03
 2.80404E+01  2.14953E-03
 2.93646E+01  2.31952E-03
 3.07514E+01  2.56432E-03
 3.22036E+01  2.91500E-03
 3.37245E+01  3.19762E-03
 3.53171E+01  3.88351E-03
 3.69850E+01  5.14652E-03
 3.87316E+01  6.79605E-03
 4.05607E+01  8.89124E-03
 4.24762E+01  1.20868E-02
 4.44821E+01  1.55494E-02
 4.65828E+01  2.08793E-02
 4.87827E+01  2.69682E-02
 5.10864E+01  3.52432E-02
 5.34990E+01  4.52940E-02
 5.60255E+01  5.85641E-02
 5.86713E+01  7.46979E-02
 6.14421E+01  9.51922E-02
 6.43437E+01  1.23775E-01
 6.73823E+01  1.59281E-01
 7.05645E+01  2.03722E-01
 7.38969E+01  2.53073E-01
 7.73867E+01  3.04569E-01
 8.10413E+01  3.59643E-01
 8.48685E+01  4.18303E-01
 8.88764E+01  4.85092E-01
 9.30736E+01  5.53546E-01
 9.74691E+01  6.36118E-01
 1.02072E+02  7.27706E-01
 1.06892E+02  8.32941E-01
 1.11940E+02  9.67751E-01
 1.17227E+02  1.12035E+00
 1.22763E+02  1.30264E+00
 1.28560E+02  1.50644E+00
 1.34632E+02  1.73683E+00
 1.40990E+02  1.97859E+00
 1.47648E+02  2.24298E+00
 1.54621E+02  2.51241E+00
 1.61923E+02  2.80251E+00
 1.69569E+02  3.11950E+00
 1.77577E+02  3.45343E+00
 1.85964E+02  3.82149E+00
 1.94746E+02  4.19239E+00
 2.03943E+02  4.56154E+00
 2.13574E+02  4.95289E+00
 2.23660E+02  5.33291E+00
 2.34222E+02  5.67195E+00
 2.45284E+02  5.99932E+00
 2.56867E+02  6.27317E+00
 2.68998E+02  6.51775E+00
 2.81701E+02  6.69838E+00
 2.95005E+02  6.82039E+00
 3.08936E+02  6.87560E+00
 3.23526E+02  6.89112E+00
 3.38804E+02  6.82026E+00
 3.54804E+02  6.72757E+00
 3.71560E+02  6.58347E+00
 3.89107E+02  6.38895E+00
 4.07483E+02  6.18686E+00
 4.26726E+02  5.94084E+00
 4.46878E+02  5.67452E+00
 4.67982E+02  5.41255E+00
 4.90083E+02  5.11596E+00
 5.13227E+02  4.81596E+00
 5.37464E+02  4.49973E+00
 5.62846E+02  4.21594E+00
 5.89427E+02  3.90470E+00
 6.17263E+02  3.65154E+00
 6.46413E+02  3.34305E+00
 6.76940E+02  3.06774E+00
 7.08909E+02  2.80166E+00
 7.42387E+02  2.55254E+00
 7.77446E+02  2.30843E+00
 8.14161E+02  2.10679E+00
 8.52610E+02  1.91649E+00
 8.92875E+02  1.69939E+00
 9.35041E+02  1.52536E+00
 9.79199E+02  1.38862E+00
 1.02544E+03  1.22488E+00
 1.07387E+03  1.09127E+00
 1.12458E+03  9.63889E-01
 1.17769E+03  8.54817E-01
 1.23331E+03  7.47109E-01
 1.29155E+03  6.51349E-01
 1.35254E+03  5.72331E-01
 1.41642E+03  4.88584E-01
 1.48331E+03  4.29043E-01
 1.55336E+03  3.68887E-01
 1.62672E+03  3.16203E-01
 1.70354E+03  2.81889E-01
 1.78399E+03  2.44006E-01
 1.86824E+03  2.04583E-01
 1.95646E+03  1.72466E-01
 2.04886E+03  1.47025E-01
 2.14562E+03  1.27773E-01
 2.24694E+03  1.05535E-01
 2.35306E+03  9.03818E-02
 2.46418E+03  7.81989E-02
 2.58055E+03  6.19514E-02
 2.70242E+03  5.41261E-02
 2.83004E+03  4.94478E-02
 2.96369E+03  4.24280E-02
 3.10365E+03  3.35761E-02
 3.25022E+03  2.75503E-02
 3.40371E+03  2.49521E-02
 3.56445E+03  1.80477E-02
 3.73279E+03  1.70513E-02
 3.90907E+03  1.00597E-02
 4.09367E+03  1.19843E-02
 4.28700E+03  8.35029E-03
 4.48945E+03  8.67171E-03
 4.70147E+03  6.12400E-03
 4.92350E+03  5.73705E-03
 5.15601E+03  5.13173E-03
 5.39950E+03  4.69262E-03
 5.65449E+03  3.54270E-03
 5.92153E+03  1.84816E-03
 6.20117E+03  1.15442E-03
 6.49403E+03  2.01436E-03
 6.80071E+03  1.28018E-03
 7.12187E+03  8.92357E-04
 7.45820E+03  1.40396E-03
