 7.88283E-05  0.00000E+00
 8.25510E-05  0.00000E+00
 8.64495E-05  0.00000E+00
 9.05321E-05  0.00000E+00
 9.48075E-05  0.00000E+00
 9.92848E-05  0.00000E+00
 1.03974E-04  0.00000E+00
 1.08884E-04  0.00000E+00
 1.14026E-04  0.00000E+00
 1.19411E-04  0.00000E+00
 1.25050E-04  0.00000E+00
 1.30955E-04  0.00000E+00
 1.37140E-04  0.00000E+00
 1.43616E-04  0.00000E+00
 1.50398E-04  0.00000E+00
 1.57501E-04  0.00000E+00
 1.64939E-04  0.00000E+00
 1.72728E-04  0.00000E+00
 1.80886E-04  0.00000E+00
 1.89428E-04  0.00000E+00
 1.98374E-04  0.00000E+00
 2.07742E-04  0.00000E+00
 2.17553E-04  0.00000E+00
 2.27826E-04  0.00000E+00
 2.38586E-04  0.00000E+00
 2.49853E-04  0.00000E+00
 2.61652E-04  0.00000E+00
 2.74009E-04  0.00000E+00
 2.86949E-04  0.00000E+00
 3.00500E-04  0.00000E+00
 3.14691E-04  0.00000E+00
 3.29553E-04  0.00000E+00
 3.45116E-04  0.00000E+00
 3.61414E-04  0.00000E+00
 3.78482E-04  0.00000E+00
 3.96356E-04  0.00000E+00
 4.15074E-04  0.00000E+00
 4.34676E-04  0.00000E+00
 4.55203E-04  0.00000E+00
 4.76700E-04  0.00000E+00
 4.99213E-04  0.00000E+00
 5.22788E-04  0.00000E+00
 5.47477E-04  0.00000E+00
 5.73332E-04  0.00000E+00
 6.00407E-04  0.00000E+00
 6.28762E-04  0.00000E+00
 6.58455E-04  0.00000E+00
 6.89551E-04  0.00000E+00
 7.22115E-04  0.00000E+00
 7.56217E-04  0.00000E+00
 7.91929E-04  0.00000E+00
 8.29328E-04  0.00000E+00
 8.68493E-04  0.00000E+00
 9.09508E-04  0.00000E+00
 9.52460E-04  0.00000E+00
 9.97440E-04  0.00000E+00
 1.04454E-03  0.00000E+00
 1.09387E-03  0.00000E+00
 1.14553E-03  0.00000E+00
 1.19963E-03  0.00000E+00
 1.25628E-03  0.00000E+00
 1.31561E-03  0.00000E+00
 1.37774E-03  0.00000E+00
 1.44280E-03  0.00000E+00
 1.51094E-03  0.00000E+00
 1.58230E-03  0.00000E+00
 1.65702E-03  0.00000E+00
 1.73527E-03  0.00000E+00
 1.81722E-03  0.00000E+00
 1.90304E-03  0.00000E+00
 1.99291E-03  0.00000E+00
 2.08703E-03  0.00000E+00
 2.18559E-03  0.00000E+00
 2.28880E-03  0.00000E+00
 2.39689E-03  0.00000E+00
 2.51008E-03  0.00000E+00
 2.62862E-03  0.00000E+00
 2.75276E-03  0.00000E+00
 2.88276E-03  0.00000E+00
 3.01890E-03  0.00000E+00
 3.16147E-03  0.00000E+00
 3.31077E-03  0.00000E+00
 3.46712E-03  0.00000E+00
 3.63086E-03  0.00000E+00
 3.80232E-03  0.00000E+00
 3.98189E-03  0.00000E+00
 4.16993E-03  0.00000E+00
 4.36686E-03  0.00000E+00
 4.57309E-03  0.00000E+00
 4.78905E-03  0.00000E+00
 5.01522E-03  0.00000E+00
 5.25206E-03  0.00000E+00
 5.50009E-03  0.00000E+00
 5.75983E-03  0.00000E+00
 6.03184E-03  0.00000E+00
 6.31670E-03  0.00000E+00
 6.61500E-03  0.00000E+00
 6.92740E-03  0.00000E+00
 7.25455E-03  0.00000E+00
 7.59714E-03  0.00000E+00
 7.95592E-03  0.00000E+00
 8.33164E-03  0.00000E+00
 8.72510E-03  0.00000E+00
 9.13715E-03  0.00000E+00
 9.56865E-03  0.00000E+00
 1.00205E-02  0.00000E+00
 1.04938E-02  0.00000E+00
 1.09893E-02  0.00000E+00
 1.15083E-02  0.00000E+00
 1.20518E-02  0.00000E+00
 1.26209E-02  0.00000E+00
 1.32170E-02  0.00000E+00
 1.38411E-02  0.00000E+00
 1.44948E-02  0.00000E+00
 1.51793E-02  0.00000E+00
 1.58961E-02  0.00000E+00
 1.66468E-02  0.00000E+00
 1.74330E-02  0.00000E+00
 1.82563E-02  0.00000E+00
 1.91184E-02  0.00000E+00
 2.00213E-02  0.00000E+00
 2.09668E-02  0.00000E+00
 2.19570E-02  0.00000E+00
 2.29939E-02  0.00000E+00
 2.40798E-02  0.00000E+00
 2.52169E-02  0.00000E+00
 2.64078E-02  0.00000E+00
 2.76549E-02  0.00000E+00
 2.89609E-02  0.00000E+00
 3.03286E-02  0.00000E+00
 3.17609E-02  0.00000E+00
 3.32608E-02  0.00000E+00
 3.48316E-02  0.00000E+00
 3.64765E-02  0.00000E+00
 3.81991E-02  0.00000E+00
 4.00031E-02  0.00000E+00
 4.18922E-02  0.00000E+00
 4.38706E-02  0.00000E+00
 4.59424E-02  0.00000E+00
 4.81120E-02  0.00000E+00
 5.03841E-02  0.00000E+00
 5.27635E-02  0.00000E+00
 5.52553E-02  4.76376E-11
 5.78647E-02  2.21518E-11
 6.05974E-02  4.03664E-11
 6.34591E-02  7.85923E-12
 6.64560E-02  8.28502E-11
 6.95944E-02  1.08404E-10
 7.28810E-02  1.14721E-10
 7.63228E-02  9.17099E-11
 7.99272E-02  1.27821E-10
 8.37017E-02  1.20592E-10
 8.76546E-02  1.65313E-10
 9.17941E-02  1.22896E-10
 9.61291E-02  1.44070E-10
 1.00669E-01  1.12733E-10
 1.05423E-01  9.60888E-11
 1.10401E-01  9.23972E-11
 1.15615E-01  6.63111E-11
 1.21075E-01  5.09435E-11
 1.26793E-01  3.50638E-11
 1.32781E-01  2.31878E-11
 1.39051E-01  1.76119E-11
 1.45618E-01  1.17771E-11
 1.52495E-01  6.92123E-12
 1.59697E-01  4.08805E-12
 1.67238E-01  2.23784E-12
 1.75136E-01  4.00042E-12
 1.83407E-01  5.55956E-12
 1.92068E-01  1.07472E-11
 2.01139E-01  4.91290E-12
 2.10638E-01  2.86677E-12
 2.20585E-01  9.13293E-13
 2.31002E-01  5.47795E-13
 2.41911E-01  3.13114E-13
 2.53336E-01  1.36476E-13
 2.65300E-01  4.54171E-14
 2.77828E-01  1.96632E-14
 2.90949E-01  9.11629E-15
 3.04689E-01  3.96716E-15
 3.19078E-01  2.09722E-15
 3.34146E-01  8.69850E-16
 3.49927E-01  4.21182E-16
 3.66452E-01  2.28125E-16
 3.83758E-01  1.38905E-16
 4.01881E-01  1.12373E-16
 4.20860E-01  6.31805E-17
 4.40735E-01  7.54830E-17
 4.61549E-01  8.69594E-17
 4.83345E-01  1.69608E-16
 5.06171E-01  3.19264E-16
 5.30075E-01  1.20702E-15
 5.55108E-01  8.17604E-15
 5.81323E-01  9.53764E-14
 6.08777E-01  2.55839E-12
 6.37526E-01  2.03635E-10
 6.67633E-01  4.79780E-08
 6.99163E-01  8.19658E-05
 7.32181E-01  4.97755E-04
 7.66758E-01  5.87156E-04
 8.02968E-01  6.43867E-04
 8.40889E-01  7.18195E-04
 8.80600E-01  7.20179E-04
 9.08427E-01  6.63379E-04
 9.08533E-01  6.63158E-04
 9.08639E-01  6.62937E-04
 9.08745E-01  6.62715E-04
 9.08851E-01  6.62494E-04
 9.08957E-01  6.62273E-04
 9.09064E-01  6.62051E-04
 9.09170E-01  6.61829E-04
 9.09276E-01  6.61608E-04
 9.09382E-01  6.61386E-04
 9.09489E-01  6.61164E-04
 9.09595E-01  6.60942E-04
 9.09701E-01  6.60720E-04
 9.09808E-01  6.60498E-04
 9.09914E-01  6.60276E-04
 9.10020E-01  6.60053E-04
 9.10127E-01  6.59831E-04
 9.10233E-01  6.59608E-04
 9.10340E-01  6.59386E-04
 9.10446E-01  6.59163E-04
 9.10553E-01  6.58940E-04
 9.10659E-01  6.58717E-04
 9.10766E-01  6.58495E-04
 9.10873E-01  6.58272E-04
 9.10979E-01  6.58048E-04
 9.11086E-01  6.57825E-04
 9.11192E-01  6.57602E-04
 9.11299E-01  6.57379E-04
 9.11406E-01  6.57155E-04
 9.11513E-01  6.56932E-04
 9.11619E-01  6.56708E-04
 9.11726E-01  6.56484E-04
 9.11833E-01  6.56260E-04
 9.11940E-01  6.56036E-04
 9.12047E-01  6.55812E-04
 9.12154E-01  6.55588E-04
 9.12261E-01  6.55364E-04
 9.12368E-01  6.55140E-04
 9.12475E-01  6.54916E-04
 9.12582E-01  6.54691E-04
 9.12689E-01  6.54467E-04
 9.12796E-01  6.54242E-04
 9.12903E-01  6.54017E-04
 9.13010E-01  6.53793E-04
 9.13117E-01  6.53568E-04
 9.13224E-01  6.53343E-04
 9.13331E-01  6.53118E-04
 9.13438E-01  6.52893E-04
 9.13546E-01  6.52667E-04
 9.13653E-01  6.52442E-04
 9.13760E-01  6.52217E-04
 9.13868E-01  6.51991E-04
 9.13975E-01  6.51766E-04
 9.14082E-01  6.51540E-04
 9.14190E-01  6.51314E-04
 9.14297E-01  6.51091E-04
 9.14404E-01  6.50863E-04
 9.14512E-01  6.50637E-04
 9.14619E-01  6.50410E-04
 9.14727E-01  6.50184E-04
 9.14834E-01  6.49958E-04
 9.14942E-01  6.49732E-04
 9.15050E-01  6.49505E-04
 9.15157E-01  6.49279E-04
 9.15265E-01  6.49052E-04
 9.15372E-01  6.48825E-04
 9.15480E-01  6.48598E-04
 9.15588E-01  6.48371E-04
 9.15696E-01  6.48144E-04
 9.15803E-01  6.47918E-04
 9.15911E-01  6.47690E-04
 9.16019E-01  6.47463E-04
 9.16127E-01  6.47236E-04
 9.16235E-01  6.47008E-04
 9.16342E-01  6.46781E-04
 9.16450E-01  6.46553E-04
 9.16558E-01  6.46325E-04
 9.16666E-01  6.46098E-04
 9.16774E-01  6.45870E-04
 9.16882E-01  6.45642E-04
 9.16990E-01  6.45414E-04
 9.17098E-01  6.45185E-04
 9.17206E-01  6.44959E-04
 9.17315E-01  6.44729E-04
 9.17423E-01  6.44501E-04
 9.17531E-01  6.44272E-04
 9.17639E-01  6.44046E-04
 9.17747E-01  6.43815E-04
 9.17856E-01  6.43586E-04
 9.17964E-01  6.43357E-04
 9.18072E-01  6.43128E-04
 9.18180E-01  6.42910E-04
 9.18289E-01  6.42670E-04
 9.18397E-01  6.42441E-04
 9.18506E-01  6.42211E-04
 9.18614E-01  6.41986E-04
 9.18722E-01  6.41752E-04
 9.18831E-01  6.41525E-04
 9.18939E-01  6.41293E-04
 9.19048E-01  6.41063E-04
 9.19156E-01  6.40833E-04
 9.19265E-01  6.40604E-04
 9.19374E-01  6.40373E-04
 9.19482E-01  6.40143E-04
 9.19591E-01  6.39913E-04
 9.19700E-01  6.39683E-04
 9.19808E-01  6.39457E-04
 9.19917E-01  6.39223E-04
 9.20026E-01  6.38991E-04
 9.20135E-01  6.38761E-04
 9.20243E-01  6.38530E-04
 9.20352E-01  6.38299E-04
 9.20461E-01  6.38071E-04
 9.20570E-01  6.37837E-04
 9.20679E-01  6.37606E-04
 9.20788E-01  6.37375E-04
 9.20897E-01  6.37143E-04
 9.21006E-01  6.36912E-04
 9.21115E-01  6.36680E-04
 9.21224E-01  6.36469E-04
 9.21333E-01  6.36645E-04
 9.21442E-01  6.36236E-04
 9.21551E-01  6.35826E-04
 9.21660E-01  6.38683E-04
 9.21769E-01  6.35290E-04
 9.21879E-01  6.35070E-04
 9.21988E-01  6.34826E-04
 9.22097E-01  6.34595E-04
 9.22186E-01  6.34634E-04
 9.22206E-01  6.34744E-04
 9.22316E-01  6.34853E-04
 9.22425E-01  6.35101E-04
 9.22534E-01  6.35422E-04
 9.22644E-01  6.35764E-04
 9.22753E-01  6.36061E-04
 9.22862E-01  6.37508E-04
 9.22972E-01  6.36700E-04
 9.23081E-01  6.37026E-04
 9.23191E-01  6.37444E-04
 9.23300E-01  6.37665E-04
 9.23410E-01  6.37993E-04
 9.23520E-01  6.38303E-04
 9.23629E-01  6.38624E-04
 9.23739E-01  6.38957E-04
 9.23848E-01  6.39347E-04
 9.23958E-01  6.39586E-04
 9.24068E-01  6.39926E-04
 9.24178E-01  6.40334E-04
 9.24287E-01  6.40724E-04
 9.24397E-01  6.40878E-04
 9.24507E-01  6.41732E-04
 9.24617E-01  6.41516E-04
 9.24727E-01  6.41843E-04
 9.24837E-01  6.42171E-04
 9.24946E-01  6.42492E-04
 9.25056E-01  6.42810E-04
 9.25166E-01  6.43689E-04
 9.25276E-01  6.45079E-04
 9.25386E-01  6.44436E-04
 9.25496E-01  6.47981E-04
 9.25607E-01  6.44434E-04
 9.25717E-01  6.44754E-04
 9.25827E-01  6.45103E-04
 9.25937E-01  6.45460E-04
 9.26047E-01  6.45712E-04
 9.26157E-01  6.46039E-04
 9.26268E-01  6.46371E-04
 9.26378E-01  6.48448E-04
 9.26488E-01  6.47013E-04
 9.26598E-01  6.47343E-04
 9.26709E-01  6.47692E-04
 9.26819E-01  6.47973E-04
 9.26929E-01  6.48329E-04
 9.27040E-01  6.48824E-04
 9.27150E-01  6.48955E-04
 9.27261E-01  6.55365E-04
 9.27371E-01  6.57727E-04
 9.27482E-01  6.50168E-04
 9.27592E-01  6.50478E-04
 9.27703E-01  6.50578E-04
 9.27814E-01  6.54914E-04
 9.27924E-01  6.51672E-04
 9.28035E-01  6.52402E-04
 9.28146E-01  6.54866E-04
 9.28256E-01  6.52233E-04
 9.28367E-01  6.52620E-04
 9.28478E-01  6.55003E-04
 9.28589E-01  6.53310E-04
 9.28699E-01  6.53896E-04
 9.28810E-01  6.53832E-04
 9.28921E-01  6.54402E-04
 9.29032E-01  6.59514E-04
 9.29143E-01  6.54921E-04
 9.29254E-01  6.58377E-04
 9.29365E-01  6.55782E-04
 9.29476E-01  6.55781E-04
 9.29587E-01  6.56172E-04
 9.29698E-01  6.57486E-04
 9.29809E-01  6.67000E-04
 9.29920E-01  6.57322E-04
 9.30031E-01  6.59764E-04
 9.30142E-01  6.65154E-04
 9.30254E-01  6.58706E-04
 9.30365E-01  6.58627E-04
 9.30476E-01  6.63667E-04
 9.30587E-01  6.68257E-04
 9.30699E-01  6.63642E-04
 9.30810E-01  6.65679E-04
 9.30921E-01  6.60218E-04
 9.31033E-01  6.70153E-04
 9.31144E-01  6.60874E-04
 9.31255E-01  6.61111E-04
 9.31367E-01  6.66464E-04
 9.31478E-01  6.62808E-04
 9.31590E-01  6.62628E-04
 9.31701E-01  6.70936E-04
 9.31813E-01  6.62781E-04
 9.31925E-01  6.64249E-04
 9.32036E-01  6.72915E-04
 9.32148E-01  6.80169E-04
 9.32259E-01  6.66295E-04
 9.32371E-01  6.86385E-04
 9.32483E-01  6.73726E-04
 9.32595E-01  6.75153E-04
 9.32706E-01  6.81366E-04
 9.32818E-01  6.80945E-04
 9.32930E-01  7.12327E-04
 9.33042E-01  7.32736E-04
 9.33154E-01  6.76035E-04
 9.33266E-01  7.00529E-04
 9.33378E-01  7.67160E-04
 9.33490E-01  7.40776E-04
 9.33602E-01  7.40163E-04
 9.33714E-01  7.49120E-04
 9.33826E-01  8.24668E-04
 9.33938E-01  8.91136E-04
 9.34050E-01  8.90132E-04
 9.34162E-01  1.12691E-03
 9.34274E-01  1.33799E-03
 9.34386E-01  1.62195E-03
 9.34498E-01  2.16610E-03
 9.34611E-01  2.74187E-03
 9.34723E-01  3.52894E-03
 9.34835E-01  4.37968E-03
 9.34947E-01  5.45229E-03
 9.35060E-01  6.19352E-03
 9.35172E-01  7.55862E-03
 9.35285E-01  8.58959E-03
 9.35397E-01  9.93998E-03
 9.35509E-01  1.08515E-02
 9.35622E-01  1.16573E-02
 9.35734E-01  1.24068E-02
 9.35847E-01  1.22947E-02
 9.35959E-01  1.32630E-02
 9.36072E-01  1.30988E-02
 9.36185E-01  1.34221E-02
 9.36297E-01  1.28635E-02
 9.36410E-01  1.18715E-02
 9.36523E-01  1.30861E-02
 9.36635E-01  1.25434E-02
 9.36748E-01  1.17625E-02
 9.36861E-01  1.12516E-02
 9.36974E-01  1.03499E-02
 9.37087E-01  1.09453E-02
 9.37199E-01  1.04111E-02
 9.37312E-01  9.89919E-03
 9.37425E-01  9.51448E-03
 9.37538E-01  8.92907E-03
 9.37651E-01  8.61995E-03
 9.37764E-01  8.87927E-03
 9.37877E-01  8.04995E-03
 9.37990E-01  7.82616E-03
 9.38103E-01  7.55998E-03
 9.38216E-01  7.36173E-03
 9.38329E-01  7.39460E-03
 9.38443E-01  6.49181E-03
 9.38556E-01  7.03850E-03
 9.38669E-01  6.71605E-03
 9.38782E-01  6.15452E-03
 9.38895E-01  5.93173E-03
 9.39009E-01  5.55449E-03
 9.39122E-01  5.63572E-03
 9.39235E-01  5.42136E-03
 9.39349E-01  5.02388E-03
 9.39462E-01  4.92737E-03
 9.39576E-01  4.72144E-03
 9.39689E-01  4.18076E-03
 9.39802E-01  4.24677E-03
 9.39916E-01  4.32251E-03
 9.40030E-01  3.69310E-03
 9.40143E-01  3.67494E-03
 9.40257E-01  3.40324E-03
 9.40370E-01  3.23683E-03
 9.40484E-01  3.13500E-03
 9.40598E-01  2.93159E-03
 9.40711E-01  2.69642E-03
 9.40825E-01  2.60103E-03
 9.40939E-01  2.37337E-03
 9.41053E-01  2.45606E-03
 9.41166E-01  2.17167E-03
 9.41280E-01  2.25502E-03
 9.41394E-01  1.90252E-03
 9.41508E-01  1.74090E-03
 9.41622E-01  1.71879E-03
 9.41736E-01  1.64269E-03
 9.41850E-01  1.55756E-03
 9.41964E-01  1.44547E-03
 9.42078E-01  1.40208E-03
 9.42192E-01  1.31925E-03
 9.42306E-01  1.29069E-03
 9.42420E-01  1.20539E-03
 9.42534E-01  1.15813E-03
 9.42648E-01  1.09893E-03
 9.42763E-01  1.03151E-03
 9.42877E-01  1.05832E-03
 9.42991E-01  9.94347E-04
 9.43105E-01  9.61599E-04
 9.43220E-01  9.48314E-04
 9.43334E-01  8.71699E-04
 9.43448E-01  8.83118E-04
 9.43563E-01  8.47834E-04
 9.43677E-01  8.53128E-04
 9.43792E-01  8.31419E-04
 9.43906E-01  8.36311E-04
 9.44021E-01  7.98293E-04
 9.44135E-01  8.04772E-04
 9.44250E-01  7.55050E-04
 9.44364E-01  7.71280E-04
 9.44479E-01  7.56636E-04
 9.44594E-01  7.56538E-04
 9.44708E-01  7.58403E-04
 9.44823E-01  7.24526E-04
 9.44938E-01  7.31311E-04
 9.45052E-01  7.30029E-04
 9.45167E-01  7.29783E-04
 9.45282E-01  7.23152E-04
 9.45397E-01  7.27251E-04
 9.45512E-01  7.14214E-04
 9.45627E-01  7.10225E-04
 9.45741E-01  7.13762E-04
 9.45856E-01  7.14978E-04
 9.45971E-01  7.06035E-04
 9.46086E-01  7.06333E-04
 9.46201E-01  7.11054E-04
 9.46316E-01  7.10093E-04
 9.46432E-01  7.08169E-04
 9.46547E-01  7.08173E-04
 9.46662E-01  7.14450E-04
 9.46777E-01  7.08849E-04
 9.46892E-01  7.09138E-04
 9.47007E-01  7.10118E-04
 9.47123E-01  7.08332E-04
 9.47238E-01  7.11024E-04
 9.47353E-01  7.09294E-04
 9.47469E-01  7.09604E-04
 9.47584E-01  7.12709E-04
 9.47699E-01  7.10085E-04
 9.47815E-01  7.10191E-04
 9.47930E-01  7.10544E-04
 9.48046E-01  7.10849E-04
 9.48161E-01  7.11222E-04
 9.48277E-01  7.11513E-04
 9.48392E-01  7.12161E-04
 9.48508E-01  7.12203E-04
 9.48624E-01  7.12621E-04
 9.48739E-01  7.14250E-04
 9.48855E-01  7.13655E-04
 9.48971E-01  7.13577E-04
 9.49086E-01  7.13911E-04
 9.49202E-01  7.15636E-04
 9.49318E-01  7.14681E-04
 9.49434E-01  7.15105E-04
 9.49549E-01  7.15295E-04
 9.49665E-01  7.15678E-04
 9.49781E-01  7.16012E-04
 9.49897E-01  7.17139E-04
 9.50013E-01  7.16687E-04
 9.50129E-01  7.17075E-04
 9.50245E-01  7.17383E-04
 9.50361E-01  7.17787E-04
 9.50477E-01  7.26829E-04
 9.50593E-01  7.18415E-04
 9.50710E-01  7.18764E-04
 9.50826E-01  7.19110E-04
 9.50942E-01  7.19458E-04
 9.51058E-01  7.19805E-04
 9.51174E-01  7.20153E-04
 9.51291E-01  7.21057E-04
 9.51407E-01  7.21031E-04
 9.51523E-01  7.21217E-04
 9.51640E-01  7.21598E-04
 9.51756E-01  7.21894E-04
 9.51872E-01  7.22243E-04
 9.51989E-01  7.22591E-04
 9.52105E-01  7.22954E-04
 9.52222E-01  7.23289E-04
 9.52338E-01  7.23649E-04
 9.52455E-01  7.23987E-04
 9.52571E-01  7.24337E-04
 9.52688E-01  7.24686E-04
 9.52805E-01  7.25036E-04
 9.52921E-01  7.25385E-04
 9.53038E-01  7.25735E-04
 9.53155E-01  7.26085E-04
 9.53272E-01  7.26435E-04
 9.53388E-01  7.26785E-04
 9.53505E-01  7.27135E-04
 9.53622E-01  7.27501E-04
 9.53739E-01  7.27835E-04
 9.53856E-01  7.28186E-04
 9.53973E-01  7.28537E-04
 9.54090E-01  7.28887E-04
 9.54207E-01  7.29238E-04
 9.54324E-01  7.29589E-04
 9.54441E-01  7.29941E-04
 9.54558E-01  7.30292E-04
 9.54675E-01  7.30643E-04
 9.54792E-01  7.30995E-04
 9.54909E-01  7.31346E-04
 9.55026E-01  7.31698E-04
 9.55144E-01  7.32050E-04
 9.55261E-01  7.32402E-04
 9.55378E-01  7.32754E-04
 9.55495E-01  7.33106E-04
 9.55613E-01  7.33458E-04
 9.55730E-01  7.33811E-04
 9.55847E-01  7.34163E-04
 9.55965E-01  7.34516E-04
 9.56082E-01  7.34879E-04
 9.56200E-01  7.35222E-04
 9.56317E-01  7.35575E-04
 9.56435E-01  7.35928E-04
 9.56552E-01  7.36281E-04
 9.56670E-01  7.36635E-04
 9.56788E-01  7.36988E-04
 9.56905E-01  7.37342E-04
 9.57023E-01  7.37695E-04
 9.57141E-01  7.38049E-04
 9.57258E-01  7.38403E-04
 9.57376E-01  7.38757E-04
 9.57494E-01  7.39112E-04
 9.57612E-01  7.39466E-04
 9.57730E-01  7.39820E-04
 9.57847E-01  7.40175E-04
 9.57965E-01  7.40530E-04
 9.58083E-01  7.40885E-04
 9.58201E-01  7.41240E-04
 9.58319E-01  7.41595E-04
 9.58437E-01  7.41950E-04
 9.58555E-01  7.42305E-04
 9.58673E-01  7.42660E-04
 9.58792E-01  7.43016E-04
 9.58910E-01  7.43372E-04
 9.59028E-01  7.43727E-04
 9.59146E-01  7.44083E-04
 9.59264E-01  7.44439E-04
 9.59383E-01  7.44796E-04
 9.59501E-01  7.45152E-04
 9.59619E-01  7.45508E-04
 9.59737E-01  7.45865E-04
 9.59856E-01  7.46221E-04
 9.59974E-01  7.46578E-04
 9.60093E-01  7.46935E-04
 9.60211E-01  7.47292E-04
 9.60330E-01  7.47649E-04
 9.60448E-01  7.48006E-04
 9.60567E-01  7.48364E-04
 9.60685E-01  7.48721E-04
 9.60804E-01  7.49079E-04
 9.60923E-01  7.49436E-04
 9.61041E-01  7.49794E-04
 9.61160E-01  7.50152E-04
 9.61279E-01  7.50510E-04
 9.61397E-01  7.50869E-04
 9.61516E-01  7.51227E-04
 9.61635E-01  7.51585E-04
 9.61754E-01  7.51944E-04
 9.61873E-01  7.52303E-04
 9.61992E-01  7.52661E-04
 9.62110E-01  7.53020E-04
 9.62229E-01  7.53379E-04
 9.62348E-01  7.53738E-04
 9.62467E-01  7.54098E-04
 9.62587E-01  7.54457E-04
 9.62706E-01  7.54817E-04
 9.62825E-01  7.55176E-04
 9.62944E-01  7.55536E-04
 9.63063E-01  7.55896E-04
 9.63182E-01  7.56256E-04
 9.63301E-01  7.56616E-04
 9.63421E-01  7.56977E-04
 9.63540E-01  7.57337E-04
 9.63659E-01  7.57697E-04
 9.63779E-01  7.58058E-04
 9.63898E-01  7.58419E-04
 9.64017E-01  7.58780E-04
 9.64137E-01  7.59141E-04
 9.64256E-01  7.59502E-04
 9.64376E-01  7.59863E-04
 9.64495E-01  7.60224E-04
 9.64615E-01  7.60586E-04
 9.65737E-01  7.63980E-04
 1.01134E+00  8.25565E-04
 1.05910E+00  8.61023E-04
 1.10912E+00  8.92126E-04
 1.16150E+00  8.86077E-04
 1.21635E+00  8.54800E-04
 1.27379E+00  8.60008E-04
 1.33395E+00  8.18937E-04
 1.39695E+00  7.83602E-04
 1.46292E+00  7.15578E-04
 1.53200E+00  6.67075E-04
 1.60435E+00  6.20051E-04
 1.68012E+00  5.86593E-04
 1.75946E+00  5.58842E-04
 1.84255E+00  5.46583E-04
 1.92957E+00  5.55380E-04
 2.02069E+00  5.79386E-04
 2.11612E+00  5.76077E-04
 2.21605E+00  5.87324E-04
 2.32071E+00  5.91631E-04
 2.43030E+00  6.02748E-04
 2.54507E+00  6.00510E-04
 2.66527E+00  6.13181E-04
 2.79113E+00  6.27698E-04
 2.92295E+00  8.75377E-04
 3.06098E+00  1.03987E-03
 3.20554E+00  1.08855E-03
 3.35692E+00  1.08790E-03
 3.51545E+00  1.14019E-03
 3.68147E+00  1.11085E-03
 3.85533E+00  1.13902E-03
 4.03739E+00  1.13850E-03
 4.22806E+00  1.14966E-03
 4.42773E+00  1.14468E-03
 4.63683E+00  1.15154E-03
 4.85581E+00  1.14217E-03
 5.08512E+00  1.15070E-03
 5.32527E+00  1.17518E-03
 5.57676E+00  1.16080E-03
 5.84012E+00  1.16930E-03
 6.11592E+00  1.19682E-03
 6.40475E+00  1.19562E-03
 6.70721E+00  1.25717E-03
 7.02396E+00  1.30417E-03
 7.35567E+00  1.33975E-03
 7.70304E+00  1.34033E-03
 8.06682E+00  1.36393E-03
 8.44778E+00  1.34611E-03
 8.84673E+00  1.38046E-03
 9.26451E+00  1.38716E-03
 9.70203E+00  1.37346E-03
 1.01602E+01  1.38998E-03
 1.06400E+01  1.42284E-03
 1.11425E+01  1.45034E-03
 1.16687E+01  1.47713E-03
 1.22198E+01  1.53808E-03
 1.27969E+01  1.54181E-03
 1.34012E+01  1.51691E-03
 1.40341E+01  1.46468E-03
 1.46968E+01  1.43319E-03
 1.53909E+01  1.38514E-03
 1.61177E+01  1.33623E-03
 1.68789E+01  1.27464E-03
 1.76760E+01  1.16418E-03
 1.85107E+01  9.97789E-04
 1.93849E+01  9.60980E-04
 2.03004E+01  9.79332E-04
 2.12591E+01  9.53469E-04
 2.22630E+01  9.19395E-04
 2.33144E+01  8.73639E-04
 2.44154E+01  8.30659E-04
 2.55685E+01  7.74904E-04
 2.67759E+01  7.24619E-04
 2.80404E+01  6.80159E-04
 2.93646E+01  6.46708E-04
 3.07514E+01  5.97682E-04
 3.22036E+01  5.81650E-04
 3.37245E+01  4.50838E-04
 3.53171E+01  4.10609E-04
 3.69850E+01  3.80485E-04
 3.87316E+01  4.07841E-04
 4.05607E+01  3.80862E-04
 4.24762E+01  4.28109E-04
 4.44821E+01  4.37009E-04
 4.65828E+01  5.05382E-04
 4.87827E+01  6.06457E-04
 5.10864E+01  7.44811E-04
 5.34990E+01  9.02577E-04
 5.60255E+01  1.18046E-03
 5.86713E+01  1.61818E-03
 6.14421E+01  2.15742E-03
 6.43437E+01  3.04616E-03
 6.73823E+01  4.32099E-03
 7.05645E+01  5.95480E-03
 7.38969E+01  7.99650E-03
 7.73867E+01  1.05965E-02
 8.10413E+01  1.31164E-02
 8.48685E+01  1.60651E-02
 8.88764E+01  1.96295E-02
 9.30736E+01  2.38326E-02
 9.74691E+01  2.92254E-02
 1.02072E+02  3.52298E-02
 1.06892E+02  4.27660E-02
 1.11940E+02  5.33402E-02
 1.17227E+02  6.59382E-02
 1.22763E+02  8.08649E-02
 1.28560E+02  1.00799E-01
 1.34632E+02  1.23540E-01
 1.40990E+02  1.49414E-01
 1.47648E+02  1.78531E-01
 1.54621E+02  2.09953E-01
 1.61923E+02  2.45266E-01
 1.69569E+02  2.86280E-01
 1.77577E+02  3.30903E-01
 1.85964E+02  3.82075E-01
 1.94746E+02  4.37356E-01
 2.03943E+02  4.96722E-01
 2.13574E+02  5.57346E-01
 2.23660E+02  6.19892E-01
 2.34222E+02  6.81594E-01
 2.45284E+02  7.43298E-01
 2.56867E+02  7.99813E-01
 2.68998E+02  8.51572E-01
 2.81701E+02  8.94440E-01
 2.95005E+02  9.33408E-01
 3.08936E+02  9.64222E-01
 3.23526E+02  9.84458E-01
 3.38804E+02  9.99780E-01
 3.54804E+02  1.00862E+00
 3.71560E+02  1.01122E+00
 3.89107E+02  1.00684E+00
 4.07483E+02  9.95428E-01
 4.26726E+02  9.80883E-01
 4.46878E+02  9.64202E-01
 4.67982E+02  9.43695E-01
 4.90083E+02  9.22213E-01
 5.13227E+02  8.90678E-01
 5.37464E+02  8.66330E-01
 5.62846E+02  8.32127E-01
 5.89427E+02  7.92983E-01
 6.17263E+02  7.61040E-01
 6.46413E+02  7.20299E-01
 6.76940E+02  6.85269E-01
 7.08909E+02  6.40913E-01
 7.42387E+02  6.00591E-01
 7.77446E+02  5.61206E-01
 8.14161E+02  5.24918E-01
 8.52610E+02  4.82347E-01
 8.92875E+02  4.44112E-01
 9.35041E+02  4.11398E-01
 9.79199E+02  3.73474E-01
 1.02544E+03  3.38633E-01
 1.07387E+03  3.07715E-01
 1.12458E+03  2.76703E-01
 1.17769E+03  2.46634E-01
 1.23331E+03  2.21378E-01
 1.29155E+03  1.96015E-01
 1.35254E+03  1.74860E-01
 1.41642E+03  1.53362E-01
 1.48331E+03  1.34688E-01
 1.55336E+03  1.15620E-01
 1.62672E+03  1.01146E-01
 1.70354E+03  8.86598E-02
 1.78399E+03  7.66300E-02
 1.86824E+03  6.57210E-02
 1.95646E+03  5.74172E-02
 2.04886E+03  4.76652E-02
 2.14562E+03  4.19708E-02
 2.24694E+03  3.67265E-02
 2.35306E+03  3.06748E-02
 2.46418E+03  2.52313E-02
 2.58055E+03  2.22234E-02
 2.70242E+03  1.81160E-02
 2.83004E+03  1.60872E-02
 2.96369E+03  1.33460E-02
 3.10365E+03  1.04954E-02
 3.25022E+03  1.02359E-02
 3.40371E+03  7.84340E-03
 3.56445E+03  6.01059E-03
 3.73279E+03  5.20266E-03
 3.90907E+03  4.69665E-03
 4.09367E+03  3.62821E-03
 4.28700E+03  3.31138E-03
 4.48945E+03  3.61927E-03
 4.70147E+03  2.25044E-03
 4.92350E+03  1.99695E-03
 5.15601E+03  1.44453E-03
 5.39950E+03  1.51727E-03
 5.65449E+03  1.53389E-03
 5.92153E+03  6.27742E-04
 6.20117E+03  6.00886E-04
 6.49403E+03  6.29276E-04
 6.80071E+03  3.95396E-04
 7.12187E+03  6.21066E-04
 7.45820E+03  6.50440E-04
