 7.88283E-05  0.00000E+00
 8.25510E-05  0.00000E+00
 8.64495E-05  0.00000E+00
 9.05321E-05  0.00000E+00
 9.48075E-05  0.00000E+00
 9.92848E-05  0.00000E+00
 1.03974E-04  0.00000E+00
 1.08884E-04  0.00000E+00
 1.14026E-04  0.00000E+00
 1.19411E-04  0.00000E+00
 1.25050E-04  0.00000E+00
 1.30955E-04  0.00000E+00
 1.37140E-04  0.00000E+00
 1.43616E-04  0.00000E+00
 1.50398E-04  0.00000E+00
 1.57501E-04  0.00000E+00
 1.64939E-04  0.00000E+00
 1.72728E-04  0.00000E+00
 1.80886E-04  0.00000E+00
 1.89428E-04  0.00000E+00
 1.98374E-04  0.00000E+00
 2.07742E-04  0.00000E+00
 2.17553E-04  0.00000E+00
 2.27826E-04  0.00000E+00
 2.38586E-04  0.00000E+00
 2.49853E-04  0.00000E+00
 2.61652E-04  0.00000E+00
 2.74009E-04  0.00000E+00
 2.86949E-04  0.00000E+00
 3.00500E-04  0.00000E+00
 3.14691E-04  0.00000E+00
 3.29553E-04  0.00000E+00
 3.45116E-04  0.00000E+00
 3.61414E-04  0.00000E+00
 3.78482E-04  0.00000E+00
 3.96356E-04  0.00000E+00
 4.15074E-04  0.00000E+00
 4.34676E-04  0.00000E+00
 4.55203E-04  0.00000E+00
 4.76700E-04  0.00000E+00
 4.99213E-04  0.00000E+00
 5.22788E-04  0.00000E+00
 5.47477E-04  0.00000E+00
 5.73332E-04  0.00000E+00
 6.00407E-04  0.00000E+00
 6.28762E-04  0.00000E+00
 6.58455E-04  0.00000E+00
 6.89551E-04  0.00000E+00
 7.22115E-04  0.00000E+00
 7.56217E-04  0.00000E+00
 7.91929E-04  0.00000E+00
 8.29328E-04  0.00000E+00
 8.68493E-04  0.00000E+00
 9.09508E-04  0.00000E+00
 9.52460E-04  0.00000E+00
 9.97440E-04  0.00000E+00
 1.04454E-03  0.00000E+00
 1.09387E-03  0.00000E+00
 1.14553E-03  0.00000E+00
 1.19963E-03  0.00000E+00
 1.25628E-03  0.00000E+00
 1.31561E-03  0.00000E+00
 1.37774E-03  0.00000E+00
 1.44280E-03  0.00000E+00
 1.51094E-03  0.00000E+00
 1.58230E-03  0.00000E+00
 1.65702E-03  0.00000E+00
 1.73527E-03  0.00000E+00
 1.81722E-03  0.00000E+00
 1.90304E-03  0.00000E+00
 1.99291E-03  0.00000E+00
 2.08703E-03  0.00000E+00
 2.18559E-03  0.00000E+00
 2.28880E-03  0.00000E+00
 2.39689E-03  0.00000E+00
 2.51008E-03  0.00000E+00
 2.62862E-03  0.00000E+00
 2.75276E-03  0.00000E+00
 2.88276E-03  0.00000E+00
 3.01890E-03  0.00000E+00
 3.16147E-03  0.00000E+00
 3.31077E-03  0.00000E+00
 3.46712E-03  0.00000E+00
 3.63086E-03  0.00000E+00
 3.80232E-03  0.00000E+00
 3.98189E-03  0.00000E+00
 4.16993E-03  0.00000E+00
 4.36686E-03  0.00000E+00
 4.57309E-03  0.00000E+00
 4.78905E-03  0.00000E+00
 5.01522E-03  0.00000E+00
 5.25206E-03  0.00000E+00
 5.50009E-03  0.00000E+00
 5.75983E-03  0.00000E+00
 6.03184E-03  0.00000E+00
 6.31670E-03  0.00000E+00
 6.61500E-03  0.00000E+00
 6.92740E-03  0.00000E+00
 7.25455E-03  0.00000E+00
 7.59714E-03  0.00000E+00
 7.95592E-03  0.00000E+00
 8.33164E-03  0.00000E+00
 8.72510E-03  0.00000E+00
 9.13715E-03  0.00000E+00
 9.56865E-03  0.00000E+00
 1.00205E-02  0.00000E+00
 1.04938E-02  0.00000E+00
 1.09893E-02  0.00000E+00
 1.15083E-02  0.00000E+00
 1.20518E-02  0.00000E+00
 1.26209E-02  0.00000E+00
 1.32170E-02  0.00000E+00
 1.38411E-02  0.00000E+00
 1.44948E-02  0.00000E+00
 1.51793E-02  0.00000E+00
 1.58961E-02  0.00000E+00
 1.66468E-02  0.00000E+00
 1.74330E-02  0.00000E+00
 1.82563E-02  0.00000E+00
 1.91184E-02  0.00000E+00
 2.00213E-02  0.00000E+00
 2.09668E-02  0.00000E+00
 2.19570E-02  0.00000E+00
 2.29939E-02  0.00000E+00
 2.40798E-02  0.00000E+00
 2.52169E-02  0.00000E+00
 2.64078E-02  0.00000E+00
 2.76549E-02  0.00000E+00
 2.89609E-02  0.00000E+00
 3.03286E-02  0.00000E+00
 3.17609E-02  0.00000E+00
 3.32608E-02  0.00000E+00
 3.48316E-02  0.00000E+00
 3.64765E-02  0.00000E+00
 3.81991E-02  0.00000E+00
 4.00031E-02  0.00000E+00
 4.18922E-02  0.00000E+00
 4.38706E-02  0.00000E+00
 4.59424E-02  0.00000E+00
 4.81120E-02  0.00000E+00
 5.03841E-02  0.00000E+00
 5.27635E-02  0.00000E+00
 5.52553E-02  3.16070E-11
 5.78647E-02  3.45835E-11
 6.05974E-02  0.00000E+00
 6.34591E-02  2.97688E-11
 6.64560E-02  2.32726E-11
 6.95944E-02  5.56697E-11
 7.28810E-02  3.34121E-11
 7.63228E-02  4.31811E-11
 7.99272E-02  9.33465E-11
 8.37017E-02  5.68434E-11
 8.76546E-02  5.18277E-11
 9.17941E-02  6.52820E-11
 9.61291E-02  5.20765E-11
 1.00669E-01  4.95154E-11
 1.05423E-01  4.51006E-11
 1.10401E-01  3.72773E-11
 1.15615E-01  3.19648E-11
 1.21075E-01  2.60858E-11
 1.26793E-01  1.90281E-11
 1.32781E-01  1.39021E-11
 1.39051E-01  1.11367E-11
 1.45618E-01  6.10222E-12
 1.52495E-01  4.05910E-12
 1.59697E-01  2.43556E-12
 1.67238E-01  1.60756E-12
 1.75136E-01  2.80731E-12
 1.83407E-01  4.47749E-12
 1.92068E-01  1.10768E-11
 2.01139E-01  4.77338E-12
 2.10638E-01  2.85551E-12
 2.20585E-01  8.63979E-13
 2.31002E-01  5.72520E-13
 2.41911E-01  3.08116E-13
 2.53336E-01  1.39080E-13
 2.65300E-01  4.71731E-14
 2.77828E-01  1.94577E-14
 2.90949E-01  9.06381E-15
 3.04689E-01  3.99347E-15
 3.19078E-01  2.09956E-15
 3.34146E-01  8.79295E-16
 3.49927E-01  4.32962E-16
 3.66452E-01  2.29596E-16
 3.83758E-01  1.41934E-16
 4.01881E-01  1.12079E-16
 4.20860E-01  6.42713E-17
 4.40735E-01  7.47802E-17
 4.61549E-01  8.61523E-17
 4.83345E-01  1.69858E-16
 5.06171E-01  3.18024E-16
 5.30075E-01  1.20776E-15
 5.55108E-01  8.10569E-15
 5.81323E-01  9.41163E-14
 6.08777E-01  2.55952E-12
 6.37526E-01  2.03878E-10
 6.67633E-01  4.73748E-08
 6.99163E-01  8.10830E-05
 7.32181E-01  4.95114E-04
 7.66758E-01  5.95135E-04
 8.02968E-01  6.47402E-04
 8.40889E-01  7.32305E-04
 8.80600E-01  7.43058E-04
 9.08427E-01  6.76321E-04
 9.08533E-01  6.76061E-04
 9.08639E-01  6.75802E-04
 9.08745E-01  6.75542E-04
 9.08851E-01  6.75282E-04
 9.08957E-01  6.75022E-04
 9.09064E-01  6.74762E-04
 9.09170E-01  6.74502E-04
 9.09276E-01  6.74241E-04
 9.09382E-01  6.73981E-04
 9.09489E-01  6.73721E-04
 9.09595E-01  6.73460E-04
 9.09701E-01  6.73199E-04
 9.09808E-01  6.72938E-04
 9.09914E-01  6.73504E-04
 9.10020E-01  6.72416E-04
 9.10127E-01  6.72155E-04
 9.10233E-01  6.71894E-04
 9.10340E-01  6.71633E-04
 9.10446E-01  6.71371E-04
 9.10553E-01  6.71110E-04
 9.10659E-01  6.70848E-04
 9.10766E-01  6.70601E-04
 9.10873E-01  6.70325E-04
 9.10979E-01  6.70063E-04
 9.11086E-01  6.69801E-04
 9.11192E-01  6.69539E-04
 9.11299E-01  6.69276E-04
 9.11406E-01  6.69014E-04
 9.11513E-01  6.68752E-04
 9.11619E-01  6.68489E-04
 9.11726E-01  6.68227E-04
 9.11833E-01  6.67964E-04
 9.11940E-01  6.67701E-04
 9.12047E-01  6.67438E-04
 9.12154E-01  6.67175E-04
 9.12261E-01  6.66912E-04
 9.12368E-01  6.66649E-04
 9.12475E-01  6.66385E-04
 9.12582E-01  6.66122E-04
 9.12689E-01  6.65858E-04
 9.12796E-01  6.65595E-04
 9.12903E-01  6.65331E-04
 9.13010E-01  6.65067E-04
 9.13117E-01  6.64803E-04
 9.13224E-01  6.64539E-04
 9.13331E-01  6.64275E-04
 9.13438E-01  6.64011E-04
 9.13546E-01  6.63746E-04
 9.13653E-01  6.63482E-04
 9.13760E-01  6.63217E-04
 9.13868E-01  6.62953E-04
 9.13975E-01  6.62688E-04
 9.14082E-01  6.62423E-04
 9.14190E-01  6.62158E-04
 9.14297E-01  6.61893E-04
 9.14404E-01  6.61628E-04
 9.14512E-01  6.61362E-04
 9.14619E-01  6.61097E-04
 9.14727E-01  6.60832E-04
 9.14834E-01  6.60566E-04
 9.14942E-01  6.60300E-04
 9.15050E-01  6.60035E-04
 9.15157E-01  6.59769E-04
 9.15265E-01  6.59503E-04
 9.15372E-01  6.59237E-04
 9.15480E-01  6.58970E-04
 9.15588E-01  6.58704E-04
 9.15696E-01  6.58438E-04
 9.15803E-01  6.58171E-04
 9.15911E-01  6.57904E-04
 9.16019E-01  6.57638E-04
 9.16127E-01  6.57371E-04
 9.16235E-01  6.57104E-04
 9.16342E-01  6.56837E-04
 9.16450E-01  6.56570E-04
 9.16558E-01  6.56303E-04
 9.16666E-01  6.56035E-04
 9.16774E-01  6.55768E-04
 9.16882E-01  6.55500E-04
 9.16990E-01  6.55233E-04
 9.17098E-01  6.54965E-04
 9.17206E-01  6.54697E-04
 9.17315E-01  6.54429E-04
 9.17423E-01  6.54161E-04
 9.17531E-01  6.53893E-04
 9.17639E-01  6.53624E-04
 9.17747E-01  6.53356E-04
 9.17856E-01  6.53088E-04
 9.17964E-01  6.52819E-04
 9.18072E-01  6.52550E-04
 9.18180E-01  6.52282E-04
 9.18289E-01  6.52013E-04
 9.18397E-01  6.51754E-04
 9.18506E-01  6.51475E-04
 9.18614E-01  6.51205E-04
 9.18722E-01  6.50936E-04
 9.18831E-01  6.50667E-04
 9.18939E-01  6.50397E-04
 9.19048E-01  6.52123E-04
 9.19156E-01  6.49858E-04
 9.19265E-01  6.49588E-04
 9.19374E-01  6.49318E-04
 9.19482E-01  6.49048E-04
 9.19591E-01  6.48778E-04
 9.19700E-01  6.48507E-04
 9.19808E-01  6.48237E-04
 9.19917E-01  6.47967E-04
 9.20026E-01  6.47709E-04
 9.20135E-01  6.47425E-04
 9.20243E-01  6.47154E-04
 9.20352E-01  6.46884E-04
 9.20461E-01  6.46613E-04
 9.20570E-01  6.46342E-04
 9.20679E-01  6.46070E-04
 9.20788E-01  6.45799E-04
 9.20897E-01  6.45528E-04
 9.21006E-01  6.45257E-04
 9.21115E-01  6.44984E-04
 9.21224E-01  6.44725E-04
 9.21333E-01  6.44441E-04
 9.21442E-01  6.44169E-04
 9.21551E-01  6.44696E-04
 9.21660E-01  6.43625E-04
 9.21769E-01  6.44619E-04
 9.21879E-01  6.43083E-04
 9.21988E-01  6.42808E-04
 9.22097E-01  6.43037E-04
 9.22186E-01  6.42457E-04
 9.22206E-01  6.42441E-04
 9.22316E-01  6.43026E-04
 9.22425E-01  6.43096E-04
 9.22534E-01  6.43420E-04
 9.22644E-01  6.43769E-04
 9.22753E-01  6.44118E-04
 9.22862E-01  6.44465E-04
 9.22972E-01  6.44814E-04
 9.23081E-01  6.45163E-04
 9.23191E-01  6.45538E-04
 9.23300E-01  6.45914E-04
 9.23410E-01  6.46235E-04
 9.23520E-01  6.46907E-04
 9.23629E-01  6.47126E-04
 9.23739E-01  6.47258E-04
 9.23848E-01  6.47620E-04
 9.23958E-01  6.47967E-04
 9.24068E-01  6.48835E-04
 9.24178E-01  6.48659E-04
 9.24287E-01  6.49546E-04
 9.24397E-01  6.49449E-04
 9.24507E-01  6.50638E-04
 9.24617E-01  6.50134E-04
 9.24727E-01  6.50496E-04
 9.24837E-01  6.51351E-04
 9.24946E-01  6.51920E-04
 9.25056E-01  6.51507E-04
 9.25166E-01  6.51816E-04
 9.25276E-01  6.52199E-04
 9.25386E-01  6.52551E-04
 9.25496E-01  6.53000E-04
 9.25607E-01  6.54965E-04
 9.25717E-01  6.53580E-04
 9.25827E-01  6.54211E-04
 9.25937E-01  6.54487E-04
 9.26047E-01  6.54704E-04
 9.26157E-01  6.58456E-04
 9.26268E-01  6.55327E-04
 9.26378E-01  6.63882E-04
 9.26488E-01  6.57177E-04
 9.26598E-01  6.58616E-04
 9.26709E-01  6.57410E-04
 9.26819E-01  6.57240E-04
 9.26929E-01  6.57534E-04
 9.27040E-01  6.58817E-04
 9.27150E-01  6.61622E-04
 9.27261E-01  6.64209E-04
 9.27371E-01  6.60127E-04
 9.27482E-01  6.65784E-04
 9.27592E-01  6.62833E-04
 9.27703E-01  6.60121E-04
 9.27814E-01  6.69822E-04
 9.27924E-01  6.71675E-04
 9.28035E-01  6.65838E-04
 9.28146E-01  6.63001E-04
 9.28256E-01  6.64505E-04
 9.28367E-01  6.70905E-04
 9.28478E-01  6.65558E-04
 9.28589E-01  6.71398E-04
 9.28699E-01  6.67891E-04
 9.28810E-01  6.73242E-04
 9.28921E-01  6.74235E-04
 9.29032E-01  6.71725E-04
 9.29143E-01  6.79857E-04
 9.29254E-01  6.72271E-04
 9.29365E-01  6.78484E-04
 9.29476E-01  6.79550E-04
 9.29587E-01  6.77222E-04
 9.29698E-01  6.91533E-04
 9.29809E-01  6.81989E-04
 9.29920E-01  6.94563E-04
 9.30031E-01  6.83953E-04
 9.30142E-01  6.81881E-04
 9.30254E-01  6.83284E-04
 9.30365E-01  6.96283E-04
 9.30476E-01  7.05478E-04
 9.30587E-01  7.00192E-04
 9.30699E-01  7.05106E-04
 9.30810E-01  7.09936E-04
 9.30921E-01  7.21441E-04
 9.31033E-01  7.16281E-04
 9.31144E-01  7.31904E-04
 9.31255E-01  7.31697E-04
 9.31367E-01  7.30329E-04
 9.31478E-01  7.57820E-04
 9.31590E-01  7.53774E-04
 9.31701E-01  7.51332E-04
 9.31813E-01  7.98480E-04
 9.31925E-01  7.98040E-04
 9.32036E-01  8.14862E-04
 9.32148E-01  8.01985E-04
 9.32259E-01  8.14231E-04
 9.32371E-01  8.25121E-04
 9.32483E-01  8.88335E-04
 9.32595E-01  8.82307E-04
 9.32706E-01  8.79912E-04
 9.32818E-01  8.77669E-04
 9.32930E-01  9.57161E-04
 9.33042E-01  1.00723E-03
 9.33154E-01  1.00198E-03
 9.33266E-01  1.10907E-03
 9.33378E-01  1.19111E-03
 9.33490E-01  1.21336E-03
 9.33602E-01  1.18316E-03
 9.33714E-01  1.55257E-03
 9.33826E-01  1.63299E-03
 9.33938E-01  1.75246E-03
 9.34050E-01  2.11580E-03
 9.34162E-01  2.52654E-03
 9.34274E-01  3.09397E-03
 9.34386E-01  3.44122E-03
 9.34498E-01  4.34080E-03
 9.34611E-01  4.99358E-03
 9.34723E-01  5.55301E-03
 9.34835E-01  6.23582E-03
 9.34947E-01  7.14809E-03
 9.35060E-01  8.31454E-03
 9.35172E-01  8.91215E-03
 9.35285E-01  9.42187E-03
 9.35397E-01  1.02625E-02
 9.35509E-01  1.08567E-02
 9.35622E-01  1.15372E-02
 9.35734E-01  1.21026E-02
 9.35847E-01  1.24845E-02
 9.35959E-01  1.27497E-02
 9.36072E-01  1.24893E-02
 9.36185E-01  1.32728E-02
 9.36297E-01  1.33124E-02
 9.36410E-01  1.30567E-02
 9.36523E-01  1.29936E-02
 9.36635E-01  1.30372E-02
 9.36748E-01  1.24026E-02
 9.36861E-01  1.19740E-02
 9.36974E-01  1.20585E-02
 9.37087E-01  1.13170E-02
 9.37199E-01  1.09021E-02
 9.37312E-01  1.09114E-02
 9.37425E-01  1.01627E-02
 9.37538E-01  1.04447E-02
 9.37651E-01  9.73001E-03
 9.37764E-01  9.51218E-03
 9.37877E-01  9.04911E-03
 9.37990E-01  8.88883E-03
 9.38103E-01  7.90869E-03
 9.38216E-01  7.83927E-03
 9.38329E-01  7.40096E-03
 9.38443E-01  7.49883E-03
 9.38556E-01  7.15823E-03
 9.38669E-01  7.15467E-03
 9.38782E-01  6.48153E-03
 9.38895E-01  6.42985E-03
 9.39009E-01  5.98812E-03
 9.39122E-01  5.95774E-03
 9.39235E-01  5.63661E-03
 9.39349E-01  5.79117E-03
 9.39462E-01  5.27275E-03
 9.39576E-01  4.79929E-03
 9.39689E-01  4.88411E-03
 9.39802E-01  4.57654E-03
 9.39916E-01  4.19617E-03
 9.40030E-01  3.91224E-03
 9.40143E-01  3.91929E-03
 9.40257E-01  3.56720E-03
 9.40370E-01  3.45178E-03
 9.40484E-01  3.18370E-03
 9.40598E-01  3.00020E-03
 9.40711E-01  2.86429E-03
 9.40825E-01  2.73209E-03
 9.40939E-01  2.56531E-03
 9.41053E-01  2.33587E-03
 9.41166E-01  2.40010E-03
 9.41280E-01  2.14640E-03
 9.41394E-01  2.23400E-03
 9.41508E-01  1.87272E-03
 9.41622E-01  1.88306E-03
 9.41736E-01  1.79263E-03
 9.41850E-01  1.61017E-03
 9.41964E-01  1.51324E-03
 9.42078E-01  1.44846E-03
 9.42192E-01  1.45950E-03
 9.42306E-01  1.44486E-03
 9.42420E-01  1.36176E-03
 9.42534E-01  1.19799E-03
 9.42648E-01  1.18053E-03
 9.42763E-01  1.12884E-03
 9.42877E-01  1.12063E-03
 9.42991E-01  1.05794E-03
 9.43105E-01  1.01671E-03
 9.43220E-01  9.88803E-04
 9.43334E-01  9.46630E-04
 9.43448E-01  9.65932E-04
 9.43563E-01  8.93178E-04
 9.43677E-01  8.93930E-04
 9.43792E-01  8.80644E-04
 9.43906E-01  8.41434E-04
 9.44021E-01  8.31096E-04
 9.44135E-01  8.08817E-04
 9.44250E-01  8.24234E-04
 9.44364E-01  8.04485E-04
 9.44479E-01  8.06264E-04
 9.44594E-01  7.71991E-04
 9.44708E-01  8.08883E-04
 9.44823E-01  7.68999E-04
 9.44938E-01  7.46545E-04
 9.45052E-01  7.69043E-04
 9.45167E-01  7.44863E-04
 9.45282E-01  7.48269E-04
 9.45397E-01  7.36511E-04
 9.45512E-01  7.51204E-04
 9.45627E-01  7.54935E-04
 9.45741E-01  7.37201E-04
 9.45856E-01  7.33643E-04
 9.45971E-01  7.30671E-04
 9.46086E-01  7.30961E-04
 9.46201E-01  7.28486E-04
 9.46316E-01  7.31242E-04
 9.46432E-01  7.30548E-04
 9.46547E-01  7.32966E-04
 9.46662E-01  7.30418E-04
 9.46777E-01  7.27232E-04
 9.46892E-01  7.25759E-04
 9.47007E-01  7.24884E-04
 9.47123E-01  7.25607E-04
 9.47238E-01  7.31782E-04
 9.47353E-01  7.25813E-04
 9.47469E-01  7.24599E-04
 9.47584E-01  7.24806E-04
 9.47699E-01  7.28184E-04
 9.47815E-01  7.25678E-04
 9.47930E-01  7.25579E-04
 9.48046E-01  7.31418E-04
 9.48161E-01  7.27121E-04
 9.48277E-01  7.27958E-04
 9.48392E-01  7.28613E-04
 9.48508E-01  7.29287E-04
 9.48624E-01  7.29648E-04
 9.48739E-01  7.27811E-04
 9.48855E-01  7.33713E-04
 9.48971E-01  7.30258E-04
 9.49086E-01  7.28942E-04
 9.49202E-01  7.30702E-04
 9.49318E-01  7.29683E-04
 9.49434E-01  7.30045E-04
 9.49549E-01  7.31707E-04
 9.49665E-01  7.33080E-04
 9.49781E-01  7.31691E-04
 9.49897E-01  7.31876E-04
 9.50013E-01  7.32025E-04
 9.50129E-01  7.32865E-04
 9.50245E-01  7.32686E-04
 9.50361E-01  7.33063E-04
 9.50477E-01  7.33601E-04
 9.50593E-01  7.33821E-04
 9.50710E-01  7.34233E-04
 9.50826E-01  7.35979E-04
 9.50942E-01  7.37753E-04
 9.51058E-01  7.36482E-04
 9.51174E-01  7.35715E-04
 9.51291E-01  7.36092E-04
 9.51407E-01  7.36472E-04
 9.51523E-01  7.37901E-04
 9.51640E-01  7.37230E-04
 9.51756E-01  7.37610E-04
 9.51872E-01  7.37990E-04
 9.51989E-01  7.38656E-04
 9.52105E-01  7.38750E-04
 9.52222E-01  7.39130E-04
 9.52338E-01  7.39511E-04
 9.52455E-01  7.39910E-04
 9.52571E-01  7.40271E-04
 9.52688E-01  7.40652E-04
 9.52805E-01  7.41629E-04
 9.52921E-01  7.41655E-04
 9.53038E-01  7.41794E-04
 9.53155E-01  7.42176E-04
 9.53272E-01  7.42557E-04
 9.53388E-01  7.42938E-04
 9.53505E-01  7.43320E-04
 9.53622E-01  7.43701E-04
 9.53739E-01  7.44083E-04
 9.53856E-01  7.44465E-04
 9.53973E-01  7.50151E-04
 9.54090E-01  7.45229E-04
 9.54207E-01  7.45612E-04
 9.54324E-01  7.45994E-04
 9.54441E-01  7.46377E-04
 9.54558E-01  7.46759E-04
 9.54675E-01  7.47142E-04
 9.54792E-01  7.47525E-04
 9.54909E-01  7.47910E-04
 9.55026E-01  7.48291E-04
 9.55144E-01  7.48675E-04
 9.55261E-01  7.49058E-04
 9.55378E-01  7.49442E-04
 9.55495E-01  7.49826E-04
 9.55613E-01  7.50210E-04
 9.55730E-01  7.50594E-04
 9.55847E-01  7.50978E-04
 9.55965E-01  7.51362E-04
 9.56082E-01  7.51746E-04
 9.56200E-01  7.52131E-04
 9.56317E-01  7.52516E-04
 9.56435E-01  7.52900E-04
 9.56552E-01  7.53285E-04
 9.56670E-01  7.53671E-04
 9.56788E-01  7.54055E-04
 9.56905E-01  7.54441E-04
 9.57023E-01  7.54826E-04
 9.57141E-01  7.55212E-04
 9.57258E-01  7.55597E-04
 9.57376E-01  7.55983E-04
 9.57494E-01  7.56369E-04
 9.57612E-01  7.56755E-04
 9.57730E-01  7.57142E-04
 9.57847E-01  7.57528E-04
 9.57965E-01  7.57914E-04
 9.58083E-01  7.58301E-04
 9.58201E-01  7.58688E-04
 9.58319E-01  7.59075E-04
 9.58437E-01  7.59462E-04
 9.58555E-01  7.59849E-04
 9.58673E-01  7.60236E-04
 9.58792E-01  7.60624E-04
 9.58910E-01  7.61011E-04
 9.59028E-01  7.61399E-04
 9.59146E-01  7.61787E-04
 9.59264E-01  7.62175E-04
 9.59383E-01  7.62563E-04
 9.59501E-01  7.62951E-04
 9.59619E-01  7.63339E-04
 9.59737E-01  7.63728E-04
 9.59856E-01  7.64116E-04
 9.59974E-01  7.64505E-04
 9.60093E-01  7.64894E-04
 9.60211E-01  7.65283E-04
 9.60330E-01  7.65672E-04
 9.60448E-01  7.66061E-04
 9.60567E-01  7.66451E-04
 9.60685E-01  7.66840E-04
 9.60804E-01  7.67230E-04
 9.60923E-01  7.67619E-04
 9.61041E-01  7.68009E-04
 9.61160E-01  7.68399E-04
 9.61279E-01  7.68790E-04
 9.61397E-01  7.69180E-04
 9.61516E-01  7.69570E-04
 9.61635E-01  7.69961E-04
 9.61754E-01  7.70352E-04
 9.61873E-01  7.70743E-04
 9.61992E-01  7.71134E-04
 9.62110E-01  7.71525E-04
 9.62229E-01  7.71916E-04
 9.62348E-01  7.72307E-04
 9.62467E-01  7.72699E-04
 9.62587E-01  7.73090E-04
 9.62706E-01  7.73482E-04
 9.62825E-01  7.73874E-04
 9.62944E-01  7.74266E-04
 9.63063E-01  7.74658E-04
 9.63182E-01  7.75051E-04
 9.63301E-01  7.75443E-04
 9.63421E-01  7.75836E-04
 9.63540E-01  7.76229E-04
 9.63659E-01  7.76621E-04
 9.63779E-01  7.77014E-04
 9.63898E-01  7.77407E-04
 9.64017E-01  7.77801E-04
 9.64137E-01  7.78194E-04
 9.64256E-01  7.78588E-04
 9.64376E-01  7.78981E-04
 9.64495E-01  7.79375E-04
 9.64615E-01  7.79769E-04
 9.65737E-01  7.83467E-04
 1.01134E+00  8.61994E-04
 1.05910E+00  8.99426E-04
 1.10912E+00  9.29411E-04
 1.16150E+00  9.22306E-04
 1.21635E+00  8.98574E-04
 1.27379E+00  8.99896E-04
 1.33395E+00  8.59827E-04
 1.39695E+00  8.20035E-04
 1.46292E+00  7.49621E-04
 1.53200E+00  6.98202E-04
 1.60435E+00  6.52002E-04
 1.68012E+00  6.17154E-04
 1.75946E+00  5.83449E-04
 1.84255E+00  5.77693E-04
 1.92957E+00  5.88178E-04
 2.02069E+00  6.06324E-04
 2.11612E+00  6.15236E-04
 2.21605E+00  6.33686E-04
 2.32071E+00  6.44635E-04
 2.43030E+00  6.51991E-04
 2.54507E+00  6.65029E-04
 2.66527E+00  6.84303E-04
 2.79113E+00  6.98623E-04
 2.92295E+00  1.00796E-03
 3.06098E+00  1.22399E-03
 3.20554E+00  1.30384E-03
 3.35692E+00  1.30464E-03
 3.51545E+00  1.40495E-03
 3.68147E+00  1.38635E-03
 3.85533E+00  1.43456E-03
 4.03739E+00  1.44671E-03
 4.22806E+00  1.47618E-03
 4.42773E+00  1.50516E-03
 4.63683E+00  1.53375E-03
 4.85581E+00  1.56398E-03
 5.08512E+00  1.56093E-03
 5.32527E+00  1.60412E-03
 5.57676E+00  1.62309E-03
 5.84012E+00  1.67309E-03
 6.11592E+00  1.70581E-03
 6.40475E+00  1.72565E-03
 6.70721E+00  1.80521E-03
 7.02396E+00  1.92542E-03
 7.35567E+00  1.95958E-03
 7.70304E+00  2.01742E-03
 8.06682E+00  2.04692E-03
 8.44778E+00  2.08032E-03
 8.84673E+00  2.12116E-03
 9.26451E+00  2.11932E-03
 9.70203E+00  2.15597E-03
 1.01602E+01  2.19782E-03
 1.06400E+01  2.21257E-03
 1.11425E+01  2.27032E-03
 1.16687E+01  2.35264E-03
 1.22198E+01  2.36463E-03
 1.27969E+01  2.40716E-03
 1.34012E+01  2.34434E-03
 1.40341E+01  2.25239E-03
 1.46968E+01  2.17081E-03
 1.53909E+01  2.09309E-03
 1.61177E+01  2.03833E-03
 1.68789E+01  1.93064E-03
 1.76760E+01  1.78723E-03
 1.85107E+01  1.54815E-03
 1.93849E+01  1.50705E-03
 2.03004E+01  1.43699E-03
 2.12591E+01  1.44556E-03
 2.22630E+01  1.37219E-03
 2.33144E+01  1.33017E-03
 2.44154E+01  1.29194E-03
 2.55685E+01  1.22755E-03
 2.67759E+01  1.19279E-03
 2.80404E+01  1.14496E-03
 2.93646E+01  1.16545E-03
 3.07514E+01  1.18214E-03
 3.22036E+01  1.23185E-03
 3.37245E+01  1.30918E-03
 3.53171E+01  1.41664E-03
 3.69850E+01  1.61779E-03
 3.87316E+01  1.93153E-03
 4.05607E+01  2.40589E-03
 4.24762E+01  2.91464E-03
 4.44821E+01  3.46684E-03
 4.65828E+01  4.26825E-03
 4.87827E+01  5.22056E-03
 5.10864E+01  6.41506E-03
 5.34990E+01  7.81617E-03
 5.60255E+01  9.52187E-03
 5.86713E+01  1.15557E-02
 6.14421E+01  1.42922E-02
 6.43437E+01  1.79477E-02
 6.73823E+01  2.26313E-02
 7.05645E+01  2.84002E-02
 7.38969E+01  3.48004E-02
 7.73867E+01  4.01455E-02
 8.10413E+01  4.52781E-02
 8.48685E+01  5.09201E-02
 8.88764E+01  5.67165E-02
 9.30736E+01  6.21116E-02
 9.74691E+01  6.93073E-02
 1.02072E+02  7.70583E-02
 1.06892E+02  8.59521E-02
 1.11940E+02  9.70522E-02
 1.17227E+02  1.12050E-01
 1.22763E+02  1.28348E-01
 1.28560E+02  1.48018E-01
 1.34632E+02  1.69604E-01
 1.40990E+02  1.92206E-01
 1.47648E+02  2.16726E-01
 1.54621E+02  2.42282E-01
 1.61923E+02  2.69169E-01
 1.69569E+02  3.00599E-01
 1.77577E+02  3.34884E-01
 1.85964E+02  3.75319E-01
 1.94746E+02  4.16151E-01
 2.03943E+02  4.62698E-01
 2.13574E+02  5.10546E-01
 2.23660E+02  5.62353E-01
 2.34222E+02  6.13308E-01
 2.45284E+02  6.69388E-01
 2.56867E+02  7.20653E-01
 2.68998E+02  7.69797E-01
 2.81701E+02  8.13697E-01
 2.95005E+02  8.57883E-01
 3.08936E+02  8.95131E-01
 3.23526E+02  9.28894E-01
 3.38804E+02  9.54449E-01
 3.54804E+02  9.76089E-01
 3.71560E+02  9.91212E-01
 3.89107E+02  9.98265E-01
 4.07483E+02  1.00443E+00
 4.26726E+02  1.00524E+00
 4.46878E+02  1.00003E+00
 4.67982E+02  9.88040E-01
 4.90083E+02  9.74902E-01
 5.13227E+02  9.53773E-01
 5.37464E+02  9.30871E-01
 5.62846E+02  9.12073E-01
 5.89427E+02  8.74409E-01
 6.17263E+02  8.38557E-01
 6.46413E+02  8.05868E-01
 6.76940E+02  7.64945E-01
 7.08909E+02  7.24954E-01
 7.42387E+02  6.80746E-01
 7.77446E+02  6.36493E-01
 8.14161E+02  5.91581E-01
 8.52610E+02  5.51552E-01
 8.92875E+02  5.08903E-01
 9.35041E+02  4.70216E-01
 9.79199E+02  4.26861E-01
 1.02544E+03  3.86924E-01
 1.07387E+03  3.55850E-01
 1.12458E+03  3.15566E-01
 1.17769E+03  2.86056E-01
 1.23331E+03  2.53670E-01
 1.29155E+03  2.23167E-01
 1.35254E+03  2.03646E-01
 1.41642E+03  1.75758E-01
 1.48331E+03  1.53651E-01
 1.55336E+03  1.35526E-01
 1.62672E+03  1.15652E-01
 1.70354E+03  1.02133E-01
 1.78399E+03  8.59326E-02
 1.86824E+03  7.76416E-02
 1.95646E+03  6.46928E-02
 2.04886E+03  5.78785E-02
 2.14562E+03  4.70709E-02
 2.24694E+03  4.12611E-02
 2.35306E+03  3.45790E-02
 2.46418E+03  3.04365E-02
 2.58055E+03  2.52607E-02
 2.70242E+03  2.18776E-02
 2.83004E+03  1.89556E-02
 2.96369E+03  1.56906E-02
 3.10365E+03  1.21966E-02
 3.25022E+03  1.05637E-02
 3.40371E+03  8.61903E-03
 3.56445E+03  7.68282E-03
 3.73279E+03  6.31010E-03
 3.90907E+03  5.81282E-03
 4.09367E+03  4.31493E-03
 4.28700E+03  3.82953E-03
 4.48945E+03  3.06997E-03
 4.70147E+03  2.87034E-03
 4.92350E+03  2.27997E-03
 5.15601E+03  1.89181E-03
 5.39950E+03  1.64764E-03
 5.65449E+03  8.33038E-04
 5.92153E+03  1.18208E-03
 6.20117E+03  1.04424E-03
 6.49403E+03  1.08251E-03
 6.80071E+03  4.29565E-04
 7.12187E+03  7.49727E-04
 7.45820E+03  7.06659E-04
