 0  1.007E+01   3.252E+01   5.216E-02   1.423E-02   3.474E+01   1.712E+02   2.132E+03   4.563E+11   1.347E+13   2.593E+11   1.280E+09   2.387E+09   2.864E+10   4.182E+11   7.802E-01   1.304E-03   1.162E+02   3.220E+01  -1.875E+00
 1  4.660E+00   2.391E+01   3.695E-02   1.174E-02   3.091E+01   9.338E+01   5.133E+02   3.402E+11   3.511E+12   1.460E+11   1.073E+09   1.197E+09   2.146E+10   3.100E+11   4.393E-01   9.718E-04   9.007E+01   1.133E+01  -1.875E+00
 2  4.970E+00   4.013E+01   4.634E-02   1.697E-02   3.097E+01   1.209E+02   6.336E+02   5.650E+11   4.431E+12   2.113E+11   2.029E+09   2.045E+09   4.166E+10   5.157E+11   6.358E-01   1.614E-03   9.033E+01   8.592E+00  -1.954E+00
 3  3.069E+00   2.129E+01   1.920E-02   7.716E-03   2.924E+01   9.531E+01   2.552E+02   3.105E+11   1.675E+12   7.614E+10   7.185E+08   6.240E+08   2.140E+10   2.810E+11   2.291E-01   8.869E-04   9.512E+01   5.960E+00  -2.001E+00
 4  5.937E+00   2.231E+01   3.477E-02   7.999E-03   3.291E+01   1.028E+02   5.133E+02   3.430E+11   4.101E+12   1.257E+11   8.779E+08   9.666E+08   2.361E+10   3.119E+11   3.782E-01   9.801E-04   9.615E+01   1.315E+01  -1.894E+00
 5  7.704E+00   1.945E+01   1.974E-02   8.073E-03   3.015E+01   1.284E+02   2.248E+02   3.232E+11   1.793E+12   8.760E+10   9.978E+08   1.066E+09   2.393E+10   2.950E+11   2.636E-01   9.233E-04   9.981E+01   6.079E+00  -1.936E+00
 6  7.622E+00   1.306E+01   2.492E-02   5.187E-03   3.150E+01   1.234E+02   5.932E+02   2.017E+11   4.687E+12   7.239E+10   3.816E+08   9.824E+08   1.029E+10   1.862E+11   2.179E-01   5.762E-04   1.082E+02   2.517E+01  -1.755E+00
 7  1.549E+00   1.792E+01   1.528E-02   6.837E-03   2.957E+01   6.057E+01   1.585E+02   2.401E+11   9.301E+11   7.144E+10   7.162E+08   5.997E+08   2.160E+10   2.165E+11   2.150E-01   6.859E-04   7.260E+01   4.296E+00  -2.005E+00
 8  2.325E+00   3.232E+01   2.297E-02   1.107E-02   2.966E+01   6.644E+01   2.612E+02   4.876E+11   1.314E+12   1.140E+11   1.449E+09   1.179E+09   4.441E+10   4.414E+11   3.431E-01   1.393E-03   7.447E+01   2.976E+00  -2.061E+00
 9  3.981E+00   1.134E+01   1.539E-02   4.287E-03   2.988E+01   1.047E+02   1.464E+02   1.745E+11   1.305E+12   4.716E+10   3.899E+08   4.536E+08   8.961E+09   1.587E+11   1.419E-01   4.986E-04   9.889E+01   8.222E+00  -1.776E+00
10  9.880E-01   9.666E+00   8.415E-03   3.856E-03   2.780E+01   7.759E+01   1.209E+02   1.014E+11   7.277E+11   3.367E+10   2.133E+08   2.519E+08   8.009E+09   9.289E+10   1.013E-01   2.896E-04   8.250E+01   7.833E+00  -1.967E+00
11  4.928E+00   2.626E+01   2.284E-02   9.649E-03   2.935E+01   1.302E+02   4.410E+02   3.701E+11   2.799E+12   9.709E+10   9.457E+08   8.416E+08   2.597E+10   3.370E+11   2.922E-01   1.057E-03   1.061E+02   8.305E+00  -1.933E+00
12  3.908E+00   1.506E+01   2.355E-02   6.998E-03   3.511E+01   1.488E+02   8.955E+02   2.101E+11   5.855E+12   1.275E+11   8.873E+08   1.550E+09   1.634E+10   1.921E+11   3.836E-01   6.003E-04   1.157E+02   3.047E+01  -1.965E+00
13  2.196E+00   1.837E+01   1.677E-02   7.446E-03   2.791E+01   8.192E+01   1.639E+02   2.440E+11   9.948E+11   6.113E+10   6.541E+08   6.081E+08   1.886E+10   2.210E+11   1.840E-01   6.971E-04   8.616E+01   4.500E+00  -2.045E+00
14  1.682E+01   6.522E+01   9.380E-02   1.811E-02   3.106E+01   1.381E+02   1.642E+03   1.076E+12   1.197E+13   2.301E+11   1.644E+09   5.756E+08   5.354E+10   9.843E+11   6.924E-01   3.073E-03   1.239E+02   1.216E+01  -1.787E+00
15  5.013E+00   3.588E+01   4.317E-02   1.145E-02   3.169E+01   7.843E+01   5.168E+02   5.501E+11   3.208E+12   1.562E+11   1.277E+09   7.748E+08   3.795E+10   5.002E+11   4.701E-01   1.572E-03   8.216E+01   6.414E+00  -1.954E+00
16  6.227E-01   1.073E+01   6.841E-03   2.912E-03   2.940E+01   6.806E+01   8.333E+01   1.350E+11   4.572E+11   3.002E+10   3.696E+08   1.803E+08   1.053E+10   1.221E+11   9.034E-02   3.858E-04   7.700E+01   3.746E+00  -2.045E+00
17  4.365E+00   3.361E+01   3.036E-02   9.662E-03   2.960E+01   1.808E+02   5.120E+02   4.571E+11   3.343E+12   1.001E+11   1.007E+09   6.857E+08   3.447E+10   4.150E+11   3.011E-01   1.306E-03   1.697E+02   8.055E+00  -2.006E+00
18  2.534E+00   9.565E+00   1.079E-02   2.902E-03   2.902E+01   1.219E+02   1.608E+02   1.597E+11   1.235E+12   2.974E+10   2.819E+08   1.490E+08   8.585E+09   1.463E+11   8.949E-02   4.562E-04   1.087E+02   8.446E+00  -1.664E+00
19  4.428E+00   9.386E+00   1.086E-02   2.680E-03   2.870E+01   1.280E+02   1.272E+02   1.528E+11   1.155E+12   2.469E+10   2.105E+08   1.230E+08   5.236E+09   1.404E+11   7.431E-02   4.366E-04   1.163E+02   8.223E+00  -1.625E+00
20  3.666E+00   3.209E+01   2.798E-02   8.211E-03   3.061E+01   9.027E+01   4.138E+02   4.712E+11   2.215E+12   9.829E+10   1.020E+09   4.148E+08   3.386E+10   4.258E+11   2.958E-01   1.346E-03   9.057E+01   5.202E+00  -2.000E+00
21  2.101E+00   1.169E+01   1.385E-02   3.891E-03   2.927E+01   1.013E+02   2.023E+02   1.695E+11   1.410E+12   3.973E+10   3.323E+08   1.623E+08   9.659E+09   1.555E+11   1.196E-01   4.843E-04   9.825E+01   9.068E+00  -1.823E+00
22  1.311E+00   8.509E+00   6.657E-03   2.593E-03   2.747E+01   1.227E+02   9.771E+01   1.150E+11   7.029E+11   2.007E+10   2.007E+08   1.250E+08   6.798E+09   1.047E+11   6.039E-02   3.284E-04   1.116E+02   6.710E+00  -1.866E+00
23  2.285E+00   2.679E+01   2.245E-02   7.283E-03   2.993E+01   9.669E+01   3.640E+02   3.322E+11   1.960E+12   7.996E+10   7.286E+08   3.274E+08   1.978E+10   3.008E+11   2.406E-01   9.490E-04   9.390E+01   6.515E+00  -1.938E+00
24  5.956E+00   1.864E+01   1.027E-02   3.554E-03   2.839E+01   1.024E+02   1.324E+02   3.077E+11   9.645E+11   3.316E+10   3.135E+08   1.344E+08   1.532E+10   2.818E+11   9.980E-02   8.791E-04   9.628E+01   3.423E+00  -1.685E+00
25  1.955E+00   2.316E+01   2.139E-02   7.012E-03   3.079E+01   8.110E+01   2.388E+02   3.131E+11   1.408E+12   8.512E+10   7.490E+08   3.961E+08   2.217E+10   2.852E+11   2.562E-01   8.944E-04   8.142E+01   4.936E+00  -1.964E+00
26  3.021E+00   1.723E+01   2.452E-02   6.131E-03   3.229E+01   8.237E+01   2.302E+02   2.611E+11   1.509E+12   8.604E+10   8.695E+08   3.981E+08   1.383E+10   2.384E+11   2.589E-01   7.459E-04   8.409E+01   6.327E+00  -1.840E+00
27  1.167E+00   6.928E+00   8.435E-03   2.315E-03   3.044E+01   7.177E+01   8.371E+01   9.049E+10   5.336E+11   2.846E+10   1.822E+08   9.901E+07   6.629E+09   8.224E+10   8.563E-02   2.585E-04   7.811E+01   6.488E+00  -1.943E+00
28  4.675E+00   1.185E+01   1.615E-02   2.657E-03   3.209E+01   1.165E+02   3.415E+02   2.093E+11   2.536E+12   3.917E+10   1.994E+08   9.846E+07   9.135E+09   1.924E+11   1.179E-01   5.980E-04   1.046E+02   1.318E+01  -1.720E+00
29  1.578E+00   9.848E+00   1.129E-02   2.832E-03   3.011E+01   1.002E+02   1.794E+02   1.417E+11   1.053E+12   3.270E+10   3.284E+08   1.547E+08   9.437E+09   1.294E+11   9.841E-02   4.049E-04   9.718E+01   8.136E+00  -1.887E+00
