-8.02568E+02  0.00000E+00
-7.86517E+02  1.44483E-06
-7.70465E+02  4.70057E-06
-7.54414E+02  1.60336E-05
-7.38363E+02  5.14387E-05
-7.22311E+02  1.42415E-04
-7.06260E+02  3.26766E-04
-6.90209E+02  6.12036E-04
-6.74157E+02  9.31951E-04
-6.58106E+02  1.15579E-03
-6.42054E+02  1.18306E-03
-6.26003E+02  1.05031E-03
-6.09952E+02  9.61440E-04
-5.93900E+02  1.24407E-03
-5.77849E+02  2.30482E-03
-5.61798E+02  4.69008E-03
-5.45746E+02  9.33228E-03
-5.29695E+02  1.79934E-02
-5.13644E+02  3.35204E-02
-4.97592E+02  5.91991E-02
-4.81541E+02  9.68116E-02
-4.65490E+02  1.44908E-01
-4.49438E+02  1.99010E-01
-4.33387E+02  2.54040E-01
-4.17335E+02  3.06626E-01
-4.01284E+02  3.55911E-01
-3.85233E+02  4.00579E-01
-3.69181E+02  4.42480E-01
-3.53130E+02  4.87383E-01
-3.37079E+02  5.43021E-01
-3.21027E+02  6.22001E-01
-3.04976E+02  7.39403E-01
-2.88925E+02  9.07381E-01
-2.72873E+02  1.12988E+00
-2.56822E+02  1.40015E+00
-2.40770E+02  1.70286E+00
-2.24719E+02  2.01559E+00
-2.08668E+02  2.31027E+00
-1.92616E+02  2.56321E+00
-1.76565E+02  2.76096E+00
-1.60514E+02  2.90995E+00
-1.44462E+02  3.03359E+00
-1.28411E+02  3.16370E+00
-1.12360E+02  3.31958E+00
-9.63082E+01  3.48907E+00
-8.02568E+01  3.62841E+00
-6.42054E+01  3.68159E+00
-4.81541E+01  3.61220E+00
-3.21027E+01  3.42645E+00
-1.60514E+01  3.17847E+00
 1.62981E-13  2.95839E+00
 1.60514E+01  2.79997E+00
 3.21027E+01  2.74492E+00
 4.81541E+01  2.76302E+00
 6.42054E+01  2.78458E+00
 8.02568E+01  2.75043E+00
 9.63082E+01  2.63449E+00
 1.12360E+02  2.44524E+00
 1.28411E+02  2.21450E+00
 1.44462E+02  1.97711E+00
 1.60514E+02  1.75729E+00
 1.76565E+02  1.56222E+00
 1.92616E+02  1.38736E+00
 2.08668E+02  1.22518E+00
 2.24719E+02  1.07361E+00
 2.40770E+02  9.34927E-01
 2.56822E+02  8.12261E-01
 2.72873E+02  7.06273E-01
 2.88925E+02  6.15081E-01
 3.04976E+02  5.37708E-01
 3.21027E+02  4.73816E-01
 3.37079E+02  4.22223E-01
 3.53130E+02  3.79557E-01
 3.69181E+02  3.41782E-01
 3.85233E+02  3.06302E-01
 4.01284E+02  2.72362E-01
 4.17335E+02  2.40074E-01
 4.33387E+02  2.09596E-01
 4.49438E+02  1.81073E-01
 4.65490E+02  1.54298E-01
 4.81541E+02  1.28466E-01
 4.97592E+02  1.03390E-01
 5.13644E+02  7.99327E-02
 5.29695E+02  5.95013E-02
 5.45746E+02  4.31522E-02
 5.61798E+02  3.09766E-02
 5.77849E+02  2.21668E-02
 5.93900E+02  1.56553E-02
 6.09952E+02  1.06494E-02
 6.26003E+02  6.77211E-03
 6.42054E+02  3.92700E-03
 6.58106E+02  2.05020E-03
 6.74157E+02  9.78384E-04
 6.90209E+02  4.63525E-04
 7.06260E+02  2.62182E-04
 7.22311E+02  2.04413E-04
 7.38363E+02  1.99455E-04
 7.54414E+02  2.05288E-04
 7.70465E+02  2.01239E-04
 7.86517E+02  1.81468E-04
 8.02568E+02  1.50889E-04
