-1.48866E+03  0.00000E+00
-1.45888E+03  6.71541E-06
-1.42911E+03  1.10685E-05
-1.39934E+03  2.20149E-05
-1.36956E+03  4.51184E-05
-1.33979E+03  8.11036E-05
-1.31002E+03  1.19763E-04
-1.28024E+03  1.43343E-04
-1.25047E+03  1.41532E-04
-1.22070E+03  1.23889E-04
-1.19092E+03  1.13533E-04
-1.16115E+03  1.25876E-04
-1.13138E+03  1.53863E-04
-1.10161E+03  1.76417E-04
-1.07183E+03  1.82500E-04
-1.04206E+03  1.86504E-04
-1.01229E+03  2.16992E-04
-9.82513E+02  2.93940E-04
-9.52740E+02  4.16111E-04
-9.22967E+02  5.64268E-04
-8.93193E+02  7.15518E-04
-8.63420E+02  8.65970E-04
-8.33647E+02  1.04831E-03
-8.03874E+02  1.32249E-03
-7.74101E+02  1.73973E-03
-7.44328E+02  2.35997E-03
-7.14555E+02  3.36185E-03
-6.84782E+02  5.26515E-03
-6.55009E+02  9.30741E-03
-6.25235E+02  1.78025E-02
-5.95462E+02  3.38904E-02
-5.65689E+02  5.99793E-02
-5.35916E+02  9.56119E-02
-5.06143E+02  1.35993E-01
-4.76370E+02  1.74239E-01
-4.46597E+02  2.03590E-01
-4.16824E+02  2.20550E-01
-3.87051E+02  2.24472E-01
-3.57277E+02  2.18565E-01
-3.27504E+02  2.09626E-01
-2.97731E+02  2.09481E-01
-2.67958E+02  2.33216E-01
-2.38185E+02  2.92515E-01
-2.08412E+02  3.85873E-01
-1.78639E+02  4.91959E-01
-1.48866E+02  5.76922E-01
-1.19092E+02  6.10820E-01
-8.93193E+01  5.86148E-01
-5.95462E+01  5.22011E-01
-2.97731E+01  4.49582E-01
-4.93601E-13  3.96339E-01
 2.97731E+01  3.74348E-01
 5.95462E+01  3.78043E-01
 8.93193E+01  3.88835E-01
 1.19092E+02  3.86926E-01
 1.48866E+02  3.62271E-01
 1.78639E+02  3.20531E-01
 2.08412E+02  2.75820E-01
 2.38185E+02  2.38714E-01
 2.67958E+02  2.11799E-01
 2.97731E+02  1.91387E-01
 3.27504E+02  1.73169E-01
 3.57277E+02  1.55620E-01
 3.87051E+02  1.39656E-01
 4.16824E+02  1.25530E-01
 4.46597E+02  1.11266E-01
 4.76370E+02  9.53253E-02
 5.06143E+02  7.68762E-02
 5.35916E+02  5.69162E-02
 5.65689E+02  3.81930E-02
 5.95462E+02  2.29552E-02
 6.25235E+02  1.22955E-02
 6.55009E+02  5.84618E-03
 6.84782E+02  2.47284E-03
 7.14555E+02  9.39809E-04
 7.44328E+02  3.31192E-04
 7.74101E+02  1.17313E-04
 8.03874E+02  5.07326E-05
 8.33647E+02  3.71161E-05
 8.63420E+02  4.58524E-05
 8.93193E+02  6.46705E-05
 9.22967E+02  8.25963E-05
 9.52740E+02  8.90016E-05
 9.82513E+02  7.97987E-05
 1.01229E+03  6.05111E-05
 1.04206E+03  4.09938E-05
 1.07183E+03  2.74843E-05
 1.10161E+03  2.02073E-05
 1.13138E+03  1.64212E-05
 1.16115E+03  1.39432E-05
 1.19092E+03  1.20889E-05
 1.22070E+03  1.12037E-05
 1.25047E+03  1.20593E-05
 1.28024E+03  1.53296E-05
 1.31002E+03  2.09465E-05
 1.33979E+03  2.75797E-05
 1.36956E+03  3.29202E-05
 1.39934E+03  3.45019E-05
 1.42911E+03  3.16617E-05
 1.45888E+03  2.53499E-05
 1.48866E+03  1.77512E-05
