-7.94257E+02  0.00000E+00
-7.78372E+02  1.16626E-04
-7.62487E+02  4.54295E-04
-7.46602E+02  1.53100E-03
-7.30717E+02  4.37151E-03
-7.14832E+02  1.05542E-02
-6.98947E+02  2.16503E-02
-6.83061E+02  3.81998E-02
-6.67176E+02  5.88772E-02
-6.51291E+02  8.10120E-02
-6.35406E+02  1.02161E-01
-6.19521E+02  1.21061E-01
-6.03636E+02  1.37039E-01
-5.87751E+02  1.49090E-01
-5.71865E+02  1.56160E-01
-5.55980E+02  1.58347E-01
-5.40095E+02  1.57566E-01
-5.24210E+02  1.56930E-01
-5.08325E+02  1.59721E-01
-4.92440E+02  1.68995E-01
-4.76554E+02  1.88127E-01
-4.60669E+02  2.21433E-01
-4.44784E+02  2.73724E-01
-4.28899E+02  3.48933E-01
-4.13014E+02  4.48194E-01
-3.97129E+02  5.69452E-01
-3.81244E+02  7.08448E-01
-3.65358E+02  8.61844E-01
-3.49473E+02  1.02901E+00
-3.33588E+02  1.20951E+00
-3.17703E+02  1.39828E+00
-3.01818E+02  1.58280E+00
-2.85933E+02  1.74922E+00
-2.70048E+02  1.89185E+00
-2.54162E+02  2.01626E+00
-2.38277E+02  2.13728E+00
-2.22392E+02  2.26829E+00
-2.06507E+02  2.41946E+00
-1.90622E+02  2.59981E+00
-1.74737E+02  2.81658E+00
-1.58851E+02  3.07681E+00
-1.42966E+02  3.38291E+00
-1.27081E+02  3.72564E+00
-1.11196E+02  4.06705E+00
-9.53109E+01  4.33772E+00
-7.94257E+01  4.46599E+00
-6.35406E+01  4.42241E+00
-4.76554E+01  4.25070E+00
-3.17703E+01  4.03757E+00
-1.58851E+01  3.85577E+00
 9.73232E-13  3.72861E+00
 1.58851E+01  3.63705E+00
 3.17703E+01  3.55603E+00
 4.76554E+01  3.48210E+00
 6.35406E+01  3.42726E+00
 7.94257E+01  3.39352E+00
 9.53109E+01  3.34977E+00
 1.11196E+02  3.24677E+00
 1.27081E+02  3.04992E+00
 1.42966E+02  2.76143E+00
 1.58851E+02  2.42100E+00
 1.74737E+02  2.07897E+00
 1.90622E+02  1.77218E+00
 2.06507E+02  1.51467E+00
 2.22392E+02  1.30483E+00
 2.38277E+02  1.13302E+00
 2.54162E+02  9.87322E-01
 2.70048E+02  8.55819E-01
 2.85933E+02  7.31144E-01
 3.01818E+02  6.12856E-01
 3.17703E+02  5.04632E-01
 3.33588E+02  4.10141E-01
 3.49473E+02  3.29993E-01
 3.65358E+02  2.62602E-01
 3.81244E+02  2.04163E-01
 3.97129E+02  1.51992E-01
 4.13014E+02  1.05910E-01
 4.28899E+02  6.75515E-02
 4.44784E+02  3.89843E-02
 4.60669E+02  2.02241E-02
 4.76554E+02  9.51801E-03
 4.92440E+02  4.22620E-03
 5.08325E+02  1.96439E-03
 5.24210E+02  1.24580E-03
 5.40095E+02  1.11685E-03
 5.55980E+02  1.15959E-03
 5.71865E+02  1.14498E-03
 5.87751E+02  9.75626E-04
 6.03636E+02  7.07906E-04
 6.19521E+02  4.49661E-04
 6.35406E+02  2.70908E-04
 6.51291E+02  1.71612E-04
 6.67176E+02  1.15180E-04
 6.83061E+02  8.09502E-05
 6.98947E+02  5.65478E-05
 7.14832E+02  3.96226E-05
 7.30717E+02  2.88606E-05
 7.46602E+02  2.24026E-05
 7.62487E+02  1.89981E-05
 7.78372E+02  1.79656E-05
 7.94257E+02  1.82660E-05
