-6.90300E+02  0.00000E+00
-6.76494E+02  3.96724E-08
-6.62688E+02  2.97105E-07
-6.48882E+02  1.88422E-06
-6.35076E+02  1.01559E-05
-6.21270E+02  4.67449E-05
-6.07464E+02  1.84819E-04
-5.93658E+02  6.32083E-04
-5.79852E+02  1.88182E-03
-5.66046E+02  4.89844E-03
-5.52240E+02  1.11796E-02
-5.38434E+02  2.23794E-02
-5.24628E+02  3.93920E-02
-5.10822E+02  6.13989E-02
-4.97016E+02  8.59074E-02
-4.83210E+02  1.10557E-01
-4.69404E+02  1.35394E-01
-4.55598E+02  1.63356E-01
-4.41792E+02  1.99356E-01
-4.27986E+02  2.49252E-01
-4.14180E+02  3.17902E-01
-4.00374E+02  4.10765E-01
-3.86568E+02  5.35303E-01
-3.72762E+02  7.00623E-01
-3.58956E+02  9.14695E-01
-3.45150E+02  1.17868E+00
-3.31344E+02  1.48342E+00
-3.17538E+02  1.81253E+00
-3.03732E+02  2.14877E+00
-2.89926E+02  2.48203E+00
-2.76120E+02  2.81207E+00
-2.62314E+02  3.14331E+00
-2.48508E+02  3.47723E+00
-2.34702E+02  3.80784E+00
-2.20896E+02  4.11831E+00
-2.07090E+02  4.39188E+00
-1.93284E+02  4.62466E+00
-1.79478E+02  4.83226E+00
-1.65672E+02  5.04697E+00
-1.51866E+02  5.29303E+00
-1.38060E+02  5.56764E+00
-1.24254E+02  5.83789E+00
-1.10448E+02  6.05553E+00
-9.66420E+01  6.18440E+00
-8.28360E+01  6.21198E+00
-6.90300E+01  6.15006E+00
-5.52240E+01  6.02196E+00
-4.14180E+01  5.86212E+00
-2.76120E+01  5.70007E+00
-1.38060E+01  5.56036E+00
 5.16884E-13  5.44686E+00
 1.38060E+01  5.33761E+00
 2.76120E+01  5.20048E+00
 4.14180E+01  5.01600E+00
 5.52240E+01  4.80214E+00
 6.90300E+01  4.61656E+00
 8.28360E+01  4.52449E+00
 9.66420E+01  4.55975E+00
 1.10448E+02  4.70256E+00
 1.24254E+02  4.88756E+00
 1.38060E+02  5.03941E+00
 1.51866E+02  5.10511E+00
 1.65672E+02  5.06875E+00
 1.79478E+02  4.93501E+00
 1.93284E+02  4.70878E+00
 2.07090E+02  4.41112E+00
 2.20896E+02  4.05208E+00
 2.34702E+02  3.63941E+00
 2.48508E+02  3.19723E+00
 2.62314E+02  2.77111E+00
 2.76120E+02  2.40843E+00
 2.89926E+02  2.13257E+00
 3.03732E+02  1.94064E+00
 3.17538E+02  1.80954E+00
 3.31344E+02  1.71218E+00
 3.45150E+02  1.62920E+00
 3.58956E+02  1.55379E+00
 3.72762E+02  1.48413E+00
 3.86568E+02  1.41475E+00
 4.00374E+02  1.33220E+00
 4.14180E+02  1.21842E+00
 4.27986E+02  1.06410E+00
 4.41792E+02  8.74611E-01
 4.55598E+02  6.71596E-01
 4.69404E+02  4.82209E-01
 4.83210E+02  3.25789E-01
 4.97016E+02  2.08809E-01
 5.10822E+02  1.27439E-01
 5.24628E+02  7.37861E-02
 5.38434E+02  4.03840E-02
 5.52240E+02  2.10060E-02
 5.66046E+02  1.06391E-02
 5.79852E+02  5.39826E-03
 5.93658E+02  2.85598E-03
 6.07464E+02  1.65485E-03
 6.21270E+02  1.16513E-03
 6.35076E+02  1.05347E-03
 6.48882E+02  1.12680E-03
 6.62688E+02  1.35594E-03
 6.76494E+02  1.14050E-03
 6.90300E+02  7.53330E-04
