-6.26484E+02  0.00000E+00
-6.13954E+02  3.90331E-04
-6.01425E+02  2.14752E-04
-5.88895E+02  1.35687E-04
-5.76365E+02  1.36748E-04
-5.63836E+02  2.18522E-04
-5.51306E+02  4.05503E-04
-5.38776E+02  7.77081E-04
-5.26247E+02  1.59900E-03
-5.13717E+02  3.57544E-03
-5.01187E+02  8.05574E-03
-4.88658E+02  1.68117E-02
-4.76128E+02  3.11675E-02
-4.63598E+02  5.10075E-02
-4.51069E+02  7.46273E-02
-4.38539E+02  9.95333E-02
-4.26009E+02  1.23347E-01
-4.13479E+02  1.44235E-01
-4.00950E+02  1.60855E-01
-3.88420E+02  1.72226E-01
-3.75890E+02  1.78429E-01
-3.63361E+02  1.81764E-01
-3.50831E+02  1.86673E-01
-3.38301E+02  1.97911E-01
-3.25772E+02  2.18417E-01
-3.13242E+02  2.48509E-01
-3.00712E+02  2.86603E-01
-2.88183E+02  3.30508E-01
-2.75653E+02  3.78616E-01
-2.63123E+02  4.30377E-01
-2.50594E+02  4.86043E-01
-2.38064E+02  5.45649E-01
-2.25534E+02  6.08391E-01
-2.13005E+02  6.70029E-01
-2.00475E+02  7.25100E-01
-1.87945E+02  7.68504E-01
-1.75416E+02  7.94427E-01
-1.62886E+02  7.97725E-01
-1.50356E+02  7.74833E-01
-1.37826E+02  7.28978E-01
-1.25297E+02  6.70545E-01
-1.12767E+02  6.13619E-01
-1.00237E+02  5.70995E-01
-8.77078E+01  5.52657E-01
-7.51781E+01  5.63863E-01
-6.26484E+01  6.03891E-01
-5.01187E+01  6.68111E-01
-3.75890E+01  7.54227E-01
-2.50594E+01  8.65585E-01
-1.25297E+01  1.00633E+00
-7.12462E-13  1.17254E+00
 1.25297E+01  1.34688E+00
 2.50594E+01  1.50249E+00
 3.75890E+01  1.61602E+00
 5.01187E+01  1.67705E+00
 6.26484E+01  1.68790E+00
 7.51781E+01  1.65442E+00
 8.77078E+01  1.57927E+00
 1.00237E+02  1.46428E+00
 1.12767E+02  1.31683E+00
 1.25297E+02  1.15309E+00
 1.37826E+02  9.92994E-01
 1.50356E+02  8.52873E-01
 1.62886E+02  7.42429E-01
 1.75416E+02  6.65313E-01
 1.87945E+02  6.20416E-01
 2.00475E+02  6.01831E-01
 2.13005E+02  5.98696E-01
 2.25534E+02  5.97100E-01
 2.38064E+02  5.85188E-01
 2.50594E+02  5.56263E-01
 2.63123E+02  5.09643E-01
 2.75653E+02  4.49727E-01
 2.88183E+02  3.83598E-01
 3.00712E+02  3.18579E-01
 3.13242E+02  2.59722E-01
 3.25772E+02  2.08685E-01
 3.38301E+02  1.64753E-01
 3.50831E+02  1.26363E-01
 3.63361E+02  9.24713E-02
 3.75890E+02  6.31441E-02
 3.88420E+02  3.93481E-02
 4.00950E+02  2.19370E-02
 4.13479E+02  1.07783E-02
 4.26009E+02  4.62321E-03
 4.38539E+02  1.72867E-03
 4.51069E+02  5.72931E-04
 4.63598E+02  1.79387E-04
 4.76128E+02  6.25658E-05
 4.88658E+02  3.08981E-05
 5.01187E+02  2.25906E-05
 5.13717E+02  2.01917E-05
 5.26247E+02  1.88291E-05
 5.38776E+02  1.78830E-05
 5.51306E+02  1.90093E-05
 5.63836E+02  2.39013E-05
 5.76365E+02  3.14720E-05
 5.88895E+02  3.72321E-05
 6.01425E+02  3.69251E-05
 6.13954E+02  2.99283E-05
 6.26484E+02  1.95094E-05
