-7.26880E+02  0.00000E+00
-7.12342E+02  7.02634E-05
-6.97805E+02  1.36629E-04
-6.83267E+02  2.45701E-04
-6.68730E+02  3.95037E-04
-6.54192E+02  6.00889E-04
-6.39654E+02  9.73361E-04
-6.25117E+02  1.81813E-03
-6.10579E+02  3.70562E-03
-5.96042E+02  7.45697E-03
-5.81504E+02  1.40159E-02
-5.66966E+02  2.41704E-02
-5.52429E+02  3.84379E-02
-5.37891E+02  5.75838E-02
-5.23354E+02  8.32210E-02
-5.08816E+02  1.18996E-01
-4.94278E+02  1.71323E-01
-4.79741E+02  2.50821E-01
-4.65203E+02  3.74012E-01
-4.50666E+02  5.61874E-01
-4.36128E+02  8.32491E-01
-4.21590E+02  1.18839E+00
-4.07053E+02  1.60309E+00
-3.92515E+02  2.02078E+00
-3.77978E+02  2.37065E+00
-3.63440E+02  2.59024E+00
-3.48902E+02  2.65388E+00
-3.34365E+02  2.58245E+00
-3.19827E+02  2.43286E+00
-3.05290E+02  2.27318E+00
-2.90752E+02  2.15391E+00
-2.76214E+02  2.09422E+00
-2.61677E+02  2.08555E+00
-2.47139E+02  2.10982E+00
-2.32602E+02  2.15025E+00
-2.18064E+02  2.20207E+00
-2.03526E+02  2.26494E+00
-1.88989E+02  2.33381E+00
-1.74451E+02  2.39890E+00
-1.59914E+02  2.44787E+00
-1.45376E+02  2.47616E+00
-1.30838E+02  2.48962E+00
-1.16301E+02  2.50038E+00
-1.01763E+02  2.52246E+00
-8.72256E+01  2.56570E+00
-7.26880E+01  2.62962E+00
-5.81504E+01  2.70218E+00
-4.36128E+01  2.76930E+00
-2.90752E+01  2.82724E+00
-1.45376E+01  2.88529E+00
 2.79397E-13  2.95851E+00
 1.45376E+01  3.06140E+00
 2.90752E+01  3.20643E+00
 4.36128E+01  3.40530E+00
 5.81504E+01  3.66447E+00
 7.26880E+01  3.97945E+00
 8.72256E+01  4.32080E+00
 1.01763E+02  4.63840E+00
 1.16301E+02  4.87099E+00
 1.30838E+02  4.97289E+00
 1.45376E+02  4.93173E+00
 1.59914E+02  4.76692E+00
 1.74451E+02  4.51235E+00
 1.88989E+02  4.19723E+00
 2.03526E+02  3.84569E+00
 2.18064E+02  3.47595E+00
 2.32602E+02  3.10217E+00
 2.47139E+02  2.73809E+00
 2.61677E+02  2.39363E+00
 2.76214E+02  2.07256E+00
 2.90752E+02  1.77280E+00
 3.05290E+02  1.48985E+00
 3.19827E+02  1.21993E+00
 3.34365E+02  9.63306E-01
 3.48902E+02  7.27948E-01
 3.63440E+02  5.24581E-01
 3.77978E+02  3.60888E-01
 3.92515E+02  2.37755E-01
 4.07053E+02  1.49914E-01
 4.21590E+02  9.02889E-02
 4.36128E+02  5.24335E-02
 4.50666E+02  3.05438E-02
 4.65203E+02  1.92592E-02
 4.79741E+02  1.38665E-02
 4.94278E+02  1.00425E-02
 5.08816E+02  7.44705E-03
 5.23354E+02  5.69421E-03
 5.37891E+02  4.26889E-03
 5.52429E+02  3.02053E-03
 5.66966E+02  1.97033E-03
 5.81504E+02  1.20373E-03
 5.96042E+02  7.44278E-04
 6.10579E+02  5.19670E-04
 6.25117E+02  4.23781E-04
 6.39654E+02  3.47321E-04
 6.54192E+02  2.59041E-04
 6.68730E+02  1.82885E-04
 6.83267E+02  1.17199E-04
 6.97805E+02  6.78204E-05
 7.12342E+02  3.83758E-05
 7.26880E+02  2.68477E-05
