-6.26411E+02  0.00000E+00
-6.13883E+02  4.26201E-03
-6.01354E+02  3.77875E-03
-5.88826E+02  3.25190E-03
-5.76298E+02  3.02105E-03
-5.63770E+02  3.15175E-03
-5.51241E+02  3.60375E-03
-5.38713E+02  4.51462E-03
-5.26185E+02  5.95093E-03
-5.13657E+02  7.82884E-03
-5.01129E+02  1.01538E-02
-4.88600E+02  1.30739E-02
-4.76072E+02  1.70476E-02
-4.63544E+02  2.26774E-02
-4.51016E+02  2.89963E-02
-4.38488E+02  3.77750E-02
-4.25959E+02  4.95635E-02
-4.13431E+02  6.38888E-02
-4.00903E+02  7.92591E-02
-3.88375E+02  8.78597E-02
-3.75846E+02  8.48774E-02
-3.63318E+02  7.79827E-02
-3.50790E+02  6.96222E-02
-3.38262E+02  6.49248E-02
-3.25734E+02  6.67297E-02
-3.13205E+02  7.30245E-02
-3.00677E+02  8.51597E-02
-2.88149E+02  9.89781E-02
-2.75621E+02  1.09586E-01
-2.63093E+02  1.20451E-01
-2.50564E+02  1.29921E-01
-2.38036E+02  1.47544E-01
-2.25508E+02  1.56642E-01
-2.12980E+02  1.46047E-01
-2.00451E+02  1.49721E-01
-1.87923E+02  1.51947E-01
-1.75395E+02  1.42220E-01
-1.62867E+02  1.33603E-01
-1.50339E+02  1.28130E-01
-1.37810E+02  1.26918E-01
-1.25282E+02  1.27893E-01
-1.12754E+02  1.41586E-01
-1.00226E+02  1.49687E-01
-8.76975E+01  1.46920E-01
-7.51693E+01  1.45344E-01
-6.26411E+01  1.39299E-01
-5.01129E+01  1.38393E-01
-3.75846E+01  1.47595E-01
-2.50564E+01  1.62358E-01
-1.25282E+01  1.79916E-01
-5.44824E-13  2.03110E-01
 1.25282E+01  2.34628E-01
 2.50564E+01  2.66361E-01
 3.75846E+01  2.91539E-01
 5.01129E+01  3.18661E-01
 6.26411E+01  3.39870E-01
 7.51693E+01  3.38533E-01
 8.76975E+01  3.26472E-01
 1.00226E+02  3.12092E-01
 1.12754E+02  2.93981E-01
 1.25282E+02  2.71489E-01
 1.37810E+02  2.50962E-01
 1.50339E+02  2.30129E-01
 1.62867E+02  2.07766E-01
 1.75395E+02  1.89363E-01
 1.87923E+02  1.79668E-01
 2.00451E+02  1.71207E-01
 2.12980E+02  1.59183E-01
 2.25508E+02  1.49941E-01
 2.38036E+02  1.42172E-01
 2.50564E+02  1.28597E-01
 2.63093E+02  1.14928E-01
 2.75621E+02  1.04312E-01
 2.88149E+02  9.46224E-02
 3.00677E+02  8.66767E-02
 3.13205E+02  8.07700E-02
 3.25734E+02  7.29640E-02
 3.38262E+02  6.26086E-02
 3.50790E+02  5.25488E-02
 3.63318E+02  4.13914E-02
 3.75846E+02  2.85955E-02
 3.88375E+02  1.88667E-02
 4.00903E+02  1.28735E-02
 4.13431E+02  1.06460E-02
 4.25959E+02  9.63032E-03
 4.38488E+02  1.10188E-02
 4.51016E+02  1.22680E-02
 4.63544E+02  1.33845E-02
 4.76072E+02  1.26984E-02
 4.88600E+02  1.06420E-02
 5.01129E+02  8.44249E-03
 5.13657E+02  6.47890E-03
 5.26185E+02  4.87603E-03
 5.38713E+02  3.62024E-03
 5.51241E+02  2.74642E-03
 5.63770E+02  2.35752E-03
 5.76298E+02  2.21881E-03
 5.88826E+02  5.24237E-04
 6.01354E+02  3.03249E-04
 6.13883E+02  1.69064E-03
 6.26411E+02  1.27154E-03
