-6.90228E+02  0.00000E+00
-6.76424E+02  2.55684E-07
-6.62619E+02  1.32322E-06
-6.48815E+02  5.54039E-06
-6.35010E+02  1.89232E-05
-6.21206E+02  5.35682E-05
-6.07401E+02  1.29496E-04
-5.93596E+02  2.80900E-04
-5.79792E+02  5.79384E-04
-5.65987E+02  1.18275E-03
-5.52183E+02  2.40738E-03
-5.38378E+02  4.65697E-03
-5.24574E+02  8.44872E-03
-5.10769E+02  1.38073E-02
-4.96964E+02  2.06783E-02
-4.83160E+02  2.78219E-02
-4.69355E+02  3.56298E-02
-4.55551E+02  4.15534E-02
-4.41746E+02  4.90845E-02
-4.27942E+02  5.86001E-02
-4.14137E+02  6.86993E-02
-4.00332E+02  8.29652E-02
-3.86528E+02  1.00427E-01
-3.72723E+02  1.24328E-01
-3.58919E+02  1.51776E-01
-3.45114E+02  1.84966E-01
-3.31310E+02  2.25507E-01
-3.17505E+02  2.71700E-01
-3.03701E+02  3.15714E-01
-2.89896E+02  3.63772E-01
-2.76091E+02  4.05400E-01
-2.62287E+02  4.59615E-01
-2.48482E+02  5.24295E-01
-2.34678E+02  5.96474E-01
-2.20873E+02  6.65154E-01
-2.07069E+02  7.31582E-01
-1.93264E+02  7.94522E-01
-1.79459E+02  8.60720E-01
-1.65655E+02  9.20554E-01
-1.51850E+02  9.77091E-01
-1.38046E+02  1.04360E+00
-1.24241E+02  1.09413E+00
-1.10437E+02  1.14111E+00
-9.66320E+01  1.17799E+00
-8.28274E+01  1.19110E+00
-6.90228E+01  1.22100E+00
-5.52183E+01  1.23663E+00
-4.14137E+01  1.24958E+00
-2.76091E+01  1.27226E+00
-1.38046E+01  1.24726E+00
-1.62981E-13  1.22779E+00
 1.38046E+01  1.22588E+00
 2.76091E+01  1.23331E+00
 4.14137E+01  1.25754E+00
 5.52183E+01  1.24825E+00
 6.90228E+01  1.22355E+00
 8.28274E+01  1.21532E+00
 9.66320E+01  1.21583E+00
 1.10437E+02  1.23468E+00
 1.24241E+02  1.25138E+00
 1.38046E+02  1.23052E+00
 1.51850E+02  1.24112E+00
 1.65655E+02  1.23289E+00
 1.79459E+02  1.16612E+00
 1.93264E+02  1.07263E+00
 2.07069E+02  9.57021E-01
 2.20873E+02  8.66754E-01
 2.34678E+02  7.98186E-01
 2.48482E+02  7.40961E-01
 2.62287E+02  6.60004E-01
 2.76091E+02  5.73205E-01
 2.89896E+02  5.21725E-01
 3.03701E+02  4.79162E-01
 3.17505E+02  4.43536E-01
 3.31310E+02  4.15742E-01
 3.45114E+02  3.96186E-01
 3.58919E+02  3.62720E-01
 3.72723E+02  3.39643E-01
 3.86528E+02  3.13409E-01
 4.00332E+02  2.82820E-01
 4.14137E+02  2.55980E-01
 4.27942E+02  2.29647E-01
 4.41746E+02  1.88692E-01
 4.55551E+02  1.42057E-01
 4.69355E+02  1.08783E-01
 4.83160E+02  8.20900E-02
 4.96964E+02  5.83849E-02
 5.10769E+02  4.05299E-02
 5.24574E+02  2.65846E-02
 5.38378E+02  1.87283E-02
 5.52183E+02  1.36727E-02
 5.65987E+02  1.11252E-02
 5.79792E+02  1.06034E-02
 5.93596E+02  8.00258E-03
 6.07401E+02  6.90217E-03
 6.21206E+02  6.40757E-03
 6.35010E+02  6.53116E-03
 6.48815E+02  5.32645E-03
 6.62619E+02  3.90964E-03
 6.76424E+02  2.82738E-03
 6.90228E+02  3.64845E-03
