-1.48861E+03  0.00000E+00
-1.45884E+03  1.22197E-03
-1.42906E+03  1.59988E-03
-1.39929E+03  2.84331E-03
-1.36952E+03  2.78978E-03
-1.33975E+03  3.65598E-03
-1.30998E+03  4.24079E-03
-1.28020E+03  4.46489E-03
-1.25043E+03  4.14721E-03
-1.22066E+03  3.54892E-03
-1.19089E+03  2.85656E-03
-1.16111E+03  2.79490E-03
-1.13134E+03  3.26349E-03
-1.10157E+03  6.05308E-03
-1.07180E+03  4.60776E-03
-1.04203E+03  5.40734E-03
-1.01225E+03  5.47787E-03
-9.82482E+02  6.51945E-03
-9.52709E+02  8.95680E-03
-9.22937E+02  1.04012E-02
-8.93165E+02  1.30724E-02
-8.63393E+02  1.67152E-02
-8.33621E+02  1.95513E-02
-8.03849E+02  2.51528E-02
-7.74076E+02  2.60660E-02
-7.44304E+02  2.18293E-02
-7.14532E+02  1.95182E-02
-6.84760E+02  1.83661E-02
-6.54988E+02  1.91104E-02
-6.25216E+02  2.38157E-02
-5.95443E+02  3.21115E-02
-5.65671E+02  4.14775E-02
-5.35899E+02  5.97472E-02
-5.06127E+02  7.75905E-02
-4.76355E+02  1.01395E-01
-4.46583E+02  1.24510E-01
-4.16810E+02  1.50047E-01
-3.87038E+02  1.63675E-01
-3.57266E+02  1.69610E-01
-3.27494E+02  1.76920E-01
-2.97722E+02  1.86455E-01
-2.67950E+02  1.98107E-01
-2.38177E+02  2.25413E-01
-2.08405E+02  2.67475E-01
-1.78633E+02  3.25329E-01
-1.48861E+02  3.68832E-01
-1.19089E+02  3.81402E-01
-8.93165E+01  3.61020E-01
-5.95443E+01  3.41976E-01
-2.97722E+01  3.21917E-01
 2.79397E-14  2.99508E-01
 2.97722E+01  3.00890E-01
 5.95443E+01  2.95741E-01
 8.93165E+01  3.09999E-01
 1.19089E+02  3.10639E-01
 1.48861E+02  2.81034E-01
 1.78633E+02  2.45992E-01
 2.08405E+02  2.28460E-01
 2.38177E+02  2.02443E-01
 2.67950E+02  1.79330E-01
 2.97722E+02  1.53933E-01
 3.27494E+02  1.37227E-01
 3.57266E+02  1.15662E-01
 3.87038E+02  9.59907E-02
 4.16810E+02  8.60807E-02
 4.46583E+02  6.94260E-02
 4.76355E+02  6.01405E-02
 5.06127E+02  5.14474E-02
 5.35899E+02  3.92066E-02
 5.65671E+02  2.82885E-02
 5.95443E+02  2.12002E-02
 6.25216E+02  1.79406E-02
 6.54988E+02  1.57459E-02
 6.84760E+02  1.58031E-02
 7.14532E+02  1.64531E-02
 7.44304E+02  1.67706E-02
 7.74076E+02  1.69318E-02
 8.03849E+02  1.77489E-02
 8.33621E+02  1.86196E-02
 8.63393E+02  1.90979E-02
 8.93165E+02  1.90142E-02
 9.22937E+02  1.86857E-02
 9.52709E+02  1.89434E-02
 9.82482E+02  2.09292E-02
 1.01225E+03  2.53628E-02
 1.04203E+03  3.15842E-02
 1.07180E+03  2.20219E-02
 1.10157E+03  4.05504E-02
 1.13134E+03  4.14894E-02
 1.16111E+03  3.85702E-02
 1.19089E+03  3.31720E-02
 1.22066E+03  2.62327E-02
 1.25043E+03  1.93774E-02
 1.28020E+03  1.43924E-02
 1.30998E+03  1.22147E-02
 1.33975E+03  1.24950E-02
 1.36952E+03  1.44537E-02
 1.39929E+03  1.54593E-02
 1.42906E+03  1.59000E-02
 1.45884E+03  1.52540E-02
 1.48861E+03  1.39978E-02
