-8.02497E+02  0.00000E+00
-7.86448E+02  1.34874E-04
-7.70398E+02  2.24525E-04
-7.54348E+02  3.00336E-04
-7.38298E+02  3.28898E-04
-7.22248E+02  3.15435E-04
-7.06198E+02  3.17366E-04
-6.90148E+02  4.10735E-04
-6.74098E+02  6.29325E-04
-6.58048E+02  9.19864E-04
-6.41998E+02  1.24459E-03
-6.25948E+02  1.58307E-03
-6.09898E+02  1.93037E-03
-5.93848E+02  2.44069E-03
-5.77798E+02  3.36458E-03
-5.61748E+02  5.06655E-03
-5.45698E+02  7.64859E-03
-5.29648E+02  1.21257E-02
-5.13598E+02  1.86525E-02
-4.97548E+02  2.76482E-02
-4.81498E+02  3.85895E-02
-4.65449E+02  5.08479E-02
-4.49399E+02  6.35084E-02
-4.33349E+02  7.80528E-02
-4.17299E+02  9.65479E-02
-4.01249E+02  1.21740E-01
-3.85199E+02  1.53801E-01
-3.69149E+02  1.84765E-01
-3.53099E+02  2.17447E-01
-3.37049E+02  2.32494E-01
-3.20999E+02  2.43343E-01
-3.04949E+02  2.58476E-01
-2.88899E+02  2.83387E-01
-2.72849E+02  3.16955E-01
-2.56799E+02  3.42819E-01
-2.40749E+02  3.94198E-01
-2.24699E+02  4.32479E-01
-2.08649E+02  4.64013E-01
-1.92599E+02  5.08538E-01
-1.76549E+02  5.54439E-01
-1.60499E+02  5.77576E-01
-1.44450E+02  6.09261E-01
-1.28400E+02  6.75340E-01
-1.12350E+02  7.31457E-01
-9.62997E+01  7.82259E-01
-8.02497E+01  8.12530E-01
-6.41998E+01  8.37634E-01
-4.81498E+01  8.52997E-01
-3.20999E+01  8.73343E-01
-1.60499E+01  8.73600E-01
-4.61005E-13  8.58774E-01
 1.60499E+01  8.48328E-01
 3.20999E+01  8.56207E-01
 4.81498E+01  8.74102E-01
 6.41998E+01  8.96009E-01
 8.02497E+01  8.96617E-01
 9.62997E+01  8.95063E-01
 1.12350E+02  8.71943E-01
 1.28400E+02  8.53273E-01
 1.44450E+02  8.30176E-01
 1.60499E+02  7.82019E-01
 1.76549E+02  7.19492E-01
 1.92599E+02  6.64565E-01
 2.08649E+02  6.28493E-01
 2.24699E+02  5.80491E-01
 2.40749E+02  5.53121E-01
 2.56799E+02  5.26190E-01
 2.72849E+02  5.02705E-01
 2.88899E+02  4.32428E-01
 3.04949E+02  3.95505E-01
 3.20999E+02  3.42896E-01
 3.37049E+02  3.14615E-01
 3.53099E+02  2.91775E-01
 3.69149E+02  2.61287E-01
 3.85199E+02  2.61495E-01
 4.01249E+02  2.07644E-01
 4.17299E+02  1.63721E-01
 4.33349E+02  1.37165E-01
 4.49399E+02  1.14656E-01
 4.65449E+02  9.62558E-02
 4.81498E+02  8.86887E-02
 4.97548E+02  7.84685E-02
 5.13598E+02  6.24911E-02
 5.29648E+02  4.89264E-02
 5.45698E+02  4.15797E-02
 5.61748E+02  3.72777E-02
 5.77798E+02  3.51474E-02
 5.93848E+02  3.19491E-02
 6.09898E+02  2.58764E-02
 6.25948E+02  1.96959E-02
 6.41998E+02  1.41088E-02
 6.58048E+02  1.07750E-02
 6.74098E+02  9.79547E-03
 6.90148E+02  1.15630E-02
 7.06198E+02  1.05934E-02
 7.22248E+02  1.04049E-02
 7.38298E+02  1.00523E-02
 7.54348E+02  9.17814E-03
 7.70398E+02  7.75935E-03
 7.86448E+02  7.54207E-03
 8.02497E+02  7.76639E-03
