-7.94186E+02  0.00000E+00
-7.78303E+02  8.08556E-04
-7.62419E+02  5.85248E-04
-7.46535E+02  5.14961E-04
-7.30651E+02  7.74772E-04
-7.14768E+02  1.61589E-03
-6.98884E+02  3.33521E-03
-6.83000E+02  6.34843E-03
-6.67117E+02  1.02962E-02
-6.51233E+02  1.45414E-02
-6.35349E+02  1.69602E-02
-6.19465E+02  1.85525E-02
-6.03582E+02  2.03667E-02
-5.87698E+02  2.25357E-02
-5.71814E+02  2.48896E-02
-5.55930E+02  2.85748E-02
-5.40047E+02  2.95719E-02
-5.24163E+02  3.05492E-02
-5.08279E+02  3.30023E-02
-4.92396E+02  3.51271E-02
-4.76512E+02  3.74787E-02
-4.60628E+02  4.13334E-02
-4.44744E+02  4.98167E-02
-4.28861E+02  6.14531E-02
-4.12977E+02  7.64651E-02
-3.97093E+02  8.69043E-02
-3.81209E+02  9.86769E-02
-3.65326E+02  1.07506E-01
-3.49442E+02  1.19085E-01
-3.33558E+02  1.36245E-01
-3.17675E+02  1.58549E-01
-3.01791E+02  1.89702E-01
-2.85907E+02  2.26041E-01
-2.70023E+02  2.64910E-01
-2.54140E+02  2.99761E-01
-2.38256E+02  3.27493E-01
-2.22372E+02  3.53336E-01
-2.06488E+02  3.79155E-01
-1.90605E+02  3.80708E-01
-1.74721E+02  3.72466E-01
-1.58837E+02  3.91535E-01
-1.42954E+02  4.15090E-01
-1.27070E+02  4.45061E-01
-1.11186E+02  4.91376E-01
-9.53024E+01  5.64673E-01
-7.94186E+01  6.17948E-01
-6.35349E+01  6.18847E-01
-4.76512E+01  6.07528E-01
-3.17675E+01  6.02679E-01
-1.58837E+01  5.99120E-01
-1.44355E-13  5.94733E-01
 1.58837E+01  5.89892E-01
 3.17675E+01  5.90943E-01
 4.76512E+01  6.02130E-01
 6.35349E+01  6.15880E-01
 7.94186E+01  6.23624E-01
 9.53024E+01  6.11010E-01
 1.11186E+02  5.94303E-01
 1.27070E+02  5.57202E-01
 1.42954E+02  5.21041E-01
 1.58837E+02  4.66851E-01
 1.74721E+02  4.13245E-01
 1.90605E+02  3.66852E-01
 2.06488E+02  3.30739E-01
 2.22372E+02  3.02388E-01
 2.38256E+02  2.72574E-01
 2.54140E+02  2.51512E-01
 2.70023E+02  2.21514E-01
 2.85907E+02  1.87767E-01
 3.01791E+02  1.60558E-01
 3.17675E+02  1.29687E-01
 3.33558E+02  1.03849E-01
 3.49442E+02  9.25732E-02
 3.65326E+02  9.06461E-02
 3.81209E+02  8.28971E-02
 3.97093E+02  7.04241E-02
 4.12977E+02  5.95884E-02
 4.28861E+02  4.44458E-02
 4.44744E+02  3.60748E-02
 4.60628E+02  3.42446E-02
 4.76512E+02  3.00333E-02
 4.92396E+02  2.42943E-02
 5.08279E+02  1.72465E-02
 5.24163E+02  1.37628E-02
 5.40047E+02  1.16866E-02
 5.55930E+02  6.97219E-03
 5.71814E+02  6.49939E-03
 5.87698E+02  8.67272E-03
 6.03582E+02  7.24026E-03
 6.19465E+02  5.85674E-03
 6.35349E+02  4.81839E-03
 6.51233E+02  4.06772E-03
 6.67117E+02  3.31135E-03
 6.83000E+02  2.69209E-03
 6.98884E+02  2.33457E-03
 7.14768E+02  1.88399E-03
 7.30651E+02  1.39572E-03
 7.46535E+02  1.01623E-03
 7.62419E+02  8.34236E-04
 7.78303E+02  8.74859E-04
 7.94186E+02  1.05493E-03
