-7.26811E+02  0.00000E+00
-7.12275E+02  2.81061E-04
-6.97738E+02  3.58326E-04
-6.83202E+02  5.37370E-04
-6.68666E+02  8.78506E-04
-6.54130E+02  1.45613E-03
-6.39593E+02  2.39655E-03
-6.25057E+02  3.53393E-03
-6.10521E+02  4.10424E-03
-5.95985E+02  5.21675E-03
-5.81449E+02  7.10807E-03
-5.66912E+02  9.90755E-03
-5.52376E+02  1.22149E-02
-5.37840E+02  1.59297E-02
-5.23304E+02  2.20350E-02
-5.08768E+02  2.66460E-02
-4.94231E+02  3.44161E-02
-4.79695E+02  4.52528E-02
-4.65159E+02  6.12841E-02
-4.50623E+02  8.17409E-02
-4.36086E+02  1.05924E-01
-4.21550E+02  1.42972E-01
-4.07014E+02  1.93000E-01
-3.92478E+02  2.33883E-01
-3.77942E+02  2.77981E-01
-3.63405E+02  2.99985E-01
-3.48869E+02  3.01873E-01
-3.34333E+02  3.05511E-01
-3.19797E+02  2.95985E-01
-3.05261E+02  2.78835E-01
-2.90724E+02  2.55831E-01
-2.76188E+02  2.42160E-01
-2.61652E+02  2.27279E-01
-2.47116E+02  2.23767E-01
-2.32579E+02  2.26047E-01
-2.18043E+02  2.32401E-01
-2.03507E+02  2.43045E-01
-1.88971E+02  2.41824E-01
-1.74435E+02  2.42909E-01
-1.59898E+02  2.52187E-01
-1.45362E+02  2.61740E-01
-1.30826E+02  2.79303E-01
-1.16290E+02  2.99465E-01
-1.01754E+02  3.23702E-01
-8.72173E+01  3.39412E-01
-7.26811E+01  3.67875E-01
-5.81449E+01  4.02352E-01
-4.36086E+01  4.41464E-01
-2.90724E+01  4.74716E-01
-1.45362E+01  5.09626E-01
-3.02680E-13  5.62130E-01
 1.45362E+01  6.24450E-01
 2.90724E+01  6.89181E-01
 4.36086E+01  7.46825E-01
 5.81449E+01  7.80742E-01
 7.26811E+01  8.02922E-01
 8.72173E+01  8.19590E-01
 1.01754E+02  8.25599E-01
 1.16290E+02  8.30438E-01
 1.30826E+02  8.22568E-01
 1.45362E+02  7.89368E-01
 1.59898E+02  7.50587E-01
 1.74435E+02  7.29794E-01
 1.88971E+02  6.87151E-01
 2.03507E+02  6.40353E-01
 2.18043E+02  5.95990E-01
 2.32579E+02  5.44497E-01
 2.47116E+02  4.89723E-01
 2.61652E+02  4.31605E-01
 2.76188E+02  3.80798E-01
 2.90724E+02  3.44058E-01
 3.05261E+02  3.03171E-01
 3.19797E+02  2.62511E-01
 3.34333E+02  2.12256E-01
 3.48869E+02  1.71216E-01
 3.63405E+02  1.45795E-01
 3.77942E+02  1.18259E-01
 3.92478E+02  9.16681E-02
 4.07014E+02  6.46179E-02
 4.21550E+02  4.79619E-02
 4.36086E+02  4.16241E-02
 4.50623E+02  4.57614E-02
 4.65159E+02  4.28992E-02
 4.79695E+02  3.47034E-02
 4.94231E+02  2.67029E-02
 5.08768E+02  1.56995E-02
 5.23304E+02  1.57767E-02
 5.37840E+02  1.75857E-02
 5.52376E+02  1.87247E-02
 5.66912E+02  1.93493E-02
 5.81449E+02  1.83538E-02
 5.95985E+02  1.65774E-02
 6.10521E+02  1.48223E-02
 6.25057E+02  1.01886E-02
 6.39593E+02  7.48409E-03
 6.54130E+02  5.90158E-03
 6.68666E+02  7.02236E-03
 6.83202E+02  6.06762E-03
 6.97738E+02  7.20984E-03
 7.12275E+02  1.20035E-02
 7.26811E+02  2.04287E-02
