 8.59946E-05  0.00000E+00
 9.00557E-05  0.00000E+00
 9.43086E-05  0.00000E+00
 9.87623E-05  0.00000E+00
 1.03426E-04  0.00000E+00
 1.08311E-04  0.00000E+00
 1.13426E-04  0.00000E+00
 1.18782E-04  0.00000E+00
 1.24392E-04  0.00000E+00
 1.30266E-04  0.00000E+00
 1.36418E-04  0.00000E+00
 1.42860E-04  0.00000E+00
 1.49607E-04  0.00000E+00
 1.56672E-04  0.00000E+00
 1.64071E-04  0.00000E+00
 1.71819E-04  0.00000E+00
 1.79934E-04  0.00000E+00
 1.88431E-04  0.00000E+00
 1.97330E-04  0.00000E+00
 2.06649E-04  0.00000E+00
 2.16408E-04  0.00000E+00
 2.26628E-04  0.00000E+00
 2.37330E-04  0.00000E+00
 2.48538E-04  0.00000E+00
 2.60275E-04  0.00000E+00
 2.72567E-04  0.00000E+00
 2.85439E-04  0.00000E+00
 2.98919E-04  0.00000E+00
 3.13035E-04  0.00000E+00
 3.27818E-04  0.00000E+00
 3.43300E-04  0.00000E+00
 3.59512E-04  0.00000E+00
 3.76490E-04  0.00000E+00
 3.94270E-04  0.00000E+00
 4.12889E-04  0.00000E+00
 4.32388E-04  0.00000E+00
 4.52808E-04  0.00000E+00
 4.74192E-04  0.00000E+00
 4.96585E-04  0.00000E+00
 5.20037E-04  0.00000E+00
 5.44596E-04  0.00000E+00
 5.70314E-04  0.00000E+00
 5.97247E-04  0.00000E+00
 6.25453E-04  0.00000E+00
 6.54990E-04  0.00000E+00
 6.85922E-04  0.00000E+00
 7.18314E-04  0.00000E+00
 7.52237E-04  0.00000E+00
 7.87762E-04  0.00000E+00
 8.24964E-04  0.00000E+00
 8.63923E-04  0.00000E+00
 9.04722E-04  0.00000E+00
 9.47447E-04  0.00000E+00
 9.92191E-04  0.00000E+00
 1.03905E-03  0.00000E+00
 1.08812E-03  0.00000E+00
 1.13950E-03  0.00000E+00
 1.19332E-03  0.00000E+00
 1.24967E-03  0.00000E+00
 1.30869E-03  0.00000E+00
 1.37049E-03  0.00000E+00
 1.43521E-03  0.00000E+00
 1.50299E-03  0.00000E+00
 1.57397E-03  0.00000E+00
 1.64830E-03  0.00000E+00
 1.72614E-03  0.00000E+00
 1.80766E-03  0.00000E+00
 1.89302E-03  0.00000E+00
 1.98242E-03  0.00000E+00
 2.07604E-03  0.00000E+00
 2.17409E-03  0.00000E+00
 2.27676E-03  0.00000E+00
 2.38428E-03  0.00000E+00
 2.49687E-03  0.00000E+00
 2.61479E-03  0.00000E+00
 2.73827E-03  0.00000E+00
 2.86759E-03  0.00000E+00
 3.00301E-03  0.00000E+00
 3.14483E-03  0.00000E+00
 3.29335E-03  0.00000E+00
 3.44887E-03  0.00000E+00
 3.61175E-03  0.00000E+00
 3.78231E-03  0.00000E+00
 3.96093E-03  0.00000E+00
 4.14799E-03  0.00000E+00
 4.34388E-03  0.00000E+00
 4.54902E-03  0.00000E+00
 4.76385E-03  0.00000E+00
 4.98882E-03  0.00000E+00
 5.22442E-03  0.00000E+00
 5.47114E-03  0.00000E+00
 5.72952E-03  0.00000E+00
 6.00010E-03  0.00000E+00
 6.28345E-03  0.00000E+00
 6.58019E-03  0.00000E+00
 6.89094E-03  0.00000E+00
 7.21637E-03  0.00000E+00
 7.55716E-03  0.00000E+00
 7.91405E-03  0.00000E+00
 8.28779E-03  0.00000E+00
 8.67919E-03  0.00000E+00
 9.08906E-03  0.00000E+00
 9.51829E-03  0.00000E+00
 9.96780E-03  0.00000E+00
 1.04385E-02  0.00000E+00
 1.09315E-02  0.00000E+00
 1.14477E-02  0.00000E+00
 1.19884E-02  0.00000E+00
 1.25545E-02  0.00000E+00
 1.31474E-02  0.00000E+00
 1.37683E-02  0.00000E+00
 1.44185E-02  0.00000E+00
 1.50994E-02  0.00000E+00
 1.58125E-02  0.00000E+00
 1.65592E-02  0.00000E+00
 1.73412E-02  0.00000E+00
 1.81602E-02  0.00000E+00
 1.90178E-02  0.00000E+00
 1.99159E-02  0.00000E+00
 2.08565E-02  0.00000E+00
 2.18414E-02  0.00000E+00
 2.28729E-02  0.00000E+00
 2.39530E-02  0.00000E+00
 2.50842E-02  0.00000E+00
 2.62688E-02  0.00000E+00
 2.75094E-02  0.00000E+00
 2.88085E-02  0.00000E+00
 3.01690E-02  0.00000E+00
 3.15938E-02  0.00000E+00
 3.30858E-02  0.00000E+00
 3.46483E-02  0.00000E+00
 3.62845E-02  0.00000E+00
 3.79981E-02  0.00000E+00
 3.97925E-02  0.00000E+00
 4.16717E-02  0.00000E+00
 4.36397E-02  0.00000E+00
 4.57006E-02  0.00000E+00
 4.78588E-02 -3.46698E-27
 5.01190E-02  2.20299E-11
 5.24858E-02  3.46240E-11
 5.49645E-02  0.00000E+00
 5.75602E-02  0.00000E+00
 6.02785E-02  1.73087E-14
 6.31251E-02  0.00000E+00
 6.61062E-02  0.00000E+00
 6.92281E-02  9.94452E-12
 7.24974E-02  3.70060E-11
 7.59211E-02  1.81292E-11
 7.95065E-02  6.94363E-11
 8.32612E-02  4.50868E-11
 8.71933E-02  4.84450E-11
 9.13110E-02  6.26796E-11
 9.56232E-02  6.04134E-11
 1.00139E-01  3.71686E-11
 1.04868E-01  3.60926E-11
 1.09820E-01  1.60844E-11
 1.15007E-01  1.55668E-11
 1.20438E-01  1.29471E-11
 1.26126E-01  1.02912E-11
 1.32082E-01  6.94002E-12
 1.38320E-01  3.59979E-12
 1.44852E-01  2.44167E-12
 1.51692E-01  1.26005E-12
 1.58856E-01  7.34162E-13
 1.66358E-01  4.12300E-13
 1.74214E-01  1.83235E-13
 1.82442E-01  8.75482E-14
 1.91058E-01  9.50334E-14
 2.00080E-01  8.24683E-14
 2.09529E-01  1.13690E-13
 2.19424E-01  4.15694E-14
 2.29787E-01  1.88276E-14
 2.40638E-01  4.71860E-15
 2.52002E-01  2.15376E-15
 2.63903E-01  9.09111E-16
 2.76366E-01  2.97522E-16
 2.89418E-01  7.69008E-17
 3.03085E-01  2.41788E-17
 3.17399E-01  8.15781E-18
 3.32388E-01  2.69560E-18
 3.48085E-01  1.11524E-18
 3.64523E-01  3.47092E-19
 3.81738E-01  1.31483E-19
 3.99766E-01  5.65525E-20
 4.18645E-01  2.79282E-20
 4.38415E-01  1.85450E-20
 4.59120E-01  9.64601E-21
 4.80802E-01  1.06784E-20
 5.03508E-01  1.27821E-20
 5.27286E-01  2.79074E-20
 5.52187E-01  6.61533E-20
 5.78264E-01  3.67337E-19
 6.05573E-01  4.24842E-18
 6.34171E-01  1.03479E-16
 6.64120E-01  7.46404E-15
 6.95483E-01  2.13127E-12
 7.28327E-01  2.46992E-09
 7.62723E-01  2.97247E-05
 7.98743E-01  2.17787E-04
 8.36463E-01  2.61801E-04
 8.75965E-01  2.85179E-04
 9.17333E-01  3.21412E-04
 9.60654E-01  3.23976E-04
 9.91011E-01  2.98677E-04
 9.91127E-01  2.98579E-04
 9.91243E-01  2.98480E-04
 9.91358E-01  2.98382E-04
 9.91474E-01  2.98283E-04
 9.91590E-01  2.98184E-04
 9.91706E-01  2.98086E-04
 9.91822E-01  2.97987E-04
 9.91938E-01  2.97888E-04
 9.92053E-01  2.97789E-04
 9.92169E-01  2.97690E-04
 9.92285E-01  2.97592E-04
 9.92401E-01  2.97493E-04
 9.92517E-01  2.97394E-04
 9.92633E-01  2.97295E-04
 9.92750E-01  2.97196E-04
 9.92866E-01  2.97097E-04
 9.92982E-01  2.96998E-04
 9.93098E-01  2.96898E-04
 9.93214E-01  2.96799E-04
 9.93330E-01  2.96700E-04
 9.93447E-01  2.96601E-04
 9.93563E-01  2.96501E-04
 9.93679E-01  2.96402E-04
 9.93795E-01  2.96303E-04
 9.93912E-01  2.96203E-04
 9.94028E-01  2.96104E-04
 9.94145E-01  2.96004E-04
 9.94261E-01  2.95905E-04
 9.94377E-01  2.95805E-04
 9.94494E-01  2.95706E-04
 9.94610E-01  2.95606E-04
 9.94727E-01  2.95506E-04
 9.94844E-01  2.95406E-04
 9.94960E-01  2.95307E-04
 9.95077E-01  2.95207E-04
 9.95193E-01  2.95107E-04
 9.95310E-01  2.95007E-04
 9.95427E-01  2.94907E-04
 9.95543E-01  2.94807E-04
 9.95660E-01  2.94707E-04
 9.95777E-01  2.94607E-04
 9.95894E-01  2.94507E-04
 9.96011E-01  2.94407E-04
 9.96128E-01  2.94307E-04
 9.96244E-01  2.94207E-04
 9.96361E-01  2.94106E-04
 9.96478E-01  2.94006E-04
 9.96595E-01  2.93906E-04
 9.96712E-01  2.93805E-04
 9.96829E-01  2.93705E-04
 9.96946E-01  2.93605E-04
 9.97063E-01  2.93504E-04
 9.97181E-01  2.93404E-04
 9.97298E-01  2.93303E-04
 9.97415E-01  2.93202E-04
 9.97532E-01  2.93102E-04
 9.97649E-01  2.93001E-04
 9.97767E-01  2.92900E-04
 9.97884E-01  2.92800E-04
 9.98001E-01  2.92699E-04
 9.98118E-01  2.92598E-04
 9.98236E-01  2.92497E-04
 9.98353E-01  2.92396E-04
 9.98471E-01  2.92295E-04
 9.98588E-01  2.92194E-04
 9.98706E-01  2.92093E-04
 9.98823E-01  2.91992E-04
 9.98941E-01  2.91891E-04
 9.99058E-01  2.91790E-04
 9.99176E-01  2.91689E-04
 9.99293E-01  2.91587E-04
 9.99411E-01  2.91486E-04
 9.99529E-01  2.91385E-04
 9.99646E-01  2.91284E-04
 9.99764E-01  2.91182E-04
 9.99882E-01  2.91081E-04
 1.00000E+00  2.90979E-04
 1.00012E+00  2.90878E-04
 1.00024E+00  2.90776E-04
 1.00035E+00  2.90675E-04
 1.00047E+00  2.90573E-04
 1.00059E+00  2.90471E-04
 1.00071E+00  2.90370E-04
 1.00082E+00  2.90271E-04
 1.00094E+00  2.90166E-04
 1.00106E+00  2.90064E-04
 1.00118E+00  2.89963E-04
 1.00130E+00  2.89860E-04
 1.00142E+00  2.89758E-04
 1.00153E+00  2.89656E-04
 1.00165E+00  2.89554E-04
 1.00177E+00  2.89452E-04
 1.00189E+00  2.89350E-04
 1.00201E+00  2.89248E-04
 1.00212E+00  2.89146E-04
 1.00224E+00  2.89044E-04
 1.00236E+00  2.88941E-04
 1.00248E+00  2.88839E-04
 1.00260E+00  2.88737E-04
 1.00272E+00  2.88634E-04
 1.00283E+00  2.88532E-04
 1.00295E+00  2.88429E-04
 1.00307E+00  2.88327E-04
 1.00319E+00  2.88226E-04
 1.00331E+00  2.88122E-04
 1.00343E+00  2.88019E-04
 1.00355E+00  2.87916E-04
 1.00366E+00  2.87814E-04
 1.00378E+00  2.87711E-04
 1.00390E+00  2.87608E-04
 1.00402E+00  2.87505E-04
 1.00414E+00  2.87402E-04
 1.00426E+00  2.87300E-04
 1.00438E+00  2.87197E-04
 1.00450E+00  2.87094E-04
 1.00461E+00  2.86991E-04
 1.00473E+00  2.87013E-04
 1.00485E+00  2.86784E-04
 1.00497E+00  2.86681E-04
 1.00509E+00  2.86578E-04
 1.00521E+00  2.86476E-04
 1.00533E+00  2.86371E-04
 1.00545E+00  2.86269E-04
 1.00557E+00  2.86540E-04
 1.00569E+00  2.86184E-04
 1.00580E+00  2.85958E-04
 1.00592E+00  2.85854E-04
 1.00602E+00  2.85770E-04
 1.00604E+00  2.85796E-04
 1.00616E+00  2.85939E-04
 1.00628E+00  2.86082E-04
 1.00640E+00  2.86227E-04
 1.00652E+00  2.86587E-04
 1.00664E+00  2.86706E-04
 1.00676E+00  2.86654E-04
 1.00688E+00  2.86797E-04
 1.00700E+00  2.86944E-04
 1.00712E+00  2.87084E-04
 1.00724E+00  2.87228E-04
 1.00736E+00  2.87371E-04
 1.00748E+00  2.87515E-04
 1.00760E+00  2.87657E-04
 1.00771E+00  2.87801E-04
 1.00783E+00  2.87945E-04
 1.00795E+00  2.88465E-04
 1.00807E+00  2.88240E-04
 1.00819E+00  2.88382E-04
 1.00831E+00  2.88520E-04
 1.00843E+00  2.88666E-04
 1.00855E+00  2.88807E-04
 1.00867E+00  2.88954E-04
 1.00879E+00  2.89128E-04
 1.00891E+00  2.89248E-04
 1.00903E+00  2.89383E-04
 1.00915E+00  2.89527E-04
 1.00927E+00  2.89671E-04
 1.00939E+00  2.89815E-04
 1.00951E+00  2.89959E-04
 1.00963E+00  2.90103E-04
 1.00975E+00  2.90262E-04
 1.00987E+00  2.90392E-04
 1.00999E+00  2.90536E-04
 1.01011E+00  2.90681E-04
 1.01023E+00  2.90826E-04
 1.01035E+00  2.90971E-04
 1.01047E+00  2.91119E-04
 1.01059E+00  2.91276E-04
 1.01071E+00  2.99297E-04
 1.01083E+00  2.91563E-04
 1.01095E+00  2.91696E-04
 1.01108E+00  2.91839E-04
 1.01120E+00  2.91984E-04
 1.01132E+00  2.92131E-04
 1.01144E+00  2.92273E-04
 1.01156E+00  2.92418E-04
 1.01168E+00  2.95782E-04
 1.01180E+00  2.92710E-04
 1.01192E+00  2.92853E-04
 1.01204E+00  2.93007E-04
 1.01216E+00  2.93144E-04
 1.01228E+00  2.93302E-04
 1.01240E+00  2.93443E-04
 1.01252E+00  2.93581E-04
 1.01264E+00  2.97843E-04
 1.01276E+00  2.94692E-04
 1.01288E+00  2.95113E-04
 1.01301E+00  2.94162E-04
 1.01313E+00  2.94319E-04
 1.01325E+00  2.95536E-04
 1.01337E+00  2.94603E-04
 1.01349E+00  2.94747E-04
 1.01361E+00  2.95200E-04
 1.01373E+00  2.95893E-04
 1.01385E+00  2.96331E-04
 1.01397E+00  2.95329E-04
 1.01409E+00  2.95628E-04
 1.01422E+00  2.95622E-04
 1.01434E+00  2.97402E-04
 1.01446E+00  2.95947E-04
 1.01458E+00  2.96108E-04
 1.01470E+00  2.96218E-04
 1.01482E+00  2.96404E-04
 1.01494E+00  2.96524E-04
 1.01506E+00  2.96838E-04
 1.01519E+00  2.97300E-04
 1.01531E+00  3.12538E-04
 1.01543E+00  3.02112E-04
 1.01555E+00  2.97234E-04
 1.01567E+00  3.16493E-04
 1.01579E+00  3.02685E-04
 1.01591E+00  3.21130E-04
 1.01604E+00  3.06621E-04
 1.01616E+00  2.98683E-04
 1.01628E+00  2.98113E-04
 1.01640E+00  3.19338E-04
 1.01652E+00  3.06630E-04
 1.01664E+00  3.07085E-04
 1.01677E+00  3.12243E-04
 1.01689E+00  3.27160E-04
 1.01701E+00  3.05889E-04
 1.01713E+00  3.22207E-04
 1.01725E+00  3.08294E-04
 1.01738E+00  3.29138E-04
 1.01750E+00  3.32910E-04
 1.01762E+00  3.44052E-04
 1.01774E+00  3.32195E-04
 1.01786E+00  3.79612E-04
 1.01799E+00  3.51822E-04
 1.01811E+00  3.55099E-04
 1.01823E+00  3.41117E-04
 1.01835E+00  4.16907E-04
 1.01847E+00  4.17770E-04
 1.01860E+00  4.03606E-04
 1.01872E+00  4.64579E-04
 1.01884E+00  4.78889E-04
 1.01896E+00  5.74436E-04
 1.01909E+00  5.53696E-04
 1.01921E+00  7.29931E-04
 1.01933E+00  9.26860E-04
 1.01945E+00  1.44248E-03
 1.01958E+00  1.59990E-03
 1.01970E+00  1.91983E-03
 1.01982E+00  2.22157E-03
 1.01994E+00  2.57735E-03
 1.02007E+00  3.18103E-03
 1.02019E+00  3.59146E-03
 1.02031E+00  3.95552E-03
 1.02043E+00  4.77851E-03
 1.02056E+00  5.43201E-03
 1.02068E+00  5.46973E-03
 1.02080E+00  5.61645E-03
 1.02092E+00  6.49028E-03
 1.02105E+00  5.75185E-03
 1.02117E+00  6.33648E-03
 1.02129E+00  6.42341E-03
 1.02142E+00  6.10144E-03
 1.02154E+00  5.90821E-03
 1.02166E+00  5.77711E-03
 1.02178E+00  5.89020E-03
 1.02191E+00  5.39964E-03
 1.02203E+00  5.78204E-03
 1.02215E+00  4.94845E-03
 1.02228E+00  5.06587E-03
 1.02240E+00  4.88389E-03
 1.02252E+00  4.96367E-03
 1.02265E+00  4.56785E-03
 1.02277E+00  4.36585E-03
 1.02289E+00  4.27451E-03
 1.02302E+00  3.91889E-03
 1.02314E+00  3.82252E-03
 1.02326E+00  3.82283E-03
 1.02339E+00  3.39415E-03
 1.02351E+00  3.33366E-03
 1.02363E+00  3.42820E-03
 1.02376E+00  3.19873E-03
 1.02388E+00  3.04341E-03
 1.02400E+00  3.14907E-03
 1.02413E+00  2.99950E-03
 1.02425E+00  2.84326E-03
 1.02437E+00  2.67768E-03
 1.02450E+00  2.45990E-03
 1.02462E+00  2.34311E-03
 1.02474E+00  2.22262E-03
 1.02487E+00  2.03614E-03
 1.02499E+00  2.05487E-03
 1.02512E+00  2.00005E-03
 1.02524E+00  1.70732E-03
 1.02536E+00  1.76119E-03
 1.02549E+00  1.69967E-03
 1.02561E+00  1.51752E-03
 1.02573E+00  1.46306E-03
 1.02586E+00  1.41156E-03
 1.02598E+00  1.33434E-03
 1.02611E+00  1.27802E-03
 1.02623E+00  1.12264E-03
 1.02635E+00  9.64377E-04
 1.02648E+00  1.02817E-03
 1.02660E+00  1.07507E-03
 1.02673E+00  8.21746E-04
 1.02685E+00  8.26026E-04
 1.02698E+00  7.79667E-04
 1.02710E+00  7.72543E-04
 1.02722E+00  8.38127E-04
 1.02735E+00  7.38837E-04
 1.02747E+00  5.54773E-04
 1.02760E+00  5.93486E-04
 1.02772E+00  5.70484E-04
 1.02785E+00  5.41086E-04
 1.02797E+00  5.46112E-04
 1.02809E+00  4.68090E-04
 1.02822E+00  5.26465E-04
 1.02834E+00  4.60462E-04
 1.02847E+00  3.94439E-04
 1.02859E+00  4.39132E-04
 1.02872E+00  3.71765E-04
 1.02884E+00  4.33737E-04
 1.02897E+00  4.19021E-04
 1.02909E+00  3.75514E-04
 1.02922E+00  3.86140E-04
 1.02934E+00  3.66245E-04
 1.02947E+00  3.59233E-04
 1.02959E+00  3.64734E-04
 1.02972E+00  3.53351E-04
 1.02984E+00  3.32278E-04
 1.02997E+00  3.62238E-04
 1.03009E+00  3.47561E-04
 1.03022E+00  3.42593E-04
 1.03034E+00  3.24018E-04
 1.03047E+00  3.28943E-04
 1.03059E+00  3.23298E-04
 1.03072E+00  3.32361E-04
 1.03084E+00  3.30940E-04
 1.03097E+00  3.21309E-04
 1.03109E+00  3.21291E-04
 1.03122E+00  3.30550E-04
 1.03134E+00  3.21449E-04
 1.03147E+00  3.18381E-04
 1.03159E+00  3.24317E-04
 1.03172E+00  3.20232E-04
 1.03184E+00  3.30481E-04
 1.03197E+00  3.35089E-04
 1.03209E+00  3.25314E-04
 1.03222E+00  3.18647E-04
 1.03235E+00  3.17785E-04
 1.03247E+00  3.18713E-04
 1.03260E+00  3.18224E-04
 1.03272E+00  3.18263E-04
 1.03285E+00  3.18536E-04
 1.03297E+00  3.19482E-04
 1.03310E+00  3.18826E-04
 1.03322E+00  3.19228E-04
 1.03335E+00  3.19925E-04
 1.03348E+00  3.19978E-04
 1.03360E+00  3.19369E-04
 1.03373E+00  3.19570E-04
 1.03385E+00  3.19556E-04
 1.03398E+00  3.20277E-04
 1.03411E+00  3.19794E-04
 1.03423E+00  3.20036E-04
 1.03436E+00  3.20114E-04
 1.03448E+00  3.20544E-04
 1.03461E+00  3.20570E-04
 1.03474E+00  3.20581E-04
 1.03486E+00  3.20729E-04
 1.03499E+00  3.20997E-04
 1.03511E+00  3.21288E-04
 1.03524E+00  3.21177E-04
 1.03537E+00  3.21327E-04
 1.03549E+00  3.21491E-04
 1.03562E+00  3.21636E-04
 1.03575E+00  3.22027E-04
 1.03587E+00  3.21994E-04
 1.03600E+00  3.22107E-04
 1.03612E+00  3.22283E-04
 1.03625E+00  3.22414E-04
 1.03638E+00  3.22564E-04
 1.03650E+00  3.22722E-04
 1.03663E+00  3.22898E-04
 1.03676E+00  3.23035E-04
 1.03688E+00  3.23222E-04
 1.03701E+00  3.23340E-04
 1.03714E+00  3.23496E-04
 1.03726E+00  3.23658E-04
 1.03739E+00  3.23806E-04
 1.03752E+00  3.23962E-04
 1.03764E+00  3.24134E-04
 1.03777E+00  3.24273E-04
 1.03790E+00  3.24429E-04
 1.03803E+00  3.24584E-04
 1.03815E+00  3.24741E-04
 1.03828E+00  3.24896E-04
 1.03841E+00  3.25052E-04
 1.03853E+00  3.25208E-04
 1.03866E+00  3.25364E-04
 1.03879E+00  3.25520E-04
 1.03891E+00  3.25677E-04
 1.03904E+00  3.25832E-04
 1.03917E+00  3.25988E-04
 1.03930E+00  3.26144E-04
 1.03942E+00  3.26301E-04
 1.03955E+00  3.26457E-04
 1.03968E+00  3.26613E-04
 1.03981E+00  3.26770E-04
 1.03993E+00  3.26926E-04
 1.04006E+00  3.27083E-04
 1.04019E+00  3.27239E-04
 1.04031E+00  3.27396E-04
 1.04044E+00  3.27553E-04
 1.04057E+00  3.27709E-04
 1.04070E+00  3.27866E-04
 1.04083E+00  3.28023E-04
 1.04095E+00  3.28180E-04
 1.04108E+00  3.28337E-04
 1.04121E+00  3.28494E-04
 1.04134E+00  3.28651E-04
 1.04146E+00  3.28808E-04
 1.04159E+00  3.28965E-04
 1.04172E+00  3.29123E-04
 1.04185E+00  3.29280E-04
 1.04197E+00  3.29437E-04
 1.04210E+00  3.29595E-04
 1.04223E+00  3.29752E-04
 1.04236E+00  3.29910E-04
 1.04249E+00  3.30067E-04
 1.04261E+00  3.30225E-04
 1.04274E+00  3.30382E-04
 1.04287E+00  3.30540E-04
 1.04300E+00  3.30698E-04
 1.04313E+00  3.30856E-04
 1.04326E+00  3.31014E-04
 1.04338E+00  3.31172E-04
 1.04351E+00  3.31330E-04
 1.04364E+00  3.31488E-04
 1.04377E+00  3.31646E-04
 1.04390E+00  3.31804E-04
 1.04402E+00  3.31962E-04
 1.04415E+00  3.32120E-04
 1.04428E+00  3.32279E-04
 1.04441E+00  3.32437E-04
 1.04454E+00  3.32595E-04
 1.04467E+00  3.32754E-04
 1.04480E+00  3.32912E-04
 1.04492E+00  3.33071E-04
 1.04505E+00  3.33229E-04
 1.04518E+00  3.33388E-04
 1.04531E+00  3.33547E-04
 1.04544E+00  3.33706E-04
 1.04557E+00  3.33864E-04
 1.04570E+00  3.34023E-04
 1.04583E+00  3.34182E-04
 1.04595E+00  3.34341E-04
 1.04608E+00  3.34500E-04
 1.04621E+00  3.34659E-04
 1.04634E+00  3.34819E-04
 1.04647E+00  3.34978E-04
 1.04660E+00  3.35137E-04
 1.04673E+00  3.35296E-04
 1.04686E+00  3.35456E-04
 1.04699E+00  3.35615E-04
 1.04712E+00  3.35775E-04
 1.04724E+00  3.35934E-04
 1.04737E+00  3.36094E-04
 1.04750E+00  3.36253E-04
 1.04763E+00  3.36413E-04
 1.04776E+00  3.36573E-04
 1.04789E+00  3.36733E-04
 1.04802E+00  3.36892E-04
 1.04815E+00  3.37052E-04
 1.04828E+00  3.37212E-04
 1.04841E+00  3.37372E-04
 1.04854E+00  3.37532E-04
 1.04867E+00  3.37693E-04
 1.04880E+00  3.37853E-04
 1.04893E+00  3.38013E-04
 1.04906E+00  3.38173E-04
 1.04919E+00  3.38334E-04
 1.04932E+00  3.38518E-04
 1.04945E+00  3.38654E-04
 1.04958E+00  3.38815E-04
 1.04970E+00  3.38975E-04
 1.04983E+00  3.39136E-04
 1.04996E+00  3.39297E-04
 1.05009E+00  3.39458E-04
 1.05022E+00  3.39618E-04
 1.05035E+00  3.39779E-04
 1.05048E+00  3.39940E-04
 1.05061E+00  3.40101E-04
 1.05074E+00  3.40262E-04
 1.05087E+00  3.40423E-04
 1.05100E+00  3.40584E-04
 1.05113E+00  3.40745E-04
 1.05126E+00  3.40906E-04
 1.05139E+00  3.41068E-04
 1.05153E+00  3.41229E-04
 1.05166E+00  3.41390E-04
 1.05179E+00  3.41552E-04
 1.05192E+00  3.41721E-04
 1.05205E+00  3.41875E-04
 1.05218E+00  3.42036E-04
 1.05231E+00  3.42198E-04
 1.05353E+00  3.43716E-04
 1.10328E+00  3.79195E-04
 1.15539E+00  3.98104E-04
 1.20995E+00  4.22378E-04
 1.26709E+00  4.22498E-04
 1.32693E+00  4.13076E-04
 1.38959E+00  4.12605E-04
 1.45522E+00  3.94126E-04
 1.52394E+00  3.66242E-04
 1.59591E+00  3.31916E-04
 1.67128E+00  3.05552E-04
 1.75020E+00  2.80547E-04
 1.83286E+00  2.61279E-04
 1.91941E+00  2.49369E-04
 2.01006E+00  2.46492E-04
 2.10498E+00  2.47265E-04
 2.20439E+00  2.58522E-04
 2.30849E+00  2.62227E-04
 2.41751E+00  2.71053E-04
 2.53168E+00  2.71869E-04
 2.65124E+00  2.81622E-04
 2.77644E+00  2.86093E-04
 2.90756E+00  2.96191E-04
 3.04487E+00  3.07097E-04
 3.18867E+00  4.36674E-04
 3.33925E+00  5.22639E-04
 3.49695E+00  5.46819E-04
 3.66209E+00  5.63606E-04
 3.83504E+00  5.94466E-04
 4.01615E+00  5.94910E-04
 4.20581E+00  6.16260E-04
 4.40443E+00  6.21390E-04
 4.61243E+00  6.39911E-04
 4.83025E+00  6.54836E-04
 5.05836E+00  6.61458E-04
 5.29725E+00  6.70733E-04
 5.54741E+00  6.58083E-04
 5.80939E+00  6.90120E-04
 6.08374E+00  6.96922E-04
 6.37104E+00  7.14667E-04
 6.67191E+00  7.22653E-04
 6.98700E+00  7.30543E-04
 7.31696E+00  7.72189E-04
 7.66250E+00  7.93256E-04
 8.02437E+00  8.17724E-04
 8.40332E+00  8.32479E-04
 8.80017E+00  8.38481E-04
 9.21576E+00  8.40709E-04
 9.65097E+00  8.48676E-04
 1.01067E+01  8.55570E-04
 1.05840E+01  8.71100E-04
 1.10839E+01  8.85398E-04
 1.16073E+01  8.89865E-04
 1.21555E+01  8.79915E-04
 1.27295E+01  9.31679E-04
 1.33307E+01  9.30747E-04
 1.39602E+01  9.42308E-04
 1.46195E+01  9.13947E-04
 1.53099E+01  8.88193E-04
 1.60329E+01  8.58066E-04
 1.67901E+01  8.28960E-04
 1.75830E+01  8.00226E-04
 1.84133E+01  7.66075E-04
 1.92829E+01  7.16362E-04
 2.01935E+01  6.18498E-04
 2.11472E+01  6.09626E-04
 2.21459E+01  5.94386E-04
 2.31917E+01  5.74161E-04
 2.42869E+01  5.62423E-04
 2.54339E+01  5.20023E-04
 2.66350E+01  5.00262E-04
 2.78929E+01  4.75960E-04
 2.92101E+01  4.39591E-04
 3.05896E+01  4.11312E-04
 3.20342E+01  3.75753E-04
 3.35470E+01  3.50850E-04
 3.51312E+01  3.29748E-04
 3.67903E+01  2.82028E-04
 3.85277E+01  2.60637E-04
 4.03472E+01  2.56801E-04
 4.22526E+01  2.43446E-04
 4.42480E+01  2.37995E-04
 4.63376E+01  2.64274E-04
 4.85259E+01  2.96726E-04
 5.08176E+01  3.39097E-04
 5.32175E+01  4.52604E-04
 5.57307E+01  5.59648E-04
 5.83625E+01  7.49496E-04
 6.11187E+01  1.00862E-03
 6.40051E+01  1.39902E-03
 6.70277E+01  1.91428E-03
 7.01931E+01  2.82895E-03
 7.35080E+01  3.86233E-03
 7.69794E+01  5.55955E-03
 8.06148E+01  7.49944E-03
 8.44219E+01  9.75963E-03
 8.84087E+01  1.21744E-02
 9.25838E+01  1.49535E-02
 9.69561E+01  1.83637E-02
 1.01535E+02  2.21819E-02
 1.06330E+02  2.63905E-02
 1.11351E+02  3.20383E-02
 1.16610E+02  3.82675E-02
 1.22117E+02  4.64687E-02
 1.27884E+02  5.77488E-02
 1.33923E+02  7.07807E-02
 1.40248E+02  8.66355E-02
 1.46871E+02  1.05356E-01
 1.53807E+02  1.26958E-01
 1.61071E+02  1.51164E-01
 1.68677E+02  1.76917E-01
 1.76643E+02  2.07696E-01
 1.84985E+02  2.41574E-01
 1.93721E+02  2.80640E-01
 2.02869E+02  3.23886E-01
 2.12450E+02  3.72017E-01
 2.22483E+02  4.24295E-01
 2.32990E+02  4.80989E-01
 2.43993E+02  5.41385E-01
 2.55515E+02  6.05017E-01
 2.67582E+02  6.65661E-01
 2.80219E+02  7.29688E-01
 2.93452E+02  7.89977E-01
 3.07310E+02  8.45090E-01
 3.21823E+02  8.96224E-01
 3.37021E+02  9.42051E-01
 3.52937E+02  9.82982E-01
 3.69605E+02  1.01294E+00
 3.87059E+02  1.03772E+00
 4.05338E+02  1.05552E+00
 4.24480E+02  1.06375E+00
 4.44527E+02  1.06855E+00
 4.65519E+02  1.06276E+00
 4.87504E+02  1.05463E+00
 5.10526E+02  1.03549E+00
 5.34636E+02  1.01436E+00
 5.59884E+02  9.85151E-01
 5.86325E+02  9.53846E-01
 6.14014E+02  9.15540E-01
 6.43011E+02  8.79224E-01
 6.73377E+02  8.34832E-01
 7.05178E+02  7.87645E-01
 7.38480E+02  7.36319E-01
 7.73355E+02  6.92149E-01
 8.09877E+02  6.41063E-01
 8.48123E+02  5.95185E-01
 8.88176E+02  5.44104E-01
 9.30120E+02  5.02245E-01
 9.74045E+02  4.54222E-01
 1.02004E+03  4.11661E-01
 1.06822E+03  3.74871E-01
 1.11866E+03  3.30241E-01
 1.17149E+03  3.01754E-01
 1.22682E+03  2.66641E-01
 1.28475E+03  2.35643E-01
 1.34543E+03  2.09035E-01
 1.40896E+03  1.83161E-01
 1.47550E+03  1.65415E-01
 1.54518E+03  1.42314E-01
 1.61815E+03  1.22145E-01
 1.69457E+03  1.06842E-01
 1.77460E+03  9.30795E-02
 1.85840E+03  7.96246E-02
 1.94617E+03  6.94053E-02
 2.03808E+03  5.88185E-02
 2.13432E+03  4.80645E-02
 2.23512E+03  4.15117E-02
 2.34067E+03  3.61591E-02
 2.45121E+03  3.05837E-02
 2.56697E+03  2.65284E-02
 2.68820E+03  2.25876E-02
 2.81515E+03  1.84017E-02
 2.94809E+03  1.61575E-02
 3.08732E+03  1.35700E-02
 3.23312E+03  1.24855E-02
 3.38580E+03  9.35433E-03
 3.54570E+03  8.47912E-03
 3.71314E+03  5.64992E-03
 3.88850E+03  5.91279E-03
 4.07213E+03  4.25764E-03
 4.26444E+03  4.03157E-03
 4.46583E+03  3.72500E-03
 4.67673E+03  2.82872E-03
 4.89758E+03  2.39088E-03
 5.12887E+03  2.45937E-03
 5.37109E+03  1.39841E-03
 5.62474E+03  1.37969E-03
 5.89037E+03  1.17259E-03
 6.16854E+03  7.08203E-04
 6.45985E+03  8.91520E-04
 6.76492E+03  5.18713E-04
 7.08439E+03  4.34255E-04
 7.41895E+03  3.98217E-04
 7.76932E+03  3.57430E-04
 8.13622E+03  2.49561E-04
