 8.59946E-05  0.00000E+00
 9.00557E-05  0.00000E+00
 9.43086E-05  0.00000E+00
 9.87623E-05  0.00000E+00
 1.03426E-04  0.00000E+00
 1.08311E-04  0.00000E+00
 1.13426E-04  0.00000E+00
 1.18782E-04  0.00000E+00
 1.24392E-04  0.00000E+00
 1.30266E-04  0.00000E+00
 1.36418E-04  0.00000E+00
 1.42860E-04  0.00000E+00
 1.49607E-04  0.00000E+00
 1.56672E-04  0.00000E+00
 1.64071E-04  0.00000E+00
 1.71819E-04  0.00000E+00
 1.79934E-04  0.00000E+00
 1.88431E-04  0.00000E+00
 1.97330E-04  0.00000E+00
 2.06649E-04  0.00000E+00
 2.16408E-04  0.00000E+00
 2.26628E-04  0.00000E+00
 2.37330E-04  0.00000E+00
 2.48538E-04  0.00000E+00
 2.60275E-04  0.00000E+00
 2.72567E-04  0.00000E+00
 2.85439E-04  0.00000E+00
 2.98919E-04  0.00000E+00
 3.13035E-04  0.00000E+00
 3.27818E-04  0.00000E+00
 3.43300E-04  0.00000E+00
 3.59512E-04  0.00000E+00
 3.76490E-04  0.00000E+00
 3.94270E-04  0.00000E+00
 4.12889E-04  0.00000E+00
 4.32388E-04  0.00000E+00
 4.52808E-04  0.00000E+00
 4.74192E-04  0.00000E+00
 4.96585E-04  0.00000E+00
 5.20037E-04  0.00000E+00
 5.44596E-04  0.00000E+00
 5.70314E-04  0.00000E+00
 5.97247E-04  0.00000E+00
 6.25453E-04  0.00000E+00
 6.54990E-04  0.00000E+00
 6.85922E-04  0.00000E+00
 7.18314E-04  0.00000E+00
 7.52237E-04  0.00000E+00
 7.87762E-04  0.00000E+00
 8.24964E-04  0.00000E+00
 8.63923E-04  0.00000E+00
 9.04722E-04  0.00000E+00
 9.47447E-04  0.00000E+00
 9.92191E-04  0.00000E+00
 1.03905E-03  0.00000E+00
 1.08812E-03  0.00000E+00
 1.13950E-03  0.00000E+00
 1.19332E-03  0.00000E+00
 1.24967E-03  0.00000E+00
 1.30869E-03  0.00000E+00
 1.37049E-03  0.00000E+00
 1.43521E-03  0.00000E+00
 1.50299E-03  0.00000E+00
 1.57397E-03  0.00000E+00
 1.64830E-03  0.00000E+00
 1.72614E-03  0.00000E+00
 1.80766E-03  0.00000E+00
 1.89302E-03  0.00000E+00
 1.98242E-03  0.00000E+00
 2.07604E-03  0.00000E+00
 2.17409E-03  0.00000E+00
 2.27676E-03  0.00000E+00
 2.38428E-03  0.00000E+00
 2.49687E-03  0.00000E+00
 2.61479E-03  0.00000E+00
 2.73827E-03  0.00000E+00
 2.86759E-03  0.00000E+00
 3.00301E-03  0.00000E+00
 3.14483E-03  0.00000E+00
 3.29335E-03  0.00000E+00
 3.44887E-03  0.00000E+00
 3.61175E-03  0.00000E+00
 3.78231E-03  0.00000E+00
 3.96093E-03  0.00000E+00
 4.14799E-03  0.00000E+00
 4.34388E-03  0.00000E+00
 4.54902E-03  0.00000E+00
 4.76385E-03  0.00000E+00
 4.98882E-03  0.00000E+00
 5.22442E-03  0.00000E+00
 5.47114E-03  0.00000E+00
 5.72952E-03  0.00000E+00
 6.00010E-03  0.00000E+00
 6.28345E-03  0.00000E+00
 6.58019E-03  0.00000E+00
 6.89094E-03  0.00000E+00
 7.21637E-03  0.00000E+00
 7.55716E-03  0.00000E+00
 7.91405E-03  0.00000E+00
 8.28779E-03  0.00000E+00
 8.67919E-03  0.00000E+00
 9.08906E-03  0.00000E+00
 9.51829E-03  0.00000E+00
 9.96780E-03  0.00000E+00
 1.04385E-02  0.00000E+00
 1.09315E-02  0.00000E+00
 1.14477E-02  0.00000E+00
 1.19884E-02  0.00000E+00
 1.25545E-02  0.00000E+00
 1.31474E-02  0.00000E+00
 1.37683E-02  0.00000E+00
 1.44185E-02  0.00000E+00
 1.50994E-02  0.00000E+00
 1.58125E-02  0.00000E+00
 1.65592E-02  0.00000E+00
 1.73412E-02  0.00000E+00
 1.81602E-02  0.00000E+00
 1.90178E-02  0.00000E+00
 1.99159E-02  0.00000E+00
 2.08565E-02  0.00000E+00
 2.18414E-02  0.00000E+00
 2.28729E-02  0.00000E+00
 2.39530E-02  0.00000E+00
 2.50842E-02  0.00000E+00
 2.62688E-02  0.00000E+00
 2.75094E-02  0.00000E+00
 2.88085E-02  0.00000E+00
 3.01690E-02  0.00000E+00
 3.15938E-02  0.00000E+00
 3.30858E-02  0.00000E+00
 3.46483E-02  0.00000E+00
 3.62845E-02  0.00000E+00
 3.79981E-02  0.00000E+00
 3.97925E-02  0.00000E+00
 4.16717E-02  0.00000E+00
 4.36397E-02  0.00000E+00
 4.57006E-02  0.00000E+00
 4.78588E-02  0.00000E+00
 5.01190E-02  0.00000E+00
 5.24858E-02  0.00000E+00
 5.49645E-02  0.00000E+00
 5.75602E-02  0.00000E+00
 6.02785E-02  0.00000E+00
 6.31251E-02  2.28470E-11
 6.61062E-02  2.08073E-11
 6.92281E-02  1.51948E-11
 7.24974E-02  3.04501E-11
 7.59211E-02  6.12533E-11
 7.95065E-02  8.08255E-11
 8.32612E-02  5.11892E-11
 8.71933E-02  5.81843E-11
 9.13110E-02  5.01238E-11
 9.56232E-02  6.17150E-11
 1.00139E-01  4.03901E-11
 1.04868E-01  3.50978E-11
 1.09820E-01  2.50068E-11
 1.15007E-01  2.43493E-11
 1.20438E-01  1.59885E-11
 1.26126E-01  1.32273E-11
 1.32082E-01  8.09024E-12
 1.38320E-01  5.26840E-12
 1.44852E-01  3.42835E-12
 1.51692E-01  1.68986E-12
 1.58856E-01  9.16770E-13
 1.66358E-01  4.74801E-13
 1.74214E-01  2.31539E-13
 1.82442E-01  1.10736E-13
 1.91058E-01  1.16410E-13
 2.00080E-01  1.09456E-13
 2.09529E-01  1.43626E-13
 2.19424E-01  5.21269E-14
 2.29787E-01  2.36373E-14
 2.40638E-01  5.82703E-15
 2.52002E-01  2.71063E-15
 2.63903E-01  1.12862E-15
 2.76366E-01  3.80869E-16
 2.89418E-01  1.00145E-16
 3.03085E-01  3.12107E-17
 3.17399E-01  1.07471E-17
 3.32388E-01  3.64589E-18
 3.48085E-01  1.44005E-18
 3.64523E-01  4.68445E-19
 3.81738E-01  1.73931E-19
 3.99766E-01  7.43655E-20
 4.18645E-01  3.77040E-20
 4.38415E-01  2.56434E-20
 4.59120E-01  1.34027E-20
 4.80802E-01  1.49003E-20
 5.03508E-01  1.76281E-20
 5.27286E-01  3.83721E-20
 5.52187E-01  9.41603E-20
 5.78264E-01  5.27658E-19
 6.05573E-01  6.22122E-18
 6.34171E-01  1.49571E-16
 6.64120E-01  1.09610E-14
 6.95483E-01  3.10032E-12
 7.28327E-01  3.60016E-09
 7.62723E-01  4.54216E-05
 7.98743E-01  3.43128E-04
 8.36463E-01  4.14153E-04
 8.75965E-01  4.54912E-04
 9.17333E-01  5.18898E-04
 9.60654E-01  5.28399E-04
 9.91011E-01  4.75978E-04
 9.91127E-01  4.75774E-04
 9.91243E-01  4.75570E-04
 9.91358E-01  4.75366E-04
 9.91474E-01  4.75162E-04
 9.91590E-01  4.74958E-04
 9.91706E-01  4.74754E-04
 9.91822E-01  4.74550E-04
 9.91938E-01  4.74345E-04
 9.92053E-01  4.74141E-04
 9.92169E-01  4.73936E-04
 9.92285E-01  4.73732E-04
 9.92401E-01  4.73527E-04
 9.92517E-01  4.73322E-04
 9.92633E-01  4.73117E-04
 9.92750E-01  4.72912E-04
 9.92866E-01  4.72707E-04
 9.92982E-01  4.72502E-04
 9.93098E-01  4.72297E-04
 9.93214E-01  4.72092E-04
 9.93330E-01  4.71887E-04
 9.93447E-01  4.71681E-04
 9.93563E-01  4.71476E-04
 9.93679E-01  4.71333E-04
 9.93795E-01  4.71065E-04
 9.93912E-01  4.70859E-04
 9.94028E-01  4.70653E-04
 9.94145E-01  4.70447E-04
 9.94261E-01  4.70242E-04
 9.94377E-01  4.70036E-04
 9.94494E-01  4.70629E-04
 9.94610E-01  4.69623E-04
 9.94727E-01  4.69417E-04
 9.94844E-01  4.69211E-04
 9.94960E-01  4.69005E-04
 9.95077E-01  4.68798E-04
 9.95193E-01  4.68591E-04
 9.95310E-01  4.68385E-04
 9.95427E-01  4.68178E-04
 9.95543E-01  4.67971E-04
 9.95660E-01  4.67764E-04
 9.95777E-01  4.67557E-04
 9.95894E-01  4.67350E-04
 9.96011E-01  4.67143E-04
 9.96128E-01  4.66936E-04
 9.96244E-01  4.66729E-04
 9.96361E-01  4.66521E-04
 9.96478E-01  4.66314E-04
 9.96595E-01  4.66106E-04
 9.96712E-01  4.65899E-04
 9.96829E-01  4.65691E-04
 9.96946E-01  4.65483E-04
 9.97063E-01  4.65275E-04
 9.97181E-01  4.65070E-04
 9.97298E-01  4.64871E-04
 9.97415E-01  4.64652E-04
 9.97532E-01  4.64443E-04
 9.97649E-01  4.64235E-04
 9.97767E-01  4.64027E-04
 9.97884E-01  4.63818E-04
 9.98001E-01  4.63610E-04
 9.98118E-01  4.63401E-04
 9.98236E-01  4.65379E-04
 9.98353E-01  4.62984E-04
 9.98471E-01  4.62775E-04
 9.98588E-01  4.62566E-04
 9.98706E-01  4.62357E-04
 9.98823E-01  4.62149E-04
 9.98941E-01  4.61940E-04
 9.99058E-01  4.61730E-04
 9.99176E-01  4.63290E-04
 9.99293E-01  4.61312E-04
 9.99411E-01  4.61102E-04
 9.99529E-01  4.60893E-04
 9.99646E-01  4.60683E-04
 9.99764E-01  4.60473E-04
 9.99882E-01  4.60264E-04
 1.00000E+00  4.60054E-04
 1.00012E+00  4.60705E-04
 1.00024E+00  4.59672E-04
 1.00035E+00  4.59664E-04
 1.00047E+00  4.59216E-04
 1.00059E+00  4.59004E-04
 1.00071E+00  4.58823E-04
 1.00082E+00  4.58583E-04
 1.00094E+00  4.58372E-04
 1.00106E+00  4.58201E-04
 1.00118E+00  4.57951E-04
 1.00130E+00  4.57846E-04
 1.00142E+00  4.57529E-04
 1.00153E+00  4.57319E-04
 1.00165E+00  4.57109E-04
 1.00177E+00  4.56946E-04
 1.00189E+00  4.56742E-04
 1.00201E+00  4.59666E-04
 1.00212E+00  4.56478E-04
 1.00224E+00  4.56052E-04
 1.00236E+00  4.55846E-04
 1.00248E+00  4.55674E-04
 1.00260E+00  4.55417E-04
 1.00272E+00  4.55366E-04
 1.00283E+00  4.55158E-04
 1.00295E+00  4.54970E-04
 1.00307E+00  4.54639E-04
 1.00319E+00  4.55186E-04
 1.00331E+00  4.55943E-04
 1.00343E+00  4.55981E-04
 1.00355E+00  4.53770E-04
 1.00366E+00  4.55316E-04
 1.00378E+00  4.53372E-04
 1.00390E+00  4.56758E-04
 1.00402E+00  4.54008E-04
 1.00414E+00  4.52771E-04
 1.00426E+00  4.52739E-04
 1.00438E+00  4.53147E-04
 1.00450E+00  4.53886E-04
 1.00461E+00  4.54473E-04
 1.00473E+00  4.52793E-04
 1.00485E+00  4.51415E-04
 1.00497E+00  4.51991E-04
 1.00509E+00  4.51845E-04
 1.00521E+00  4.54397E-04
 1.00533E+00  4.54913E-04
 1.00545E+00  4.52894E-04
 1.00557E+00  4.51450E-04
 1.00569E+00  4.50269E-04
 1.00580E+00  4.49693E-04
 1.00592E+00  4.51880E-04
 1.00602E+00  4.50180E-04
 1.00604E+00  4.49886E-04
 1.00616E+00  4.58603E-04
 1.00628E+00  4.54569E-04
 1.00640E+00  4.52770E-04
 1.00652E+00  4.50390E-04
 1.00664E+00  4.50685E-04
 1.00676E+00  4.52463E-04
 1.00688E+00  4.52163E-04
 1.00700E+00  4.52633E-04
 1.00712E+00  4.55133E-04
 1.00724E+00  4.52933E-04
 1.00736E+00  4.57142E-04
 1.00748E+00  4.53361E-04
 1.00760E+00  4.54968E-04
 1.00771E+00  4.54021E-04
 1.00783E+00  4.54110E-04
 1.00795E+00  4.54569E-04
 1.00807E+00  4.54725E-04
 1.00819E+00  4.54720E-04
 1.00831E+00  4.57758E-04
 1.00843E+00  4.58131E-04
 1.00855E+00  4.71707E-04
 1.00867E+00  4.58431E-04
 1.00879E+00  4.61509E-04
 1.00891E+00  4.63051E-04
 1.00903E+00  4.60597E-04
 1.00915E+00  4.67018E-04
 1.00927E+00  4.65279E-04
 1.00939E+00  4.66225E-04
 1.00951E+00  4.69737E-04
 1.00963E+00  4.62620E-04
 1.00975E+00  4.61983E-04
 1.00987E+00  4.59887E-04
 1.00999E+00  4.63550E-04
 1.01011E+00  4.65006E-04
 1.01023E+00  4.70362E-04
 1.01035E+00  4.64645E-04
 1.01047E+00  4.69783E-04
 1.01059E+00  4.68989E-04
 1.01071E+00  4.68580E-04
 1.01083E+00  4.70087E-04
 1.01095E+00  4.74357E-04
 1.01108E+00  4.85586E-04
 1.01120E+00  4.67441E-04
 1.01132E+00  4.70597E-04
 1.01144E+00  4.77166E-04
 1.01156E+00  4.79286E-04
 1.01168E+00  4.92271E-04
 1.01180E+00  4.82779E-04
 1.01192E+00  4.67657E-04
 1.01204E+00  4.80579E-04
 1.01216E+00  4.79433E-04
 1.01228E+00  4.98077E-04
 1.01240E+00  4.75196E-04
 1.01252E+00  4.84070E-04
 1.01264E+00  4.90414E-04
 1.01276E+00  4.80902E-04
 1.01288E+00  4.91215E-04
 1.01301E+00  4.81451E-04
 1.01313E+00  4.88078E-04
 1.01325E+00  4.84309E-04
 1.01337E+00  4.99148E-04
 1.01349E+00  4.87556E-04
 1.01361E+00  4.89879E-04
 1.01373E+00  4.84358E-04
 1.01385E+00  4.88808E-04
 1.01397E+00  4.99857E-04
 1.01409E+00  5.16627E-04
 1.01422E+00  5.11111E-04
 1.01434E+00  5.03679E-04
 1.01446E+00  5.07567E-04
 1.01458E+00  5.05759E-04
 1.01470E+00  5.10340E-04
 1.01482E+00  5.02665E-04
 1.01494E+00  5.18954E-04
 1.01506E+00  5.23452E-04
 1.01519E+00  5.35842E-04
 1.01531E+00  5.44691E-04
 1.01543E+00  5.24527E-04
 1.01555E+00  5.28978E-04
 1.01567E+00  5.25990E-04
 1.01579E+00  5.69174E-04
 1.01591E+00  5.58757E-04
 1.01604E+00  5.48717E-04
 1.01616E+00  5.67700E-04
 1.01628E+00  5.74261E-04
 1.01640E+00  5.77143E-04
 1.01652E+00  6.06236E-04
 1.01664E+00  5.58756E-04
 1.01677E+00  5.95852E-04
 1.01689E+00  6.34292E-04
 1.01701E+00  6.12355E-04
 1.01713E+00  6.23845E-04
 1.01725E+00  6.69143E-04
 1.01738E+00  6.67748E-04
 1.01750E+00  6.38436E-04
 1.01762E+00  7.09511E-04
 1.01774E+00  7.31894E-04
 1.01786E+00  7.55897E-04
 1.01799E+00  7.36417E-04
 1.01811E+00  8.52496E-04
 1.01823E+00  8.66064E-04
 1.01835E+00  8.64901E-04
 1.01847E+00  9.51957E-04
 1.01860E+00  9.63635E-04
 1.01872E+00  1.00516E-03
 1.01884E+00  1.10171E-03
 1.01896E+00  1.25939E-03
 1.01909E+00  1.22071E-03
 1.01921E+00  1.54378E-03
 1.01933E+00  1.93783E-03
 1.01945E+00  2.76777E-03
 1.01958E+00  2.92645E-03
 1.01970E+00  3.45808E-03
 1.01982E+00  3.99816E-03
 1.01994E+00  4.98691E-03
 1.02007E+00  5.22876E-03
 1.02019E+00  6.22369E-03
 1.02031E+00  7.15880E-03
 1.02043E+00  7.50047E-03
 1.02056E+00  8.99822E-03
 1.02068E+00  7.92317E-03
 1.02080E+00  9.70897E-03
 1.02092E+00  9.93844E-03
 1.02105E+00  9.87361E-03
 1.02117E+00  9.51242E-03
 1.02129E+00  1.03368E-02
 1.02142E+00  9.00741E-03
 1.02154E+00  1.00378E-02
 1.02166E+00  8.97854E-03
 1.02178E+00  8.88117E-03
 1.02191E+00  8.74839E-03
 1.02203E+00  8.82112E-03
 1.02215E+00  7.75895E-03
 1.02228E+00  8.24786E-03
 1.02240E+00  7.18994E-03
 1.02252E+00  7.34247E-03
 1.02265E+00  6.93326E-03
 1.02277E+00  6.91444E-03
 1.02289E+00  6.50496E-03
 1.02302E+00  5.97552E-03
 1.02314E+00  6.18271E-03
 1.02326E+00  5.86739E-03
 1.02339E+00  5.92949E-03
 1.02351E+00  5.36182E-03
 1.02363E+00  5.11838E-03
 1.02376E+00  4.60619E-03
 1.02388E+00  5.05061E-03
 1.02400E+00  5.12494E-03
 1.02413E+00  4.60624E-03
 1.02425E+00  4.06353E-03
 1.02437E+00  4.09445E-03
 1.02450E+00  3.55665E-03
 1.02462E+00  3.70707E-03
 1.02474E+00  3.65671E-03
 1.02487E+00  3.05147E-03
 1.02499E+00  3.31563E-03
 1.02512E+00  3.21380E-03
 1.02524E+00  3.10882E-03
 1.02536E+00  2.77875E-03
 1.02549E+00  2.79639E-03
 1.02561E+00  2.95839E-03
 1.02573E+00  2.49922E-03
 1.02586E+00  2.22344E-03
 1.02598E+00  2.31648E-03
 1.02611E+00  2.25329E-03
 1.02623E+00  1.93319E-03
 1.02635E+00  1.95913E-03
 1.02648E+00  1.81943E-03
 1.02660E+00  1.78458E-03
 1.02673E+00  1.61043E-03
 1.02685E+00  1.42267E-03
 1.02698E+00  1.39969E-03
 1.02710E+00  1.42333E-03
 1.02722E+00  1.26553E-03
 1.02735E+00  1.18204E-03
 1.02747E+00  1.19749E-03
 1.02760E+00  1.08227E-03
 1.02772E+00  1.18154E-03
 1.02785E+00  9.79760E-04
 1.02797E+00  1.01650E-03
 1.02809E+00  1.04209E-03
 1.02822E+00  8.70112E-04
 1.02834E+00  8.18332E-04
 1.02847E+00  8.47363E-04
 1.02859E+00  7.39656E-04
 1.02872E+00  7.82760E-04
 1.02884E+00  7.01387E-04
 1.02897E+00  7.00419E-04
 1.02909E+00  7.78943E-04
 1.02922E+00  6.85355E-04
 1.02934E+00  6.63265E-04
 1.02947E+00  6.58538E-04
 1.02959E+00  6.54430E-04
 1.02972E+00  6.67534E-04
 1.02984E+00  6.27136E-04
 1.02997E+00  6.06509E-04
 1.03009E+00  5.74375E-04
 1.03022E+00  6.28142E-04
 1.03034E+00  5.96658E-04
 1.03047E+00  5.95178E-04
 1.03059E+00  5.63450E-04
 1.03072E+00  5.59062E-04
 1.03084E+00  6.18161E-04
 1.03097E+00  5.81029E-04
 1.03109E+00  5.45604E-04
 1.03122E+00  5.77462E-04
 1.03134E+00  5.50534E-04
 1.03147E+00  5.60020E-04
 1.03159E+00  5.49655E-04
 1.03172E+00  5.40719E-04
 1.03184E+00  5.58087E-04
 1.03197E+00  5.35881E-04
 1.03209E+00  5.37802E-04
 1.03222E+00  5.39783E-04
 1.03235E+00  5.33373E-04
 1.03247E+00  5.57119E-04
 1.03260E+00  5.31219E-04
 1.03272E+00  5.25963E-04
 1.03285E+00  5.43187E-04
 1.03297E+00  5.38477E-04
 1.03310E+00  5.22334E-04
 1.03322E+00  5.23787E-04
 1.03335E+00  5.33081E-04
 1.03348E+00  5.17768E-04
 1.03360E+00  5.32097E-04
 1.03373E+00  5.30757E-04
 1.03385E+00  5.42847E-04
 1.03398E+00  5.27576E-04
 1.03411E+00  5.31978E-04
 1.03423E+00  5.25649E-04
 1.03436E+00  5.30458E-04
 1.03448E+00  5.28341E-04
 1.03461E+00  5.21196E-04
 1.03474E+00  5.23189E-04
 1.03486E+00  5.22736E-04
 1.03499E+00  5.24495E-04
 1.03511E+00  5.31033E-04
 1.03524E+00  5.21429E-04
 1.03537E+00  5.22614E-04
 1.03549E+00  5.21421E-04
 1.03562E+00  5.42718E-04
 1.03575E+00  5.27241E-04
 1.03587E+00  5.19597E-04
 1.03600E+00  5.24406E-04
 1.03612E+00  5.20229E-04
 1.03625E+00  5.22818E-04
 1.03638E+00  5.16000E-04
 1.03650E+00  5.18594E-04
 1.03663E+00  5.19698E-04
 1.03676E+00  5.18708E-04
 1.03688E+00  5.22717E-04
 1.03701E+00  5.20041E-04
 1.03714E+00  5.24958E-04
 1.03726E+00  5.22536E-04
 1.03739E+00  5.22798E-04
 1.03752E+00  5.23297E-04
 1.03764E+00  5.23402E-04
 1.03777E+00  5.20226E-04
 1.03790E+00  5.27919E-04
 1.03803E+00  5.28076E-04
 1.03815E+00  5.22117E-04
 1.03828E+00  5.20618E-04
 1.03841E+00  5.21117E-04
 1.03853E+00  5.28545E-04
 1.03866E+00  5.23664E-04
 1.03879E+00  5.22289E-04
 1.03891E+00  5.27299E-04
 1.03904E+00  5.24014E-04
 1.03917E+00  5.21992E-04
 1.03930E+00  5.21811E-04
 1.03942E+00  5.26803E-04
 1.03955E+00  5.28974E-04
 1.03968E+00  5.23519E-04
 1.03981E+00  5.24327E-04
 1.03993E+00  5.24698E-04
 1.04006E+00  5.25779E-04
 1.04019E+00  5.23851E-04
 1.04031E+00  5.24997E-04
 1.04044E+00  5.26807E-04
 1.04057E+00  5.27733E-04
 1.04070E+00  5.26939E-04
 1.04083E+00  5.26926E-04
 1.04095E+00  5.25890E-04
 1.04108E+00  5.25875E-04
 1.04121E+00  5.26344E-04
 1.04134E+00  5.29589E-04
 1.04146E+00  5.26285E-04
 1.04159E+00  5.26679E-04
 1.04172E+00  5.26908E-04
 1.04185E+00  5.27116E-04
 1.04197E+00  5.27682E-04
 1.04210E+00  5.30863E-04
 1.04223E+00  5.28064E-04
 1.04236E+00  5.28745E-04
 1.04249E+00  5.28828E-04
 1.04261E+00  5.29364E-04
 1.04274E+00  5.29337E-04
 1.04287E+00  5.29489E-04
 1.04300E+00  5.29658E-04
 1.04313E+00  5.30010E-04
 1.04326E+00  5.30751E-04
 1.04338E+00  5.30933E-04
 1.04351E+00  5.30868E-04
 1.04364E+00  5.31162E-04
 1.04377E+00  5.31870E-04
 1.04390E+00  5.31651E-04
 1.04402E+00  5.33301E-04
 1.04415E+00  5.32703E-04
 1.04428E+00  5.32842E-04
 1.04441E+00  5.32903E-04
 1.04454E+00  5.33162E-04
 1.04467E+00  5.33382E-04
 1.04480E+00  5.34401E-04
 1.04492E+00  5.33900E-04
 1.04505E+00  5.34195E-04
 1.04518E+00  5.34835E-04
 1.04531E+00  5.34754E-04
 1.04544E+00  5.35049E-04
 1.04557E+00  5.35320E-04
 1.04570E+00  5.35628E-04
 1.04583E+00  5.35906E-04
 1.04595E+00  5.36173E-04
 1.04608E+00  5.36737E-04
 1.04621E+00  5.36747E-04
 1.04634E+00  5.37028E-04
 1.04647E+00  5.37313E-04
 1.04660E+00  5.37917E-04
 1.04673E+00  5.38086E-04
 1.04686E+00  5.38244E-04
 1.04699E+00  5.38454E-04
 1.04712E+00  5.38746E-04
 1.04724E+00  5.39024E-04
 1.04737E+00  5.39406E-04
 1.04750E+00  5.39596E-04
 1.04763E+00  5.39890E-04
 1.04776E+00  5.40174E-04
 1.04789E+00  5.42589E-04
 1.04802E+00  5.40755E-04
 1.04815E+00  5.41026E-04
 1.04828E+00  5.41587E-04
 1.04841E+00  5.41599E-04
 1.04854E+00  5.42182E-04
 1.04867E+00  5.42172E-04
 1.04880E+00  5.42488E-04
 1.04893E+00  5.42745E-04
 1.04906E+00  5.43032E-04
 1.04919E+00  5.43319E-04
 1.04932E+00  5.43613E-04
 1.04945E+00  5.43899E-04
 1.04958E+00  5.44181E-04
 1.04970E+00  5.44468E-04
 1.04983E+00  5.44756E-04
 1.04996E+00  5.45044E-04
 1.05009E+00  5.45443E-04
 1.05022E+00  5.45619E-04
 1.05035E+00  5.45907E-04
 1.05048E+00  5.46195E-04
 1.05061E+00  5.46495E-04
 1.05074E+00  5.47204E-04
 1.05087E+00  5.47060E-04
 1.05100E+00  5.47348E-04
 1.05113E+00  5.47637E-04
 1.05126E+00  5.47925E-04
 1.05139E+00  5.48214E-04
 1.05153E+00  5.48768E-04
 1.05166E+00  5.48791E-04
 1.05179E+00  5.50972E-04
 1.05192E+00  5.49369E-04
 1.05205E+00  5.49659E-04
 1.05218E+00  5.49948E-04
 1.05231E+00  5.50267E-04
 1.05353E+00  5.52954E-04
 1.10328E+00  6.18958E-04
 1.15539E+00  6.54505E-04
 1.20995E+00  6.81558E-04
 1.26709E+00  6.78242E-04
 1.32693E+00  6.66603E-04
 1.38959E+00  6.65733E-04
 1.45522E+00  6.42047E-04
 1.52394E+00  6.19638E-04
 1.59591E+00  5.62484E-04
 1.67128E+00  5.30370E-04
 1.75020E+00  4.95620E-04
 1.83286E+00  4.64004E-04
 1.91941E+00  4.44627E-04
 2.01006E+00  4.38019E-04
 2.10498E+00  4.47985E-04
 2.20439E+00  4.64756E-04
 2.30849E+00  4.73476E-04
 2.41751E+00  4.89713E-04
 2.53168E+00  5.02158E-04
 2.65124E+00  5.15074E-04
 2.77644E+00  5.32683E-04
 2.90756E+00  5.54971E-04
 3.04487E+00  5.79500E-04
 3.18867E+00  8.34921E-04
 3.33925E+00  1.04576E-03
 3.49695E+00  1.11451E-03
 3.66209E+00  1.14100E-03
 3.83504E+00  1.24152E-03
 4.01615E+00  1.23164E-03
 4.20581E+00  1.28136E-03
 4.40443E+00  1.29307E-03
 4.61243E+00  1.33644E-03
 4.83025E+00  1.38329E-03
 5.05836E+00  1.39791E-03
 5.29725E+00  1.43455E-03
 5.54741E+00  1.44186E-03
 5.80939E+00  1.49849E-03
 6.08374E+00  1.51903E-03
 6.37104E+00  1.60274E-03
 6.67191E+00  1.61056E-03
 6.98700E+00  1.66177E-03
 7.31696E+00  1.75162E-03
 7.66250E+00  1.88983E-03
 8.02437E+00  1.93301E-03
 8.40332E+00  2.00762E-03
 8.80017E+00  2.04685E-03
 9.21576E+00  2.05863E-03
 9.65097E+00  2.11379E-03
 1.01067E+01  2.13476E-03
 1.05840E+01  2.13873E-03
 1.10839E+01  2.20119E-03
 1.16073E+01  2.22132E-03
 1.21555E+01  2.30046E-03
 1.27295E+01  2.39702E-03
 1.33307E+01  2.46403E-03
 1.39602E+01  2.52892E-03
 1.46195E+01  2.45089E-03
 1.53099E+01  2.38776E-03
 1.60329E+01  2.28491E-03
 1.67901E+01  2.23662E-03
 1.75830E+01  2.13664E-03
 1.84133E+01  2.06461E-03
 1.92829E+01  1.84565E-03
 2.01935E+01  1.58658E-03
 2.11472E+01  1.53215E-03
 2.21459E+01  1.52223E-03
 2.31917E+01  1.50140E-03
 2.42869E+01  1.44008E-03
 2.54339E+01  1.37590E-03
 2.66350E+01  1.30035E-03
 2.78929E+01  1.22232E-03
 2.92101E+01  1.14941E-03
 3.05896E+01  1.06489E-03
 3.20342E+01  9.77013E-04
 3.35470E+01  9.21921E-04
 3.51312E+01  8.62530E-04
 3.67903E+01  6.84700E-04
 3.85277E+01  6.13861E-04
 4.03472E+01  5.93904E-04
 4.22526E+01  5.88069E-04
 4.42480E+01  5.75275E-04
 4.63376E+01  6.45100E-04
 4.85259E+01  7.17574E-04
 5.08176E+01  8.13522E-04
 5.32175E+01  9.66269E-04
 5.57307E+01  1.17250E-03
 5.83625E+01  1.50274E-03
 6.11187E+01  1.89195E-03
 6.40051E+01  2.62663E-03
 6.70277E+01  3.43593E-03
 7.01931E+01  4.88787E-03
 7.35080E+01  6.74028E-03
 7.69794E+01  9.31866E-03
 8.06148E+01  1.25522E-02
 8.44219E+01  1.61322E-02
 8.84087E+01  2.00553E-02
 9.25838E+01  2.46310E-02
 9.69561E+01  2.96567E-02
 1.01535E+02  3.58169E-02
 1.06330E+02  4.32635E-02
 1.11351E+02  5.21248E-02
 1.16610E+02  6.32144E-02
 1.22117E+02  7.73773E-02
 1.27884E+02  9.61104E-02
 1.33923E+02  1.19862E-01
 1.40248E+02  1.48129E-01
 1.46871E+02  1.80981E-01
 1.53807E+02  2.19667E-01
 1.61071E+02  2.61522E-01
 1.68677E+02  3.08847E-01
 1.76643E+02  3.58206E-01
 1.84985E+02  4.17480E-01
 1.93721E+02  4.83524E-01
 2.02869E+02  5.55106E-01
 2.12450E+02  6.32039E-01
 2.22483E+02  7.10687E-01
 2.32990E+02  7.93004E-01
 2.43993E+02  8.74921E-01
 2.55515E+02  9.50682E-01
 2.67582E+02  1.02443E+00
 2.80219E+02  1.08462E+00
 2.93452E+02  1.13110E+00
 3.07310E+02  1.16956E+00
 3.21823E+02  1.18943E+00
 3.37021E+02  1.19739E+00
 3.52937E+02  1.19119E+00
 3.69605E+02  1.17750E+00
 3.87059E+02  1.15130E+00
 4.05338E+02  1.11536E+00
 4.24480E+02  1.07223E+00
 4.44527E+02  1.03135E+00
 4.65519E+02  9.77908E-01
 4.87504E+02  9.26939E-01
 5.10526E+02  8.78923E-01
 5.34636E+02  8.26901E-01
 5.59884E+02  7.74881E-01
 5.86325E+02  7.28335E-01
 6.14014E+02  6.74029E-01
 6.43011E+02  6.32318E-01
 6.73377E+02  5.85783E-01
 7.05178E+02  5.41118E-01
 7.38480E+02  4.98088E-01
 7.73355E+02  4.57641E-01
 8.09877E+02  4.18168E-01
 8.48123E+02  3.83732E-01
 8.88176E+02  3.49777E-01
 9.30120E+02  3.15428E-01
 9.74045E+02  2.86139E-01
 1.02004E+03  2.57782E-01
 1.06822E+03  2.31150E-01
 1.11866E+03  2.09529E-01
 1.17149E+03  1.85774E-01
 1.22682E+03  1.66350E-01
 1.28475E+03  1.45135E-01
 1.34543E+03  1.26893E-01
 1.40896E+03  1.13276E-01
 1.47550E+03  9.88081E-02
 1.54518E+03  8.66224E-02
 1.61815E+03  7.52364E-02
 1.69457E+03  6.51891E-02
 1.77460E+03  5.65423E-02
 1.85840E+03  5.01809E-02
 1.94617E+03  4.13029E-02
 2.03808E+03  3.61286E-02
 2.13432E+03  3.03374E-02
 2.23512E+03  2.48449E-02
 2.34067E+03  2.21842E-02
 2.45121E+03  2.09091E-02
 2.56697E+03  1.63428E-02
 2.68820E+03  1.33531E-02
 2.81515E+03  1.09316E-02
 2.94809E+03  1.01481E-02
 3.08732E+03  7.98933E-03
 3.23312E+03  7.25287E-03
 3.38580E+03  6.15012E-03
 3.54570E+03  4.81459E-03
 3.71314E+03  4.22355E-03
 3.88850E+03  3.24921E-03
 4.07213E+03  2.42331E-03
 4.26444E+03  2.68463E-03
 4.46583E+03  2.14521E-03
 4.67673E+03  1.78414E-03
 4.89758E+03  1.15770E-03
 5.12887E+03  8.03007E-04
 5.37109E+03  8.37946E-04
 5.62474E+03  9.39389E-04
 5.89037E+03  4.08147E-04
 6.16854E+03  2.79075E-04
 6.45985E+03  5.75508E-04
 6.76492E+03  2.67494E-04
 7.08439E+03  2.10367E-04
 7.41895E+03  5.07290E-04
 7.76932E+03  3.07414E-04
 8.13622E+03  3.12481E-04
