 8.59946E-05  0.00000E+00
 9.00557E-05  0.00000E+00
 9.43086E-05  0.00000E+00
 9.87623E-05  0.00000E+00
 1.03426E-04  0.00000E+00
 1.08311E-04  0.00000E+00
 1.13426E-04  0.00000E+00
 1.18782E-04  0.00000E+00
 1.24392E-04  0.00000E+00
 1.30266E-04  0.00000E+00
 1.36418E-04  0.00000E+00
 1.42860E-04  0.00000E+00
 1.49607E-04  0.00000E+00
 1.56672E-04  0.00000E+00
 1.64071E-04  0.00000E+00
 1.71819E-04  0.00000E+00
 1.79934E-04  0.00000E+00
 1.88431E-04  0.00000E+00
 1.97330E-04  0.00000E+00
 2.06649E-04  0.00000E+00
 2.16408E-04  0.00000E+00
 2.26628E-04  0.00000E+00
 2.37330E-04  0.00000E+00
 2.48538E-04  0.00000E+00
 2.60275E-04  0.00000E+00
 2.72567E-04  0.00000E+00
 2.85439E-04  0.00000E+00
 2.98919E-04  0.00000E+00
 3.13035E-04  0.00000E+00
 3.27818E-04  0.00000E+00
 3.43300E-04  0.00000E+00
 3.59512E-04  0.00000E+00
 3.76490E-04  0.00000E+00
 3.94270E-04  0.00000E+00
 4.12889E-04  0.00000E+00
 4.32388E-04  0.00000E+00
 4.52808E-04  0.00000E+00
 4.74192E-04  0.00000E+00
 4.96585E-04  0.00000E+00
 5.20037E-04  0.00000E+00
 5.44596E-04  0.00000E+00
 5.70314E-04  0.00000E+00
 5.97247E-04  0.00000E+00
 6.25453E-04  0.00000E+00
 6.54990E-04  0.00000E+00
 6.85922E-04  0.00000E+00
 7.18314E-04  0.00000E+00
 7.52237E-04  0.00000E+00
 7.87762E-04  0.00000E+00
 8.24964E-04  0.00000E+00
 8.63923E-04  0.00000E+00
 9.04722E-04  0.00000E+00
 9.47447E-04  0.00000E+00
 9.92191E-04  0.00000E+00
 1.03905E-03  0.00000E+00
 1.08812E-03  0.00000E+00
 1.13950E-03  0.00000E+00
 1.19332E-03  0.00000E+00
 1.24967E-03  0.00000E+00
 1.30869E-03  0.00000E+00
 1.37049E-03  0.00000E+00
 1.43521E-03  0.00000E+00
 1.50299E-03  0.00000E+00
 1.57397E-03  0.00000E+00
 1.64830E-03  0.00000E+00
 1.72614E-03  0.00000E+00
 1.80766E-03  0.00000E+00
 1.89302E-03  0.00000E+00
 1.98242E-03  0.00000E+00
 2.07604E-03  0.00000E+00
 2.17409E-03  0.00000E+00
 2.27676E-03  0.00000E+00
 2.38428E-03  0.00000E+00
 2.49687E-03  0.00000E+00
 2.61479E-03  0.00000E+00
 2.73827E-03  0.00000E+00
 2.86759E-03  0.00000E+00
 3.00301E-03  0.00000E+00
 3.14483E-03  0.00000E+00
 3.29335E-03  0.00000E+00
 3.44887E-03  0.00000E+00
 3.61175E-03  0.00000E+00
 3.78231E-03  0.00000E+00
 3.96093E-03  0.00000E+00
 4.14799E-03  0.00000E+00
 4.34388E-03  0.00000E+00
 4.54902E-03  0.00000E+00
 4.76385E-03  0.00000E+00
 4.98882E-03  0.00000E+00
 5.22442E-03  0.00000E+00
 5.47114E-03  0.00000E+00
 5.72952E-03  0.00000E+00
 6.00010E-03  0.00000E+00
 6.28345E-03  0.00000E+00
 6.58019E-03  0.00000E+00
 6.89094E-03  0.00000E+00
 7.21637E-03  0.00000E+00
 7.55716E-03  0.00000E+00
 7.91405E-03  0.00000E+00
 8.28779E-03  0.00000E+00
 8.67919E-03  0.00000E+00
 9.08906E-03  0.00000E+00
 9.51829E-03  0.00000E+00
 9.96780E-03  0.00000E+00
 1.04385E-02  0.00000E+00
 1.09315E-02  0.00000E+00
 1.14477E-02  0.00000E+00
 1.19884E-02  0.00000E+00
 1.25545E-02  0.00000E+00
 1.31474E-02  0.00000E+00
 1.37683E-02  0.00000E+00
 1.44185E-02  0.00000E+00
 1.50994E-02  0.00000E+00
 1.58125E-02  0.00000E+00
 1.65592E-02  0.00000E+00
 1.73412E-02  0.00000E+00
 1.81602E-02  0.00000E+00
 1.90178E-02  0.00000E+00
 1.99159E-02  0.00000E+00
 2.08565E-02  0.00000E+00
 2.18414E-02  0.00000E+00
 2.28729E-02  0.00000E+00
 2.39530E-02  0.00000E+00
 2.50842E-02  0.00000E+00
 2.62688E-02  0.00000E+00
 2.75094E-02  0.00000E+00
 2.88085E-02  0.00000E+00
 3.01690E-02  0.00000E+00
 3.15938E-02  0.00000E+00
 3.30858E-02  0.00000E+00
 3.46483E-02  0.00000E+00
 3.62845E-02  0.00000E+00
 3.79981E-02  0.00000E+00
 3.97925E-02  0.00000E+00
 4.16717E-02  0.00000E+00
 4.36397E-02  0.00000E+00
 4.57006E-02  0.00000E+00
 4.78588E-02  0.00000E+00
 5.01190E-02  3.87589E-11
 5.24858E-02  0.00000E+00
 5.49645E-02  0.00000E+00
 5.75602E-02  0.00000E+00
 6.02785E-02  3.80854E-12
 6.31251E-02  3.49643E-11
 6.61062E-02  4.30268E-11
 6.92281E-02  3.54414E-11
 7.24974E-02  6.65888E-12
 7.59211E-02  4.52952E-11
 7.95065E-02  1.68502E-11
 8.32612E-02  2.86984E-11
 8.71933E-02  3.10976E-11
 9.13110E-02  3.42973E-11
 9.56232E-02  2.60234E-11
 1.00139E-01  3.02893E-11
 1.04868E-01  3.05346E-11
 1.09820E-01  1.99504E-11
 1.15007E-01  2.36401E-11
 1.20438E-01  1.26047E-11
 1.26126E-01  1.18830E-11
 1.32082E-01  6.16137E-12
 1.38320E-01  4.66363E-12
 1.44852E-01  2.94744E-12
 1.51692E-01  1.66681E-12
 1.58856E-01  1.01977E-12
 1.66358E-01  4.33435E-13
 1.74214E-01  2.60119E-13
 1.82442E-01  1.07668E-13
 1.91058E-01  1.06736E-13
 2.00080E-01  1.01243E-13
 2.09529E-01  1.59119E-13
 2.19424E-01  5.65765E-14
 2.29787E-01  2.58321E-14
 2.40638E-01  6.23950E-15
 2.52002E-01  3.02764E-15
 2.63903E-01  1.27012E-15
 2.76366E-01  4.23565E-16
 2.89418E-01  1.08634E-16
 3.03085E-01  3.32761E-17
 3.17399E-01  1.18611E-17
 3.32388E-01  3.88794E-18
 3.48085E-01  1.60283E-18
 3.64523E-01  5.08302E-19
 3.81738E-01  1.95045E-19
 3.99766E-01  8.25930E-20
 4.18645E-01  4.16860E-20
 4.38415E-01  2.91035E-20
 4.59120E-01  1.47589E-20
 4.80802E-01  1.67605E-20
 5.03508E-01  1.95893E-20
 5.27286E-01  4.32959E-20
 5.52187E-01  1.05501E-19
 5.78264E-01  5.84689E-19
 6.05573E-01  6.87862E-18
 6.34171E-01  1.69108E-16
 6.64120E-01  1.23798E-14
 6.95483E-01  3.49628E-12
 7.28327E-01  4.05806E-09
 7.62723E-01  5.21735E-05
 7.98743E-01  4.00472E-04
 8.36463E-01  4.84284E-04
 8.75965E-01  5.26508E-04
 9.17333E-01  5.93977E-04
 9.60654E-01  5.98749E-04
 9.91011E-01  5.47874E-04
 9.91127E-01  5.47677E-04
 9.91243E-01  5.47478E-04
 9.91358E-01  5.47280E-04
 9.91474E-01  5.47082E-04
 9.91590E-01  5.46884E-04
 9.91706E-01  5.46686E-04
 9.91822E-01  5.46487E-04
 9.91938E-01  5.46289E-04
 9.92053E-01  5.46090E-04
 9.92169E-01  5.45891E-04
 9.92285E-01  5.45693E-04
 9.92401E-01  5.45494E-04
 9.92517E-01  5.45295E-04
 9.92633E-01  5.45096E-04
 9.92750E-01  5.44897E-04
 9.92866E-01  5.44698E-04
 9.92982E-01  5.44499E-04
 9.93098E-01  5.44299E-04
 9.93214E-01  5.44100E-04
 9.93330E-01  5.43901E-04
 9.93447E-01  5.43701E-04
 9.93563E-01  5.43502E-04
 9.93679E-01  5.43302E-04
 9.93795E-01  5.43102E-04
 9.93912E-01  5.42902E-04
 9.94028E-01  5.42702E-04
 9.94145E-01  5.42502E-04
 9.94261E-01  5.42302E-04
 9.94377E-01  5.42102E-04
 9.94494E-01  5.41902E-04
 9.94610E-01  5.41702E-04
 9.94727E-01  5.41501E-04
 9.94844E-01  5.41301E-04
 9.94960E-01  5.41100E-04
 9.95077E-01  5.40900E-04
 9.95193E-01  5.40699E-04
 9.95310E-01  5.40498E-04
 9.95427E-01  5.40298E-04
 9.95543E-01  5.40097E-04
 9.95660E-01  5.39896E-04
 9.95777E-01  5.39695E-04
 9.95894E-01  5.39494E-04
 9.96011E-01  5.39292E-04
 9.96128E-01  5.39091E-04
 9.96244E-01  5.38890E-04
 9.96361E-01  5.38688E-04
 9.96478E-01  5.38487E-04
 9.96595E-01  5.38285E-04
 9.96712E-01  5.38083E-04
 9.96829E-01  5.37882E-04
 9.96946E-01  5.37680E-04
 9.97063E-01  5.37478E-04
 9.97181E-01  5.37276E-04
 9.97298E-01  5.37074E-04
 9.97415E-01  5.36872E-04
 9.97532E-01  5.36669E-04
 9.97649E-01  5.36467E-04
 9.97767E-01  5.36265E-04
 9.97884E-01  5.36062E-04
 9.98001E-01  5.35860E-04
 9.98118E-01  5.35657E-04
 9.98236E-01  5.35454E-04
 9.98353E-01  5.35252E-04
 9.98471E-01  5.35049E-04
 9.98588E-01  5.34846E-04
 9.98706E-01  5.34643E-04
 9.98823E-01  5.34440E-04
 9.98941E-01  5.34236E-04
 9.99058E-01  5.34033E-04
 9.99176E-01  5.33830E-04
 9.99293E-01  5.33626E-04
 9.99411E-01  5.33423E-04
 9.99529E-01  5.33219E-04
 9.99646E-01  5.33016E-04
 9.99764E-01  5.32812E-04
 9.99882E-01  5.32608E-04
 1.00000E+00  5.32404E-04
 1.00012E+00  5.32200E-04
 1.00024E+00  5.31996E-04
 1.00035E+00  5.31792E-04
 1.00047E+00  5.31588E-04
 1.00059E+00  5.31383E-04
 1.00071E+00  5.31179E-04
 1.00082E+00  5.30975E-04
 1.00094E+00  5.30770E-04
 1.00106E+00  5.30566E-04
 1.00118E+00  5.30361E-04
 1.00130E+00  5.30156E-04
 1.00142E+00  5.29951E-04
 1.00153E+00  5.29752E-04
 1.00165E+00  5.29541E-04
 1.00177E+00  5.29336E-04
 1.00189E+00  5.29131E-04
 1.00201E+00  5.28926E-04
 1.00212E+00  5.28720E-04
 1.00224E+00  5.28515E-04
 1.00236E+00  5.28309E-04
 1.00248E+00  5.28104E-04
 1.00260E+00  5.27898E-04
 1.00272E+00  5.27693E-04
 1.00283E+00  5.27502E-04
 1.00295E+00  5.27314E-04
 1.00307E+00  5.27075E-04
 1.00319E+00  5.26869E-04
 1.00331E+00  5.26663E-04
 1.00343E+00  5.26456E-04
 1.00355E+00  5.26250E-04
 1.00366E+00  5.26044E-04
 1.00378E+00  5.25837E-04
 1.00390E+00  5.25631E-04
 1.00402E+00  5.25424E-04
 1.00414E+00  5.25217E-04
 1.00426E+00  5.25011E-04
 1.00438E+00  5.24821E-04
 1.00450E+00  5.24597E-04
 1.00461E+00  5.24390E-04
 1.00473E+00  5.24183E-04
 1.00485E+00  5.23976E-04
 1.00497E+00  5.23768E-04
 1.00509E+00  5.23561E-04
 1.00521E+00  5.23354E-04
 1.00533E+00  5.23146E-04
 1.00545E+00  5.22938E-04
 1.00557E+00  5.22738E-04
 1.00569E+00  5.22526E-04
 1.00580E+00  5.22575E-04
 1.00592E+00  5.22114E-04
 1.00602E+00  5.21938E-04
 1.00604E+00  5.21984E-04
 1.00616E+00  5.22243E-04
 1.00628E+00  5.22502E-04
 1.00640E+00  5.22760E-04
 1.00652E+00  5.23035E-04
 1.00664E+00  5.23522E-04
 1.00676E+00  5.23546E-04
 1.00688E+00  5.23800E-04
 1.00700E+00  5.25000E-04
 1.00712E+00  5.24313E-04
 1.00724E+00  5.24581E-04
 1.00736E+00  5.24842E-04
 1.00748E+00  5.25098E-04
 1.00760E+00  5.25351E-04
 1.00771E+00  5.25611E-04
 1.00783E+00  5.25870E-04
 1.00795E+00  5.26132E-04
 1.00807E+00  5.26391E-04
 1.00819E+00  5.26657E-04
 1.00831E+00  5.26915E-04
 1.00843E+00  5.28253E-04
 1.00855E+00  5.27432E-04
 1.00867E+00  5.27689E-04
 1.00879E+00  5.27950E-04
 1.00891E+00  5.28578E-04
 1.00903E+00  5.28472E-04
 1.00915E+00  5.28732E-04
 1.00927E+00  5.29098E-04
 1.00939E+00  5.29252E-04
 1.00951E+00  5.29521E-04
 1.00963E+00  5.29780E-04
 1.00975E+00  5.31463E-04
 1.00987E+00  5.31173E-04
 1.00999E+00  5.30558E-04
 1.01011E+00  5.31474E-04
 1.01023E+00  5.31349E-04
 1.01035E+00  5.31342E-04
 1.01047E+00  5.31624E-04
 1.01059E+00  5.31878E-04
 1.01071E+00  5.32152E-04
 1.01083E+00  5.32503E-04
 1.01095E+00  5.32817E-04
 1.01108E+00  5.33425E-04
 1.01120E+00  5.33174E-04
 1.01132E+00  5.35656E-04
 1.01144E+00  5.33790E-04
 1.01156E+00  5.34133E-04
 1.01168E+00  5.34222E-04
 1.01180E+00  5.34528E-04
 1.01192E+00  5.34820E-04
 1.01204E+00  5.35017E-04
 1.01216E+00  5.35423E-04
 1.01228E+00  5.36093E-04
 1.01240E+00  5.35815E-04
 1.01252E+00  5.36150E-04
 1.01264E+00  5.36377E-04
 1.01276E+00  5.36832E-04
 1.01288E+00  5.36855E-04
 1.01301E+00  5.37114E-04
 1.01313E+00  5.37603E-04
 1.01325E+00  5.38061E-04
 1.01337E+00  5.37937E-04
 1.01349E+00  5.38209E-04
 1.01361E+00  5.39035E-04
 1.01373E+00  5.38992E-04
 1.01385E+00  5.53585E-04
 1.01397E+00  5.39479E-04
 1.01409E+00  5.39487E-04
 1.01422E+00  5.39819E-04
 1.01434E+00  5.40405E-04
 1.01446E+00  5.40782E-04
 1.01458E+00  5.41944E-04
 1.01470E+00  5.47633E-04
 1.01482E+00  5.45248E-04
 1.01494E+00  5.42549E-04
 1.01506E+00  5.44523E-04
 1.01519E+00  5.45996E-04
 1.01531E+00  5.44918E-04
 1.01543E+00  5.42444E-04
 1.01555E+00  5.42824E-04
 1.01567E+00  5.49870E-04
 1.01579E+00  5.48808E-04
 1.01591E+00  5.47915E-04
 1.01604E+00  5.44602E-04
 1.01616E+00  5.50307E-04
 1.01628E+00  5.49759E-04
 1.01640E+00  5.44617E-04
 1.01652E+00  5.55155E-04
 1.01664E+00  5.60291E-04
 1.01677E+00  5.48327E-04
 1.01689E+00  5.55308E-04
 1.01701E+00  5.52283E-04
 1.01713E+00  5.49184E-04
 1.01725E+00  5.62022E-04
 1.01738E+00  5.79228E-04
 1.01750E+00  5.83314E-04
 1.01762E+00  5.88544E-04
 1.01774E+00  6.04989E-04
 1.01786E+00  6.10182E-04
 1.01799E+00  5.90169E-04
 1.01811E+00  6.06015E-04
 1.01823E+00  6.07024E-04
 1.01835E+00  7.01591E-04
 1.01847E+00  6.73630E-04
 1.01860E+00  7.58789E-04
 1.01872E+00  7.70522E-04
 1.01884E+00  7.68297E-04
 1.01896E+00  9.13837E-04
 1.01909E+00  1.10221E-03
 1.01921E+00  1.36162E-03
 1.01933E+00  1.35416E-03
 1.01945E+00  2.05692E-03
 1.01958E+00  2.54699E-03
 1.01970E+00  3.04266E-03
 1.01982E+00  3.76150E-03
 1.01994E+00  4.41201E-03
 1.02007E+00  5.22281E-03
 1.02019E+00  5.93708E-03
 1.02031E+00  7.55292E-03
 1.02043E+00  8.37551E-03
 1.02056E+00  9.07121E-03
 1.02068E+00  9.09241E-03
 1.02080E+00  1.03110E-02
 1.02092E+00  1.02821E-02
 1.02105E+00  1.09480E-02
 1.02117E+00  1.06045E-02
 1.02129E+00  1.11915E-02
 1.02142E+00  1.11799E-02
 1.02154E+00  1.10191E-02
 1.02166E+00  1.07053E-02
 1.02178E+00  9.70015E-03
 1.02191E+00  1.00017E-02
 1.02203E+00  9.46938E-03
 1.02215E+00  9.52556E-03
 1.02228E+00  8.82300E-03
 1.02240E+00  8.65227E-03
 1.02252E+00  7.97820E-03
 1.02265E+00  7.66760E-03
 1.02277E+00  7.70903E-03
 1.02289E+00  7.66885E-03
 1.02302E+00  7.15492E-03
 1.02314E+00  7.17934E-03
 1.02326E+00  6.64105E-03
 1.02339E+00  6.67659E-03
 1.02351E+00  6.43451E-03
 1.02363E+00  6.34018E-03
 1.02376E+00  5.93176E-03
 1.02388E+00  5.89615E-03
 1.02400E+00  5.44258E-03
 1.02413E+00  5.64638E-03
 1.02425E+00  4.82217E-03
 1.02437E+00  5.06850E-03
 1.02450E+00  4.63769E-03
 1.02462E+00  4.55902E-03
 1.02474E+00  4.30604E-03
 1.02487E+00  4.13035E-03
 1.02499E+00  3.74523E-03
 1.02512E+00  3.95707E-03
 1.02524E+00  3.42033E-03
 1.02536E+00  3.28539E-03
 1.02549E+00  3.00943E-03
 1.02561E+00  3.20033E-03
 1.02573E+00  3.02202E-03
 1.02586E+00  2.82310E-03
 1.02598E+00  2.81055E-03
 1.02611E+00  2.08867E-03
 1.02623E+00  2.22966E-03
 1.02635E+00  2.06241E-03
 1.02648E+00  1.97744E-03
 1.02660E+00  2.09180E-03
 1.02673E+00  1.82127E-03
 1.02685E+00  1.57113E-03
 1.02698E+00  1.60164E-03
 1.02710E+00  1.49643E-03
 1.02722E+00  1.45708E-03
 1.02735E+00  1.24309E-03
 1.02747E+00  1.36683E-03
 1.02760E+00  1.22452E-03
 1.02772E+00  1.08492E-03
 1.02785E+00  1.13560E-03
 1.02797E+00  1.17084E-03
 1.02809E+00  9.79010E-04
 1.02822E+00  9.81519E-04
 1.02834E+00  9.41348E-04
 1.02847E+00  8.57835E-04
 1.02859E+00  8.91068E-04
 1.02872E+00  7.71498E-04
 1.02884E+00  8.40486E-04
 1.02897E+00  7.26054E-04
 1.02909E+00  7.80569E-04
 1.02922E+00  7.49140E-04
 1.02934E+00  7.58045E-04
 1.02947E+00  6.88203E-04
 1.02959E+00  6.80781E-04
 1.02972E+00  6.32720E-04
 1.02984E+00  6.50182E-04
 1.02997E+00  6.44122E-04
 1.03009E+00  6.55955E-04
 1.03022E+00  6.29252E-04
 1.03034E+00  6.26191E-04
 1.03047E+00  6.01523E-04
 1.03059E+00  6.13080E-04
 1.03072E+00  6.40483E-04
 1.03084E+00  6.02251E-04
 1.03097E+00  5.91032E-04
 1.03109E+00  5.94792E-04
 1.03122E+00  5.98708E-04
 1.03134E+00  5.85822E-04
 1.03147E+00  5.90061E-04
 1.03159E+00  5.83883E-04
 1.03172E+00  5.85530E-04
 1.03184E+00  5.94524E-04
 1.03197E+00  5.84390E-04
 1.03209E+00  5.88247E-04
 1.03222E+00  5.79944E-04
 1.03235E+00  5.85982E-04
 1.03247E+00  5.80469E-04
 1.03260E+00  5.80755E-04
 1.03272E+00  5.82242E-04
 1.03285E+00  5.86123E-04
 1.03297E+00  5.81738E-04
 1.03310E+00  5.83967E-04
 1.03322E+00  5.83419E-04
 1.03335E+00  5.82220E-04
 1.03348E+00  5.84914E-04
 1.03360E+00  5.82465E-04
 1.03373E+00  5.82856E-04
 1.03385E+00  5.87053E-04
 1.03398E+00  5.83266E-04
 1.03411E+00  5.85561E-04
 1.03423E+00  5.83856E-04
 1.03436E+00  5.85742E-04
 1.03448E+00  5.84524E-04
 1.03461E+00  5.87155E-04
 1.03474E+00  5.84847E-04
 1.03486E+00  5.85171E-04
 1.03499E+00  5.85470E-04
 1.03511E+00  5.86096E-04
 1.03524E+00  5.85986E-04
 1.03537E+00  5.86250E-04
 1.03549E+00  5.86541E-04
 1.03562E+00  5.87413E-04
 1.03575E+00  5.87101E-04
 1.03587E+00  5.87434E-04
 1.03600E+00  5.87639E-04
 1.03612E+00  5.87915E-04
 1.03625E+00  5.88194E-04
 1.03638E+00  5.88475E-04
 1.03650E+00  5.88786E-04
 1.03663E+00  5.89035E-04
 1.03676E+00  5.89316E-04
 1.03688E+00  5.89626E-04
 1.03701E+00  5.90501E-04
 1.03714E+00  5.90165E-04
 1.03726E+00  5.90939E-04
 1.03739E+00  5.90736E-04
 1.03752E+00  5.93699E-04
 1.03764E+00  5.91296E-04
 1.03777E+00  5.91580E-04
 1.03790E+00  5.91847E-04
 1.03803E+00  5.92127E-04
 1.03815E+00  5.92409E-04
 1.03828E+00  5.92690E-04
 1.03841E+00  5.92972E-04
 1.03853E+00  5.93336E-04
 1.03866E+00  5.93552E-04
 1.03879E+00  5.93818E-04
 1.03891E+00  5.94101E-04
 1.03904E+00  5.94383E-04
 1.03917E+00  5.94730E-04
 1.03930E+00  5.94982E-04
 1.03942E+00  5.95230E-04
 1.03955E+00  5.95516E-04
 1.03968E+00  5.95796E-04
 1.03981E+00  5.96079E-04
 1.03993E+00  5.96362E-04
 1.04006E+00  5.96645E-04
 1.04019E+00  5.96928E-04
 1.04031E+00  5.97211E-04
 1.04044E+00  5.97497E-04
 1.04057E+00  5.97778E-04
 1.04070E+00  5.98062E-04
 1.04083E+00  5.98349E-04
 1.04095E+00  5.98629E-04
 1.04108E+00  5.98914E-04
 1.04121E+00  5.99197E-04
 1.04134E+00  5.99481E-04
 1.04146E+00  5.99765E-04
 1.04159E+00  6.00050E-04
 1.04172E+00  6.00334E-04
 1.04185E+00  6.00618E-04
 1.04197E+00  6.00903E-04
 1.04210E+00  6.01187E-04
 1.04223E+00  6.01472E-04
 1.04236E+00  6.01757E-04
 1.04249E+00  6.02042E-04
 1.04261E+00  6.02327E-04
 1.04274E+00  6.02612E-04
 1.04287E+00  6.02897E-04
 1.04300E+00  6.03182E-04
 1.04313E+00  6.03467E-04
 1.04326E+00  6.03753E-04
 1.04338E+00  6.04038E-04
 1.04351E+00  6.04324E-04
 1.04364E+00  6.04610E-04
 1.04377E+00  6.04896E-04
 1.04390E+00  6.05182E-04
 1.04402E+00  6.05468E-04
 1.04415E+00  6.05754E-04
 1.04428E+00  6.06040E-04
 1.04441E+00  6.06326E-04
 1.04454E+00  6.06613E-04
 1.04467E+00  6.06899E-04
 1.04480E+00  6.07186E-04
 1.04492E+00  6.07473E-04
 1.04505E+00  6.07760E-04
 1.04518E+00  6.08047E-04
 1.04531E+00  6.08334E-04
 1.04544E+00  6.08621E-04
 1.04557E+00  6.08908E-04
 1.04570E+00  6.09195E-04
 1.04583E+00  6.09483E-04
 1.04595E+00  6.09770E-04
 1.04608E+00  6.10058E-04
 1.04621E+00  6.10345E-04
 1.04634E+00  6.10633E-04
 1.04647E+00  6.10921E-04
 1.04660E+00  6.11209E-04
 1.04673E+00  6.11497E-04
 1.04686E+00  6.11785E-04
 1.04699E+00  6.12074E-04
 1.04712E+00  6.12362E-04
 1.04724E+00  6.12650E-04
 1.04737E+00  6.12939E-04
 1.04750E+00  6.13228E-04
 1.04763E+00  6.13516E-04
 1.04776E+00  6.13805E-04
 1.04789E+00  6.14094E-04
 1.04802E+00  6.14383E-04
 1.04815E+00  6.14672E-04
 1.04828E+00  6.14962E-04
 1.04841E+00  6.15251E-04
 1.04854E+00  6.15540E-04
 1.04867E+00  6.15830E-04
 1.04880E+00  6.16120E-04
 1.04893E+00  6.16409E-04
 1.04906E+00  6.16699E-04
 1.04919E+00  6.16989E-04
 1.04932E+00  6.17279E-04
 1.04945E+00  6.17569E-04
 1.04958E+00  6.17860E-04
 1.04970E+00  6.18150E-04
 1.04983E+00  6.18440E-04
 1.04996E+00  6.18731E-04
 1.05009E+00  6.19021E-04
 1.05022E+00  6.19312E-04
 1.05035E+00  6.19603E-04
 1.05048E+00  6.19894E-04
 1.05061E+00  6.20185E-04
 1.05074E+00  6.20476E-04
 1.05087E+00  6.20767E-04
 1.05100E+00  6.21059E-04
 1.05113E+00  6.21350E-04
 1.05126E+00  6.21642E-04
 1.05139E+00  6.21933E-04
 1.05153E+00  6.22225E-04
 1.05166E+00  6.22517E-04
 1.05179E+00  6.22809E-04
 1.05192E+00  6.23101E-04
 1.05205E+00  6.23393E-04
 1.05218E+00  6.23685E-04
 1.05231E+00  6.23977E-04
 1.05353E+00  6.26721E-04
 1.10328E+00  6.84977E-04
 1.15539E+00  7.15064E-04
 1.20995E+00  7.38921E-04
 1.26709E+00  7.36732E-04
 1.32693E+00  7.09576E-04
 1.38959E+00  7.20078E-04
 1.45522E+00  6.79622E-04
 1.52394E+00  6.48979E-04
 1.59591E+00  5.97659E-04
 1.67128E+00  5.60495E-04
 1.75020E+00  5.17460E-04
 1.83286E+00  4.89146E-04
 1.91941E+00  4.68940E-04
 2.01006E+00  4.61524E-04
 2.10498E+00  4.66850E-04
 2.20439E+00  4.79953E-04
 2.30849E+00  4.85475E-04
 2.41751E+00  4.92389E-04
 2.53168E+00  4.98417E-04
 2.65124E+00  5.00083E-04
 2.77644E+00  5.13471E-04
 2.90756E+00  5.11765E-04
 3.04487E+00  5.29491E-04
 3.18867E+00  7.58121E-04
 3.33925E+00  9.01715E-04
 3.49695E+00  9.41487E-04
 3.66209E+00  9.45865E-04
 3.83504E+00  1.00289E-03
 4.01615E+00  9.85611E-04
 4.20581E+00  1.00820E-03
 4.40443E+00  1.00524E-03
 4.61243E+00  1.02419E-03
 4.83025E+00  1.04133E-03
 5.05836E+00  1.04104E-03
 5.29725E+00  1.04146E-03
 5.54741E+00  1.03967E-03
 5.80939E+00  1.07275E-03
 6.08374E+00  1.08228E-03
 6.37104E+00  1.09229E-03
 6.67191E+00  1.10697E-03
 6.98700E+00  1.11119E-03
 7.31696E+00  1.18008E-03
 7.66250E+00  1.23885E-03
 8.02437E+00  1.28151E-03
 8.40332E+00  1.31255E-03
 8.80017E+00  1.31875E-03
 9.21576E+00  1.32961E-03
 9.65097E+00  1.34358E-03
 1.01067E+01  1.34174E-03
 1.05840E+01  1.36464E-03
 1.10839E+01  1.39392E-03
 1.16073E+01  1.42061E-03
 1.21555E+01  1.44039E-03
 1.27295E+01  1.49579E-03
 1.33307E+01  1.51371E-03
 1.39602E+01  1.52999E-03
 1.46195E+01  1.51995E-03
 1.53099E+01  1.44157E-03
 1.60329E+01  1.40450E-03
 1.67901E+01  1.36060E-03
 1.75830E+01  1.30487E-03
 1.84133E+01  1.25140E-03
 1.92829E+01  1.14610E-03
 2.01935E+01  9.99777E-04
 2.11472E+01  9.79408E-04
 2.21459E+01  9.42918E-04
 2.31917E+01  9.17021E-04
 2.42869E+01  8.68946E-04
 2.54339E+01  8.44918E-04
 2.66350E+01  7.97266E-04
 2.78929E+01  7.36162E-04
 2.92101E+01  6.96114E-04
 3.05896E+01  6.56840E-04
 3.20342E+01  6.16356E-04
 3.35470E+01  5.55310E-04
 3.51312E+01  5.19150E-04
 3.67903E+01  4.22515E-04
 3.85277E+01  3.68083E-04
 4.03472E+01  3.61906E-04
 4.22526E+01  3.58070E-04
 4.42480E+01  3.57129E-04
 4.63376E+01  3.68906E-04
 4.85259E+01  3.54181E-04
 5.08176E+01  3.67770E-04
 5.32175E+01  4.00506E-04
 5.57307E+01  4.75775E-04
 5.83625E+01  5.33187E-04
 6.11187E+01  6.35925E-04
 6.40051E+01  8.45401E-04
 6.70277E+01  1.11651E-03
 7.01931E+01  1.40807E-03
 7.35080E+01  2.01715E-03
 7.69794E+01  2.87441E-03
 8.06148E+01  3.75016E-03
 8.44219E+01  4.95660E-03
 8.84087E+01  6.28557E-03
 9.25838E+01  7.69328E-03
 9.69561E+01  9.39995E-03
 1.01535E+02  1.14324E-02
 1.06330E+02  1.42877E-02
 1.11351E+02  1.73701E-02
 1.16610E+02  2.13356E-02
 1.22117E+02  2.68554E-02
 1.27884E+02  3.41006E-02
 1.33923E+02  4.31309E-02
 1.40248E+02  5.43749E-02
 1.46871E+02  6.89336E-02
 1.53807E+02  8.54385E-02
 1.61071E+02  1.04718E-01
 1.68677E+02  1.26825E-01
 1.76643E+02  1.53268E-01
 1.84985E+02  1.84132E-01
 1.93721E+02  2.20375E-01
 2.02869E+02  2.62779E-01
 2.12450E+02  3.09965E-01
 2.22483E+02  3.63694E-01
 2.32990E+02  4.21923E-01
 2.43993E+02  4.86087E-01
 2.55515E+02  5.54876E-01
 2.67582E+02  6.24352E-01
 2.80219E+02  6.92941E-01
 2.93452E+02  7.64000E-01
 3.07310E+02  8.30882E-01
 3.21823E+02  8.91936E-01
 3.37021E+02  9.46377E-01
 3.52937E+02  9.96917E-01
 3.69605E+02  1.04014E+00
 3.87059E+02  1.06455E+00
 4.05338E+02  1.08721E+00
 4.24480E+02  1.10343E+00
 4.44527E+02  1.11137E+00
 4.65519E+02  1.10726E+00
 4.87504E+02  1.09753E+00
 5.10526E+02  1.08529E+00
 5.34636E+02  1.06150E+00
 5.59884E+02  1.03298E+00
 5.86325E+02  1.00014E+00
 6.14014E+02  9.59709E-01
 6.43011E+02  9.16971E-01
 6.73377E+02  8.69850E-01
 7.05178E+02  8.24111E-01
 7.38480E+02  7.78420E-01
 7.73355E+02  7.24042E-01
 8.09877E+02  6.75974E-01
 8.48123E+02  6.24551E-01
 8.88176E+02  5.72175E-01
 9.30120E+02  5.17837E-01
 9.74045E+02  4.77600E-01
 1.02004E+03  4.36892E-01
 1.06822E+03  3.94419E-01
 1.11866E+03  3.54036E-01
 1.17149E+03  3.21850E-01
 1.22682E+03  2.83385E-01
 1.28475E+03  2.51218E-01
 1.34543E+03  2.22700E-01
 1.40896E+03  1.98556E-01
 1.47550E+03  1.72729E-01
 1.54518E+03  1.50933E-01
 1.61815E+03  1.30764E-01
 1.69457E+03  1.13912E-01
 1.77460E+03  9.87175E-02
 1.85840E+03  8.50251E-02
 1.94617E+03  7.28591E-02
 2.03808E+03  6.35670E-02
 2.13432E+03  5.37792E-02
 2.23512E+03  4.48133E-02
 2.34067E+03  3.69121E-02
 2.45121E+03  3.23251E-02
 2.56697E+03  2.90186E-02
 2.68820E+03  2.27053E-02
 2.81515E+03  2.14108E-02
 2.94809E+03  1.65939E-02
 3.08732E+03  1.51363E-02
 3.23312E+03  1.25615E-02
 3.38580E+03  1.07391E-02
 3.54570E+03  9.58556E-03
 3.71314E+03  7.16863E-03
 3.88850E+03  6.02347E-03
 4.07213E+03  4.60063E-03
 4.26444E+03  4.96711E-03
 4.46583E+03  3.27387E-03
 4.67673E+03  2.74565E-03
 4.89758E+03  2.65041E-03
 5.12887E+03  1.98790E-03
 5.37109E+03  1.51783E-03
 5.62474E+03  1.21569E-03
 5.89037E+03  9.51903E-04
 6.16854E+03  9.96518E-04
 6.45985E+03  6.74045E-04
 6.76492E+03  7.65376E-04
 7.08439E+03  2.86253E-04
 7.41895E+03  5.98802E-05
 7.76932E+03  2.51124E-04
 8.13622E+03  4.60166E-04
