 8.59946E-05  0.00000E+00
 9.00557E-05  0.00000E+00
 9.43086E-05  0.00000E+00
 9.87623E-05  0.00000E+00
 1.03426E-04  0.00000E+00
 1.08311E-04  0.00000E+00
 1.13426E-04  0.00000E+00
 1.18782E-04  0.00000E+00
 1.24392E-04  0.00000E+00
 1.30266E-04  0.00000E+00
 1.36418E-04  0.00000E+00
 1.42860E-04  0.00000E+00
 1.49607E-04  0.00000E+00
 1.56672E-04  0.00000E+00
 1.64071E-04  0.00000E+00
 1.71819E-04  0.00000E+00
 1.79934E-04  0.00000E+00
 1.88431E-04  0.00000E+00
 1.97330E-04  0.00000E+00
 2.06649E-04  0.00000E+00
 2.16408E-04  0.00000E+00
 2.26628E-04  0.00000E+00
 2.37330E-04  0.00000E+00
 2.48538E-04  0.00000E+00
 2.60275E-04  0.00000E+00
 2.72567E-04  0.00000E+00
 2.85439E-04  0.00000E+00
 2.98919E-04  0.00000E+00
 3.13035E-04  0.00000E+00
 3.27818E-04  0.00000E+00
 3.43300E-04  0.00000E+00
 3.59512E-04  0.00000E+00
 3.76490E-04  0.00000E+00
 3.94270E-04  0.00000E+00
 4.12889E-04  0.00000E+00
 4.32388E-04  0.00000E+00
 4.52808E-04  0.00000E+00
 4.74192E-04  0.00000E+00
 4.96585E-04  0.00000E+00
 5.20037E-04  0.00000E+00
 5.44596E-04  0.00000E+00
 5.70314E-04  0.00000E+00
 5.97247E-04  0.00000E+00
 6.25453E-04  0.00000E+00
 6.54990E-04  0.00000E+00
 6.85922E-04  0.00000E+00
 7.18314E-04  0.00000E+00
 7.52237E-04  0.00000E+00
 7.87762E-04  0.00000E+00
 8.24964E-04  0.00000E+00
 8.63923E-04  0.00000E+00
 9.04722E-04  0.00000E+00
 9.47447E-04  0.00000E+00
 9.92191E-04  0.00000E+00
 1.03905E-03  0.00000E+00
 1.08812E-03  0.00000E+00
 1.13950E-03  0.00000E+00
 1.19332E-03  0.00000E+00
 1.24967E-03  0.00000E+00
 1.30869E-03  0.00000E+00
 1.37049E-03  0.00000E+00
 1.43521E-03  0.00000E+00
 1.50299E-03  0.00000E+00
 1.57397E-03  0.00000E+00
 1.64830E-03  0.00000E+00
 1.72614E-03  0.00000E+00
 1.80766E-03  0.00000E+00
 1.89302E-03  0.00000E+00
 1.98242E-03  0.00000E+00
 2.07604E-03  0.00000E+00
 2.17409E-03  0.00000E+00
 2.27676E-03  0.00000E+00
 2.38428E-03  0.00000E+00
 2.49687E-03  0.00000E+00
 2.61479E-03  0.00000E+00
 2.73827E-03  0.00000E+00
 2.86759E-03  0.00000E+00
 3.00301E-03  0.00000E+00
 3.14483E-03  0.00000E+00
 3.29335E-03  0.00000E+00
 3.44887E-03  0.00000E+00
 3.61175E-03  0.00000E+00
 3.78231E-03  0.00000E+00
 3.96093E-03  0.00000E+00
 4.14799E-03  0.00000E+00
 4.34388E-03  0.00000E+00
 4.54902E-03  0.00000E+00
 4.76385E-03  0.00000E+00
 4.98882E-03  0.00000E+00
 5.22442E-03  0.00000E+00
 5.47114E-03  0.00000E+00
 5.72952E-03  0.00000E+00
 6.00010E-03  0.00000E+00
 6.28345E-03  0.00000E+00
 6.58019E-03  0.00000E+00
 6.89094E-03  0.00000E+00
 7.21637E-03  0.00000E+00
 7.55716E-03  0.00000E+00
 7.91405E-03  0.00000E+00
 8.28779E-03  0.00000E+00
 8.67919E-03  0.00000E+00
 9.08906E-03  0.00000E+00
 9.51829E-03  0.00000E+00
 9.96780E-03  0.00000E+00
 1.04385E-02  0.00000E+00
 1.09315E-02  0.00000E+00
 1.14477E-02  0.00000E+00
 1.19884E-02  0.00000E+00
 1.25545E-02  0.00000E+00
 1.31474E-02  0.00000E+00
 1.37683E-02  0.00000E+00
 1.44185E-02  0.00000E+00
 1.50994E-02  0.00000E+00
 1.58125E-02  0.00000E+00
 1.65592E-02  0.00000E+00
 1.73412E-02  0.00000E+00
 1.81602E-02  0.00000E+00
 1.90178E-02  0.00000E+00
 1.99159E-02  0.00000E+00
 2.08565E-02  0.00000E+00
 2.18414E-02  0.00000E+00
 2.28729E-02  0.00000E+00
 2.39530E-02  0.00000E+00
 2.50842E-02  0.00000E+00
 2.62688E-02  0.00000E+00
 2.75094E-02  0.00000E+00
 2.88085E-02  0.00000E+00
 3.01690E-02  0.00000E+00
 3.15938E-02  0.00000E+00
 3.30858E-02  0.00000E+00
 3.46483E-02  0.00000E+00
 3.62845E-02  0.00000E+00
 3.79981E-02  0.00000E+00
 3.97925E-02  0.00000E+00
 4.16717E-02  0.00000E+00
 4.36397E-02  0.00000E+00
 4.57006E-02  0.00000E+00
 4.78588E-02  2.35897E-11
 5.01190E-02  0.00000E+00
 5.24858E-02  0.00000E+00
 5.49645E-02  0.00000E+00
 5.75602E-02  0.00000E+00
 6.02785E-02  0.00000E+00
 6.31251E-02  5.69665E-15
 6.61062E-02  6.26950E-11
 6.92281E-02  9.00260E-11
 7.24974E-02  5.73257E-11
 7.59211E-02  4.24639E-11
 7.95065E-02  6.82373E-11
 8.32612E-02  4.50130E-11
 8.71933E-02  6.54977E-11
 9.13110E-02  7.88803E-11
 9.56232E-02  6.48834E-11
 1.00139E-01  5.47686E-11
 1.04868E-01  4.25191E-11
 1.09820E-01  3.45799E-11
 1.15007E-01  2.93945E-11
 1.20438E-01  1.71445E-11
 1.26126E-01  1.24043E-11
 1.32082E-01  8.64661E-12
 1.38320E-01  5.61223E-12
 1.44852E-01  3.71749E-12
 1.51692E-01  1.87325E-12
 1.58856E-01  9.64278E-13
 1.66358E-01  5.48875E-13
 1.74214E-01  2.77525E-13
 1.82442E-01  1.22420E-13
 1.91058E-01  1.67731E-13
 2.00080E-01  1.65271E-13
 2.09529E-01  2.46510E-13
 2.19424E-01  8.54992E-14
 2.29787E-01  3.89017E-14
 2.40638E-01  9.57926E-15
 2.52002E-01  4.62098E-15
 2.63903E-01  1.90776E-15
 2.76366E-01  6.28419E-16
 2.89418E-01  1.67773E-16
 3.03085E-01  5.11093E-17
 3.17399E-01  1.77927E-17
 3.32388E-01  5.92471E-18
 3.48085E-01  2.31190E-18
 3.64523E-01  7.49349E-19
 3.81738E-01  2.82586E-19
 3.99766E-01  1.19194E-19
 4.18645E-01  6.06146E-20
 4.38415E-01  4.22195E-20
 4.59120E-01  2.18454E-20
 4.80802E-01  2.41904E-20
 5.03508E-01  2.84354E-20
 5.27286E-01  6.25001E-20
 5.52187E-01  1.53206E-19
 5.78264E-01  8.39346E-19
 6.05573E-01  9.69038E-18
 6.34171E-01  2.35165E-16
 6.64120E-01  1.72232E-14
 6.95483E-01  4.89231E-12
 7.28327E-01  5.57453E-09
 7.62723E-01  7.82540E-05
 7.98743E-01  6.06137E-04
 8.36463E-01  7.26978E-04
 8.75965E-01  7.88375E-04
 9.17333E-01  8.82375E-04
 9.60654E-01  8.88255E-04
 9.91011E-01  8.16538E-04
 9.91127E-01  8.16259E-04
 9.91243E-01  8.15980E-04
 9.91358E-01  8.15701E-04
 9.91474E-01  8.15421E-04
 9.91590E-01  8.15141E-04
 9.91706E-01  8.14862E-04
 9.91822E-01  8.14582E-04
 9.91938E-01  8.14302E-04
 9.92053E-01  8.14022E-04
 9.92169E-01  8.13742E-04
 9.92285E-01  8.13462E-04
 9.92401E-01  8.13181E-04
 9.92517E-01  8.12901E-04
 9.92633E-01  8.12620E-04
 9.92750E-01  8.12340E-04
 9.92866E-01  8.12075E-04
 9.92982E-01  8.11778E-04
 9.93098E-01  8.11497E-04
 9.93214E-01  8.11216E-04
 9.93330E-01  8.10935E-04
 9.93447E-01  8.10653E-04
 9.93563E-01  8.10372E-04
 9.93679E-01  8.10090E-04
 9.93795E-01  8.09809E-04
 9.93912E-01  8.09527E-04
 9.94028E-01  8.09245E-04
 9.94145E-01  8.08963E-04
 9.94261E-01  8.08681E-04
 9.94377E-01  8.08399E-04
 9.94494E-01  8.08116E-04
 9.94610E-01  8.07834E-04
 9.94727E-01  8.07552E-04
 9.94844E-01  8.07269E-04
 9.94960E-01  8.06986E-04
 9.95077E-01  8.06703E-04
 9.95193E-01  8.06420E-04
 9.95310E-01  8.06137E-04
 9.95427E-01  8.05854E-04
 9.95543E-01  8.05571E-04
 9.95660E-01  8.05287E-04
 9.95777E-01  8.05004E-04
 9.95894E-01  8.04720E-04
 9.96011E-01  8.04436E-04
 9.96128E-01  8.04152E-04
 9.96244E-01  8.03868E-04
 9.96361E-01  8.03584E-04
 9.96478E-01  8.03300E-04
 9.96595E-01  8.03016E-04
 9.96712E-01  8.02731E-04
 9.96829E-01  8.02447E-04
 9.96946E-01  8.02162E-04
 9.97063E-01  8.01877E-04
 9.97181E-01  8.01593E-04
 9.97298E-01  8.01308E-04
 9.97415E-01  8.01023E-04
 9.97532E-01  8.00737E-04
 9.97649E-01  8.00452E-04
 9.97767E-01  8.00167E-04
 9.97884E-01  7.99881E-04
 9.98001E-01  7.99595E-04
 9.98118E-01  7.99310E-04
 9.98236E-01  7.99024E-04
 9.98353E-01  7.98738E-04
 9.98471E-01  7.98452E-04
 9.98588E-01  7.98165E-04
 9.98706E-01  7.97879E-04
 9.98823E-01  7.97593E-04
 9.98941E-01  7.97306E-04
 9.99058E-01  7.97020E-04
 9.99176E-01  7.96733E-04
 9.99293E-01  7.96446E-04
 9.99411E-01  7.96159E-04
 9.99529E-01  7.95872E-04
 9.99646E-01  7.95585E-04
 9.99764E-01  7.95297E-04
 9.99882E-01  7.95010E-04
 1.00000E+00  7.94722E-04
 1.00012E+00  7.94435E-04
 1.00024E+00  7.94147E-04
 1.00035E+00  7.93859E-04
 1.00047E+00  7.93571E-04
 1.00059E+00  7.93283E-04
 1.00071E+00  7.92995E-04
 1.00082E+00  7.92706E-04
 1.00094E+00  7.92418E-04
 1.00106E+00  7.92129E-04
 1.00118E+00  7.91840E-04
 1.00130E+00  7.91552E-04
 1.00142E+00  7.91263E-04
 1.00153E+00  7.90974E-04
 1.00165E+00  7.90685E-04
 1.00177E+00  7.90395E-04
 1.00189E+00  7.90106E-04
 1.00201E+00  7.89816E-04
 1.00212E+00  7.89527E-04
 1.00224E+00  7.89237E-04
 1.00236E+00  7.88947E-04
 1.00248E+00  7.88657E-04
 1.00260E+00  7.88367E-04
 1.00272E+00  7.88077E-04
 1.00283E+00  7.87787E-04
 1.00295E+00  7.87497E-04
 1.00307E+00  7.87206E-04
 1.00319E+00  7.86915E-04
 1.00331E+00  7.86625E-04
 1.00343E+00  7.86334E-04
 1.00355E+00  7.86043E-04
 1.00366E+00  7.85752E-04
 1.00378E+00  7.85461E-04
 1.00390E+00  7.85169E-04
 1.00402E+00  7.84878E-04
 1.00414E+00  7.84586E-04
 1.00426E+00  7.84295E-04
 1.00438E+00  7.84003E-04
 1.00450E+00  7.83713E-04
 1.00461E+00  7.83419E-04
 1.00473E+00  7.83127E-04
 1.00485E+00  7.82835E-04
 1.00497E+00  7.82542E-04
 1.00509E+00  7.82250E-04
 1.00521E+00  7.81957E-04
 1.00533E+00  7.81665E-04
 1.00545E+00  7.81372E-04
 1.00557E+00  7.81079E-04
 1.00569E+00  7.80786E-04
 1.00580E+00  7.80502E-04
 1.00592E+00  7.80200E-04
 1.00602E+00  7.79969E-04
 1.00604E+00  7.80041E-04
 1.00616E+00  7.80416E-04
 1.00628E+00  7.81319E-04
 1.00640E+00  7.81189E-04
 1.00652E+00  7.81591E-04
 1.00664E+00  7.81962E-04
 1.00676E+00  7.82348E-04
 1.00688E+00  7.82735E-04
 1.00700E+00  7.83122E-04
 1.00712E+00  7.83509E-04
 1.00724E+00  7.83896E-04
 1.00736E+00  7.84284E-04
 1.00748E+00  7.84671E-04
 1.00760E+00  7.85059E-04
 1.00771E+00  7.85446E-04
 1.00783E+00  7.85834E-04
 1.00795E+00  7.86275E-04
 1.00807E+00  7.86610E-04
 1.00819E+00  7.86998E-04
 1.00831E+00  7.87386E-04
 1.00843E+00  7.87775E-04
 1.00855E+00  7.88163E-04
 1.00867E+00  7.88552E-04
 1.00879E+00  7.88941E-04
 1.00891E+00  7.93783E-04
 1.00903E+00  7.89719E-04
 1.00915E+00  7.90131E-04
 1.00927E+00  7.90497E-04
 1.00939E+00  7.90887E-04
 1.00951E+00  7.91276E-04
 1.00963E+00  8.01664E-04
 1.00975E+00  7.92056E-04
 1.00987E+00  7.92446E-04
 1.00999E+00  7.92836E-04
 1.01011E+00  7.93226E-04
 1.01023E+00  7.93617E-04
 1.01035E+00  7.94093E-04
 1.01047E+00  7.95666E-04
 1.01059E+00  7.96274E-04
 1.01071E+00  7.95182E-04
 1.01083E+00  7.95570E-04
 1.01095E+00  7.95961E-04
 1.01108E+00  8.16746E-04
 1.01120E+00  7.96744E-04
 1.01132E+00  7.99114E-04
 1.01144E+00  7.97527E-04
 1.01156E+00  7.97952E-04
 1.01168E+00  8.04244E-04
 1.01180E+00  7.98703E-04
 1.01192E+00  7.99095E-04
 1.01204E+00  8.03222E-04
 1.01216E+00  7.99880E-04
 1.01228E+00  8.00272E-04
 1.01240E+00  8.00680E-04
 1.01252E+00  8.01062E-04
 1.01264E+00  8.01819E-04
 1.01276E+00  8.01844E-04
 1.01288E+00  8.02942E-04
 1.01301E+00  8.02630E-04
 1.01313E+00  8.03055E-04
 1.01325E+00  8.03418E-04
 1.01337E+00  8.03811E-04
 1.01349E+00  8.04204E-04
 1.01361E+00  8.07814E-04
 1.01373E+00  8.04993E-04
 1.01385E+00  8.09435E-04
 1.01397E+00  8.05781E-04
 1.01409E+00  8.06176E-04
 1.01422E+00  8.06570E-04
 1.01434E+00  8.07690E-04
 1.01446E+00  8.07360E-04
 1.01458E+00  8.07755E-04
 1.01470E+00  8.10935E-04
 1.01482E+00  8.08582E-04
 1.01494E+00  8.08940E-04
 1.01506E+00  8.10464E-04
 1.01519E+00  8.09732E-04
 1.01531E+00  8.23931E-04
 1.01543E+00  8.26073E-04
 1.01555E+00  8.10924E-04
 1.01567E+00  8.20381E-04
 1.01579E+00  8.27436E-04
 1.01591E+00  8.15304E-04
 1.01604E+00  8.12518E-04
 1.01616E+00  8.30549E-04
 1.01628E+00  8.13350E-04
 1.01640E+00  8.32247E-04
 1.01652E+00  8.14092E-04
 1.01664E+00  8.34630E-04
 1.01677E+00  8.36013E-04
 1.01689E+00  8.30811E-04
 1.01701E+00  8.15682E-04
 1.01713E+00  8.31856E-04
 1.01725E+00  8.37038E-04
 1.01738E+00  8.55520E-04
 1.01750E+00  8.18800E-04
 1.01762E+00  8.53300E-04
 1.01774E+00  8.45797E-04
 1.01786E+00  8.40532E-04
 1.01799E+00  8.67017E-04
 1.01811E+00  8.41869E-04
 1.01823E+00  8.60039E-04
 1.01835E+00  8.97174E-04
 1.01847E+00  8.44452E-04
 1.01860E+00  9.31899E-04
 1.01872E+00  9.17645E-04
 1.01884E+00  1.05759E-03
 1.01896E+00  1.17247E-03
 1.01909E+00  1.33937E-03
 1.01921E+00  1.51271E-03
 1.01933E+00  1.91985E-03
 1.01945E+00  2.79336E-03
 1.01958E+00  3.50664E-03
 1.01970E+00  4.76683E-03
 1.01982E+00  6.38259E-03
 1.01994E+00  7.66531E-03
 1.02007E+00  8.78027E-03
 1.02019E+00  1.18021E-02
 1.02031E+00  1.35558E-02
 1.02043E+00  1.42209E-02
 1.02056E+00  1.74899E-02
 1.02068E+00  1.89573E-02
 1.02080E+00  1.83541E-02
 1.02092E+00  2.02965E-02
 1.02105E+00  2.07637E-02
 1.02117E+00  2.09549E-02
 1.02129E+00  2.09226E-02
 1.02142E+00  1.93638E-02
 1.02154E+00  2.07082E-02
 1.02166E+00  1.93983E-02
 1.02178E+00  1.92601E-02
 1.02191E+00  1.80210E-02
 1.02203E+00  1.68136E-02
 1.02215E+00  1.69694E-02
 1.02228E+00  1.62739E-02
 1.02240E+00  1.60136E-02
 1.02252E+00  1.63995E-02
 1.02265E+00  1.52087E-02
 1.02277E+00  1.41147E-02
 1.02289E+00  1.39200E-02
 1.02302E+00  1.30697E-02
 1.02314E+00  1.27210E-02
 1.02326E+00  1.19628E-02
 1.02339E+00  1.22071E-02
 1.02351E+00  1.17102E-02
 1.02363E+00  1.14087E-02
 1.02376E+00  1.09217E-02
 1.02388E+00  1.12694E-02
 1.02400E+00  1.06144E-02
 1.02413E+00  1.07755E-02
 1.02425E+00  1.01513E-02
 1.02437E+00  9.38240E-03
 1.02450E+00  9.00874E-03
 1.02462E+00  8.65089E-03
 1.02474E+00  8.46985E-03
 1.02487E+00  7.27680E-03
 1.02499E+00  7.78148E-03
 1.02512E+00  7.24652E-03
 1.02524E+00  6.67340E-03
 1.02536E+00  6.64115E-03
 1.02549E+00  6.18895E-03
 1.02561E+00  6.05845E-03
 1.02573E+00  5.87033E-03
 1.02586E+00  4.99760E-03
 1.02598E+00  5.15247E-03
 1.02611E+00  5.01594E-03
 1.02623E+00  4.74149E-03
 1.02635E+00  4.09427E-03
 1.02648E+00  4.32428E-03
 1.02660E+00  3.85382E-03
 1.02673E+00  3.58168E-03
 1.02685E+00  3.54831E-03
 1.02698E+00  3.43063E-03
 1.02710E+00  3.01617E-03
 1.02722E+00  2.66525E-03
 1.02735E+00  2.40063E-03
 1.02747E+00  2.54523E-03
 1.02760E+00  2.52861E-03
 1.02772E+00  2.22676E-03
 1.02785E+00  2.07309E-03
 1.02797E+00  1.94873E-03
 1.02809E+00  1.82871E-03
 1.02822E+00  1.76851E-03
 1.02834E+00  1.67791E-03
 1.02847E+00  1.53793E-03
 1.02859E+00  1.45328E-03
 1.02872E+00  1.44249E-03
 1.02884E+00  1.41093E-03
 1.02897E+00  1.42153E-03
 1.02909E+00  1.24237E-03
 1.02922E+00  1.26677E-03
 1.02934E+00  1.27605E-03
 1.02947E+00  1.08883E-03
 1.02959E+00  1.07018E-03
 1.02972E+00  1.07819E-03
 1.02984E+00  1.14341E-03
 1.02997E+00  9.70854E-04
 1.03009E+00  1.01711E-03
 1.03022E+00  9.91653E-04
 1.03034E+00  9.48675E-04
 1.03047E+00  9.57319E-04
 1.03059E+00  9.54185E-04
 1.03072E+00  9.46818E-04
 1.03084E+00  9.02742E-04
 1.03097E+00  9.10832E-04
 1.03109E+00  9.22284E-04
 1.03122E+00  9.05318E-04
 1.03134E+00  9.20869E-04
 1.03147E+00  8.77320E-04
 1.03159E+00  9.19009E-04
 1.03172E+00  8.90890E-04
 1.03184E+00  8.97158E-04
 1.03197E+00  8.85667E-04
 1.03209E+00  8.69990E-04
 1.03222E+00  8.76120E-04
 1.03235E+00  8.70758E-04
 1.03247E+00  8.68323E-04
 1.03260E+00  8.71981E-04
 1.03272E+00  8.76483E-04
 1.03285E+00  8.71729E-04
 1.03297E+00  8.68500E-04
 1.03310E+00  8.73943E-04
 1.03322E+00  8.72184E-04
 1.03335E+00  8.70416E-04
 1.03348E+00  8.70823E-04
 1.03360E+00  8.70439E-04
 1.03373E+00  8.73735E-04
 1.03385E+00  8.71022E-04
 1.03398E+00  8.74327E-04
 1.03411E+00  8.73833E-04
 1.03423E+00  8.72893E-04
 1.03436E+00  8.73459E-04
 1.03448E+00  8.73133E-04
 1.03461E+00  8.73549E-04
 1.03474E+00  8.73931E-04
 1.03486E+00  8.81690E-04
 1.03499E+00  8.74774E-04
 1.03511E+00  8.75170E-04
 1.03524E+00  8.75667E-04
 1.03537E+00  8.76005E-04
 1.03549E+00  8.76509E-04
 1.03562E+00  8.76840E-04
 1.03575E+00  8.77299E-04
 1.03587E+00  8.77682E-04
 1.03600E+00  8.78128E-04
 1.03612E+00  8.78522E-04
 1.03625E+00  8.79178E-04
 1.03638E+00  8.79352E-04
 1.03650E+00  8.79934E-04
 1.03663E+00  8.80196E-04
 1.03676E+00  8.81679E-04
 1.03688E+00  8.81027E-04
 1.03701E+00  8.81451E-04
 1.03714E+00  8.81866E-04
 1.03726E+00  8.82286E-04
 1.03739E+00  8.82706E-04
 1.03752E+00  8.83126E-04
 1.03764E+00  8.83546E-04
 1.03777E+00  8.83967E-04
 1.03790E+00  8.84387E-04
 1.03803E+00  8.84808E-04
 1.03815E+00  8.85228E-04
 1.03828E+00  8.85649E-04
 1.03841E+00  8.86070E-04
 1.03853E+00  8.86491E-04
 1.03866E+00  8.86913E-04
 1.03879E+00  8.87334E-04
 1.03891E+00  8.87791E-04
 1.03904E+00  8.88177E-04
 1.03917E+00  8.88599E-04
 1.03930E+00  8.89021E-04
 1.03942E+00  8.89443E-04
 1.03955E+00  8.89866E-04
 1.03968E+00  8.90288E-04
 1.03981E+00  8.90711E-04
 1.03993E+00  8.91193E-04
 1.04006E+00  8.91556E-04
 1.04019E+00  8.91979E-04
 1.04031E+00  8.92402E-04
 1.04044E+00  8.92826E-04
 1.04057E+00  8.93249E-04
 1.04070E+00  8.93673E-04
 1.04083E+00  8.94096E-04
 1.04095E+00  8.94520E-04
 1.04108E+00  8.94944E-04
 1.04121E+00  8.95368E-04
 1.04134E+00  8.95793E-04
 1.04146E+00  8.96217E-04
 1.04159E+00  8.96642E-04
 1.04172E+00  8.97066E-04
 1.04185E+00  8.97491E-04
 1.04197E+00  8.97916E-04
 1.04210E+00  8.98341E-04
 1.04223E+00  8.98767E-04
 1.04236E+00  8.99192E-04
 1.04249E+00  8.99618E-04
 1.04261E+00  9.00043E-04
 1.04274E+00  9.00469E-04
 1.04287E+00  9.00895E-04
 1.04300E+00  9.07410E-04
 1.04313E+00  9.01748E-04
 1.04326E+00  9.02174E-04
 1.04338E+00  9.02601E-04
 1.04351E+00  9.03027E-04
 1.04364E+00  9.03454E-04
 1.04377E+00  9.03881E-04
 1.04390E+00  9.04308E-04
 1.04402E+00  9.04736E-04
 1.04415E+00  9.05163E-04
 1.04428E+00  9.05591E-04
 1.04441E+00  9.06018E-04
 1.04454E+00  9.06446E-04
 1.04467E+00  9.06874E-04
 1.04480E+00  9.07302E-04
 1.04492E+00  9.07731E-04
 1.04505E+00  9.08159E-04
 1.04518E+00  9.08588E-04
 1.04531E+00  9.09017E-04
 1.04544E+00  9.09445E-04
 1.04557E+00  9.09874E-04
 1.04570E+00  9.10304E-04
 1.04583E+00  9.10733E-04
 1.04595E+00  9.11162E-04
 1.04608E+00  9.11592E-04
 1.04621E+00  9.12022E-04
 1.04634E+00  9.12452E-04
 1.04647E+00  9.12882E-04
 1.04660E+00  9.13312E-04
 1.04673E+00  9.13742E-04
 1.04686E+00  9.14173E-04
 1.04699E+00  9.14603E-04
 1.04712E+00  9.15034E-04
 1.04724E+00  9.15465E-04
 1.04737E+00  9.15896E-04
 1.04750E+00  9.16327E-04
 1.04763E+00  9.16759E-04
 1.04776E+00  9.17190E-04
 1.04789E+00  9.17622E-04
 1.04802E+00  9.18053E-04
 1.04815E+00  9.18485E-04
 1.04828E+00  9.18917E-04
 1.04841E+00  9.19350E-04
 1.04854E+00  9.19782E-04
 1.04867E+00  9.20215E-04
 1.04880E+00  9.20647E-04
 1.04893E+00  9.21080E-04
 1.04906E+00  9.21513E-04
 1.04919E+00  9.21946E-04
 1.04932E+00  9.22379E-04
 1.04945E+00  9.22813E-04
 1.04958E+00  9.23246E-04
 1.04970E+00  9.23680E-04
 1.04983E+00  9.24114E-04
 1.04996E+00  9.24548E-04
 1.05009E+00  9.24982E-04
 1.05022E+00  9.25416E-04
 1.05035E+00  9.25851E-04
 1.05048E+00  9.26285E-04
 1.05061E+00  9.26720E-04
 1.05074E+00  9.27155E-04
 1.05087E+00  9.27590E-04
 1.05100E+00  9.28025E-04
 1.05113E+00  9.28460E-04
 1.05126E+00  9.28896E-04
 1.05139E+00  9.29331E-04
 1.05153E+00  9.29767E-04
 1.05166E+00  9.30203E-04
 1.05179E+00  9.30639E-04
 1.05192E+00  9.31075E-04
 1.05205E+00  9.31511E-04
 1.05218E+00  9.31948E-04
 1.05231E+00  9.32431E-04
 1.05353E+00  9.36484E-04
 1.10328E+00  1.02630E-03
 1.15539E+00  1.06435E-03
 1.20995E+00  1.10197E-03
 1.26709E+00  1.09372E-03
 1.32693E+00  1.05615E-03
 1.38959E+00  1.04992E-03
 1.45522E+00  1.00432E-03
 1.52394E+00  9.61192E-04
 1.59591E+00  8.78899E-04
 1.67128E+00  8.18018E-04
 1.75020E+00  7.53812E-04
 1.83286E+00  7.06936E-04
 1.91941E+00  6.69799E-04
 2.01006E+00  6.62038E-04
 2.10498E+00  6.72256E-04
 2.20439E+00  6.93666E-04
 2.30849E+00  6.94167E-04
 2.41751E+00  7.13872E-04
 2.53168E+00  7.14075E-04
 2.65124E+00  7.23544E-04
 2.77644E+00  7.31258E-04
 2.90756E+00  7.40790E-04
 3.04487E+00  7.51200E-04
 3.18867E+00  1.06801E-03
 3.33925E+00  1.25275E-03
 3.49695E+00  1.29953E-03
 3.66209E+00  1.30054E-03
 3.83504E+00  1.34734E-03
 4.01615E+00  1.31975E-03
 4.20581E+00  1.34005E-03
 4.40443E+00  1.33622E-03
 4.61243E+00  1.32536E-03
 4.83025E+00  1.32915E-03
 5.05836E+00  1.32645E-03
 5.29725E+00  1.29299E-03
 5.54741E+00  1.28738E-03
 5.80939E+00  1.30114E-03
 6.08374E+00  1.28815E-03
 6.37104E+00  1.27669E-03
 6.67191E+00  1.27486E-03
 6.98700E+00  1.27070E-03
 7.31696E+00  1.29894E-03
 7.66250E+00  1.33025E-03
 8.02437E+00  1.34197E-03
 8.40332E+00  1.32813E-03
 8.80017E+00  1.32042E-03
 9.21576E+00  1.30848E-03
 9.65097E+00  1.30692E-03
 1.01067E+01  1.28656E-03
 1.05840E+01  1.24684E-03
 1.10839E+01  1.25875E-03
 1.16073E+01  1.25203E-03
 1.21555E+01  1.25735E-03
 1.27295E+01  1.25326E-03
 1.33307E+01  1.27147E-03
 1.39602E+01  1.26773E-03
 1.46195E+01  1.21393E-03
 1.53099E+01  1.16289E-03
 1.60329E+01  1.08454E-03
 1.67901E+01  1.04145E-03
 1.75830E+01  1.00668E-03
 1.84133E+01  9.50867E-04
 1.92829E+01  8.93302E-04
 2.01935E+01  7.78446E-04
 2.11472E+01  7.62248E-04
 2.21459E+01  7.36357E-04
 2.31917E+01  6.98512E-04
 2.42869E+01  6.68117E-04
 2.54339E+01  6.25318E-04
 2.66350E+01  5.93231E-04
 2.78929E+01  5.30790E-04
 2.92101E+01  5.31949E-04
 3.05896E+01  4.80759E-04
 3.20342E+01  4.67258E-04
 3.35470E+01  4.11770E-04
 3.51312E+01  4.06930E-04
 3.67903E+01  3.65655E-04
 3.85277E+01  3.40302E-04
 4.03472E+01  3.82078E-04
 4.22526E+01  4.09432E-04
 4.42480E+01  4.64106E-04
 4.63376E+01  5.61484E-04
 4.85259E+01  7.23810E-04
 5.08176E+01  9.49520E-04
 5.32175E+01  1.23588E-03
 5.57307E+01  1.65188E-03
 5.83625E+01  2.21854E-03
 6.11187E+01  2.95805E-03
 6.40051E+01  3.90090E-03
 6.70277E+01  5.25644E-03
 7.01931E+01  7.19348E-03
 7.35080E+01  9.69395E-03
 7.69794E+01  1.30527E-02
 8.06148E+01  1.67723E-02
 8.44219E+01  2.06273E-02
 8.84087E+01  2.48313E-02
 9.25838E+01  2.94869E-02
 9.69561E+01  3.46487E-02
 1.01535E+02  4.04823E-02
 1.06330E+02  4.71213E-02
 1.11351E+02  5.46545E-02
 1.16610E+02  6.37336E-02
 1.22117E+02  7.52646E-02
 1.27884E+02  8.93043E-02
 1.33923E+02  1.06125E-01
 1.40248E+02  1.25966E-01
 1.46871E+02  1.48358E-01
 1.53807E+02  1.72516E-01
 1.61071E+02  1.98245E-01
 1.68677E+02  2.25507E-01
 1.76643E+02  2.56188E-01
 1.84985E+02  2.93049E-01
 1.93721E+02  3.30601E-01
 2.02869E+02  3.74572E-01
 2.12450E+02  4.21751E-01
 2.22483E+02  4.69308E-01
 2.32990E+02  5.26408E-01
 2.43993E+02  5.80297E-01
 2.55515E+02  6.40208E-01
 2.67582E+02  7.01876E-01
 2.80219E+02  7.61201E-01
 2.93452E+02  8.22828E-01
 3.07310E+02  8.79817E-01
 3.21823E+02  9.36570E-01
 3.37021E+02  9.85740E-01
 3.52937E+02  1.02894E+00
 3.69605E+02  1.07074E+00
 3.87059E+02  1.11072E+00
 4.05338E+02  1.14237E+00
 4.24480E+02  1.16460E+00
 4.44527E+02  1.18297E+00
 4.65519E+02  1.19507E+00
 4.87504E+02  1.19859E+00
 5.10526E+02  1.19666E+00
 5.34636E+02  1.19217E+00
 5.59884E+02  1.17005E+00
 5.86325E+02  1.14726E+00
 6.14014E+02  1.12372E+00
 6.43011E+02  1.08389E+00
 6.73377E+02  1.04745E+00
 7.05178E+02  1.00413E+00
 7.38480E+02  9.59012E-01
 7.73355E+02  9.01528E-01
 8.09877E+02  8.46199E-01
 8.48123E+02  7.95679E-01
 8.88176E+02  7.45580E-01
 9.30120E+02  6.86133E-01
 9.74045E+02  6.30336E-01
 1.02004E+03  5.81225E-01
 1.06822E+03  5.25921E-01
 1.11866E+03  4.78735E-01
 1.17149E+03  4.35394E-01
 1.22682E+03  3.87523E-01
 1.28475E+03  3.47025E-01
 1.34543E+03  3.10661E-01
 1.40896E+03  2.72912E-01
 1.47550E+03  2.40861E-01
 1.54518E+03  2.09872E-01
 1.61815E+03  1.84769E-01
 1.69457E+03  1.62832E-01
 1.77460E+03  1.40517E-01
 1.85840E+03  1.23524E-01
 1.94617E+03  1.04378E-01
 2.03808E+03  8.93697E-02
 2.13432E+03  7.75160E-02
 2.23512E+03  6.54429E-02
 2.34067E+03  5.64702E-02
 2.45121E+03  4.88058E-02
 2.56697E+03  3.95121E-02
 2.68820E+03  3.44561E-02
 2.81515E+03  3.16001E-02
 2.94809E+03  2.35978E-02
 3.08732E+03  2.11987E-02
 3.23312E+03  1.71676E-02
 3.38580E+03  1.48222E-02
 3.54570E+03  1.26456E-02
 3.71314E+03  1.06445E-02
 3.88850E+03  8.88903E-03
 4.07213E+03  7.94898E-03
 4.26444E+03  6.13133E-03
 4.46583E+03  5.05698E-03
 4.67673E+03  4.23056E-03
 4.89758E+03  3.94779E-03
 5.12887E+03  2.80765E-03
 5.37109E+03  2.33140E-03
 5.62474E+03  1.66396E-03
 5.89037E+03  1.84378E-03
 6.16854E+03  1.72137E-03
 6.45985E+03  1.39353E-03
 6.76492E+03  7.69138E-04
 7.08439E+03  5.85779E-04
 7.41895E+03  9.88764E-04
 7.76932E+03  7.22769E-04
 8.13622E+03  6.72796E-04
