 8.59946E-05  0.00000E+00
 9.00557E-05  0.00000E+00
 9.43086E-05  0.00000E+00
 9.87623E-05  0.00000E+00
 1.03426E-04  0.00000E+00
 1.08311E-04  0.00000E+00
 1.13426E-04  0.00000E+00
 1.18782E-04  0.00000E+00
 1.24392E-04  0.00000E+00
 1.30266E-04  0.00000E+00
 1.36418E-04  0.00000E+00
 1.42860E-04  0.00000E+00
 1.49607E-04  0.00000E+00
 1.56672E-04  0.00000E+00
 1.64071E-04  0.00000E+00
 1.71819E-04  0.00000E+00
 1.79934E-04  0.00000E+00
 1.88431E-04  0.00000E+00
 1.97330E-04  0.00000E+00
 2.06649E-04  0.00000E+00
 2.16408E-04  0.00000E+00
 2.26628E-04  0.00000E+00
 2.37330E-04  0.00000E+00
 2.48538E-04  0.00000E+00
 2.60275E-04  0.00000E+00
 2.72567E-04  0.00000E+00
 2.85439E-04  0.00000E+00
 2.98919E-04  0.00000E+00
 3.13035E-04  0.00000E+00
 3.27818E-04  0.00000E+00
 3.43300E-04  0.00000E+00
 3.59512E-04  0.00000E+00
 3.76490E-04  0.00000E+00
 3.94270E-04  0.00000E+00
 4.12889E-04  0.00000E+00
 4.32388E-04  0.00000E+00
 4.52808E-04  0.00000E+00
 4.74192E-04  0.00000E+00
 4.96585E-04  0.00000E+00
 5.20037E-04  0.00000E+00
 5.44596E-04  0.00000E+00
 5.70314E-04  0.00000E+00
 5.97247E-04  0.00000E+00
 6.25453E-04  0.00000E+00
 6.54990E-04  0.00000E+00
 6.85922E-04  0.00000E+00
 7.18314E-04  0.00000E+00
 7.52237E-04  0.00000E+00
 7.87762E-04  0.00000E+00
 8.24964E-04  0.00000E+00
 8.63923E-04  0.00000E+00
 9.04722E-04  0.00000E+00
 9.47447E-04  0.00000E+00
 9.92191E-04  0.00000E+00
 1.03905E-03  0.00000E+00
 1.08812E-03  0.00000E+00
 1.13950E-03  0.00000E+00
 1.19332E-03  0.00000E+00
 1.24967E-03  0.00000E+00
 1.30869E-03  0.00000E+00
 1.37049E-03  0.00000E+00
 1.43521E-03  0.00000E+00
 1.50299E-03  0.00000E+00
 1.57397E-03  0.00000E+00
 1.64830E-03  0.00000E+00
 1.72614E-03  0.00000E+00
 1.80766E-03  0.00000E+00
 1.89302E-03  0.00000E+00
 1.98242E-03  0.00000E+00
 2.07604E-03  0.00000E+00
 2.17409E-03  0.00000E+00
 2.27676E-03  0.00000E+00
 2.38428E-03  0.00000E+00
 2.49687E-03  0.00000E+00
 2.61479E-03  0.00000E+00
 2.73827E-03  0.00000E+00
 2.86759E-03  0.00000E+00
 3.00301E-03  0.00000E+00
 3.14483E-03  0.00000E+00
 3.29335E-03  0.00000E+00
 3.44887E-03  0.00000E+00
 3.61175E-03  0.00000E+00
 3.78231E-03  0.00000E+00
 3.96093E-03  0.00000E+00
 4.14799E-03  0.00000E+00
 4.34388E-03  0.00000E+00
 4.54902E-03  0.00000E+00
 4.76385E-03  0.00000E+00
 4.98882E-03  0.00000E+00
 5.22442E-03  0.00000E+00
 5.47114E-03  0.00000E+00
 5.72952E-03  0.00000E+00
 6.00010E-03  0.00000E+00
 6.28345E-03  0.00000E+00
 6.58019E-03  0.00000E+00
 6.89094E-03  0.00000E+00
 7.21637E-03  0.00000E+00
 7.55716E-03  0.00000E+00
 7.91405E-03  0.00000E+00
 8.28779E-03  0.00000E+00
 8.67919E-03  0.00000E+00
 9.08906E-03  0.00000E+00
 9.51829E-03  0.00000E+00
 9.96780E-03  0.00000E+00
 1.04385E-02  0.00000E+00
 1.09315E-02  0.00000E+00
 1.14477E-02  0.00000E+00
 1.19884E-02  0.00000E+00
 1.25545E-02  0.00000E+00
 1.31474E-02  0.00000E+00
 1.37683E-02  0.00000E+00
 1.44185E-02  0.00000E+00
 1.50994E-02  0.00000E+00
 1.58125E-02  0.00000E+00
 1.65592E-02  0.00000E+00
 1.73412E-02  0.00000E+00
 1.81602E-02  0.00000E+00
 1.90178E-02  0.00000E+00
 1.99159E-02  0.00000E+00
 2.08565E-02  0.00000E+00
 2.18414E-02  0.00000E+00
 2.28729E-02  0.00000E+00
 2.39530E-02  0.00000E+00
 2.50842E-02  0.00000E+00
 2.62688E-02  0.00000E+00
 2.75094E-02  0.00000E+00
 2.88085E-02  0.00000E+00
 3.01690E-02  0.00000E+00
 3.15938E-02  0.00000E+00
 3.30858E-02  0.00000E+00
 3.46483E-02  0.00000E+00
 3.62845E-02  0.00000E+00
 3.79981E-02  0.00000E+00
 3.97925E-02  0.00000E+00
 4.16717E-02  0.00000E+00
 4.36397E-02  0.00000E+00
 4.57006E-02  0.00000E+00
 4.78588E-02  0.00000E+00
 5.01190E-02  0.00000E+00
 5.24858E-02  0.00000E+00
 5.49645E-02  1.40516E-11
 5.75602E-02  2.10259E-12
 6.02785E-02  1.31452E-11
 6.31251E-02  1.34381E-11
 6.61062E-02  1.86889E-11
 6.92281E-02  1.57887E-11
 7.24974E-02  2.38052E-11
 7.59211E-02  3.14497E-11
 7.95065E-02  2.92442E-11
 8.32612E-02  3.16848E-11
 8.71933E-02  4.40379E-11
 9.13110E-02  3.07743E-11
 9.56232E-02  3.58298E-11
 1.00139E-01  3.05473E-11
 1.04868E-01  2.14170E-11
 1.09820E-01  1.90856E-11
 1.15007E-01  1.46505E-11
 1.20438E-01  1.09832E-11
 1.26126E-01  8.30096E-12
 1.32082E-01  5.41484E-12
 1.38320E-01  3.56473E-12
 1.44852E-01  1.98119E-12
 1.51692E-01  1.23995E-12
 1.58856E-01  6.26723E-13
 1.66358E-01  3.18151E-13
 1.74214E-01  1.72180E-13
 1.82442E-01  6.92003E-14
 1.91058E-01  7.12811E-14
 2.00080E-01  5.66055E-14
 2.09529E-01  6.57674E-14
 2.19424E-01  2.42188E-14
 2.29787E-01  1.09574E-14
 2.40638E-01  2.71636E-15
 2.52002E-01  1.25515E-15
 2.63903E-01  5.18123E-16
 2.76366E-01  1.69162E-16
 2.89418E-01  4.43172E-17
 3.03085E-01  1.36538E-17
 3.17399E-01  4.69864E-18
 3.32388E-01  1.59088E-18
 3.48085E-01  6.39578E-19
 3.64523E-01  2.02039E-19
 3.81738E-01  7.43001E-20
 3.99766E-01  3.14276E-20
 4.18645E-01  1.58700E-20
 4.38415E-01  1.06663E-20
 4.59120E-01  5.66005E-21
 4.80802E-01  6.13197E-21
 5.03508E-01  7.23066E-21
 5.27286E-01  1.59515E-20
 5.52187E-01  3.90347E-20
 5.78264E-01  2.12784E-19
 6.05573E-01  2.51125E-18
 6.34171E-01  6.14368E-17
 6.64120E-01  4.35744E-15
 6.95483E-01  1.25093E-12
 7.28327E-01  1.46088E-09
 7.62723E-01  1.81760E-05
 7.98743E-01  1.32165E-04
 8.36463E-01  1.55931E-04
 8.75965E-01  1.68864E-04
 9.17333E-01  1.88182E-04
 9.60654E-01  1.88734E-04
 9.91011E-01  1.74395E-04
 9.91127E-01  1.74339E-04
 9.91243E-01  1.74283E-04
 9.91358E-01  1.74227E-04
 9.91474E-01  1.74172E-04
 9.91590E-01  1.74116E-04
 9.91706E-01  1.74060E-04
 9.91822E-01  1.74004E-04
 9.91938E-01  1.73948E-04
 9.92053E-01  1.73892E-04
 9.92169E-01  1.73836E-04
 9.92285E-01  1.73780E-04
 9.92401E-01  1.73724E-04
 9.92517E-01  1.73667E-04
 9.92633E-01  1.73611E-04
 9.92750E-01  1.73555E-04
 9.92866E-01  1.73499E-04
 9.92982E-01  1.73443E-04
 9.93098E-01  1.73387E-04
 9.93214E-01  1.73330E-04
 9.93330E-01  1.73274E-04
 9.93447E-01  1.73218E-04
 9.93563E-01  1.73162E-04
 9.93679E-01  1.73105E-04
 9.93795E-01  1.73049E-04
 9.93912E-01  1.72993E-04
 9.94028E-01  1.72936E-04
 9.94145E-01  1.72880E-04
 9.94261E-01  1.72823E-04
 9.94377E-01  1.72767E-04
 9.94494E-01  1.72710E-04
 9.94610E-01  1.72654E-04
 9.94727E-01  1.72597E-04
 9.94844E-01  1.72541E-04
 9.94960E-01  1.72484E-04
 9.95077E-01  1.72428E-04
 9.95193E-01  1.72371E-04
 9.95310E-01  1.72315E-04
 9.95427E-01  1.72258E-04
 9.95543E-01  1.72201E-04
 9.95660E-01  1.72145E-04
 9.95777E-01  1.72088E-04
 9.95894E-01  1.72031E-04
 9.96011E-01  1.71974E-04
 9.96128E-01  1.71918E-04
 9.96244E-01  1.71861E-04
 9.96361E-01  1.71804E-04
 9.96478E-01  1.71747E-04
 9.96595E-01  1.71690E-04
 9.96712E-01  1.71633E-04
 9.96829E-01  1.71576E-04
 9.96946E-01  1.71519E-04
 9.97063E-01  1.71462E-04
 9.97181E-01  1.71405E-04
 9.97298E-01  1.71348E-04
 9.97415E-01  1.71291E-04
 9.97532E-01  1.71234E-04
 9.97649E-01  1.71177E-04
 9.97767E-01  1.71120E-04
 9.97884E-01  1.71063E-04
 9.98001E-01  1.71006E-04
 9.98118E-01  1.70949E-04
 9.98236E-01  1.70892E-04
 9.98353E-01  1.70834E-04
 9.98471E-01  1.70777E-04
 9.98588E-01  1.70720E-04
 9.98706E-01  1.70663E-04
 9.98823E-01  1.70605E-04
 9.98941E-01  1.70548E-04
 9.99058E-01  1.70491E-04
 9.99176E-01  1.70433E-04
 9.99293E-01  1.70376E-04
 9.99411E-01  1.70318E-04
 9.99529E-01  1.70261E-04
 9.99646E-01  1.70204E-04
 9.99764E-01  1.70146E-04
 9.99882E-01  1.70089E-04
 1.00000E+00  1.70031E-04
 1.00012E+00  1.69974E-04
 1.00024E+00  1.69916E-04
 1.00035E+00  1.69858E-04
 1.00047E+00  1.69801E-04
 1.00059E+00  1.69743E-04
 1.00071E+00  1.69685E-04
 1.00082E+00  1.69628E-04
 1.00094E+00  1.69570E-04
 1.00106E+00  1.69513E-04
 1.00118E+00  1.69455E-04
 1.00130E+00  1.69397E-04
 1.00142E+00  1.69339E-04
 1.00153E+00  1.69282E-04
 1.00165E+00  1.69223E-04
 1.00177E+00  1.69165E-04
 1.00189E+00  1.69108E-04
 1.00201E+00  1.69050E-04
 1.00212E+00  1.68992E-04
 1.00224E+00  1.68934E-04
 1.00236E+00  1.68876E-04
 1.00248E+00  1.68818E-04
 1.00260E+00  1.68817E-04
 1.00272E+00  1.75021E-04
 1.00283E+00  1.68644E-04
 1.00295E+00  1.68586E-04
 1.00307E+00  1.68528E-04
 1.00319E+00  1.68469E-04
 1.00331E+00  1.68419E-04
 1.00343E+00  1.68353E-04
 1.00355E+00  1.68295E-04
 1.00366E+00  1.68236E-04
 1.00378E+00  1.68206E-04
 1.00390E+00  1.68120E-04
 1.00402E+00  1.68063E-04
 1.00414E+00  1.68005E-04
 1.00426E+00  1.67945E-04
 1.00438E+00  1.67905E-04
 1.00450E+00  1.67844E-04
 1.00461E+00  1.67770E-04
 1.00473E+00  1.67711E-04
 1.00485E+00  1.67653E-04
 1.00497E+00  1.67594E-04
 1.00509E+00  1.68171E-04
 1.00521E+00  1.67478E-04
 1.00533E+00  1.67419E-04
 1.00545E+00  1.67360E-04
 1.00557E+00  1.67580E-04
 1.00569E+00  1.67248E-04
 1.00580E+00  1.67244E-04
 1.00592E+00  1.67132E-04
 1.00602E+00  1.67102E-04
 1.00604E+00  1.67121E-04
 1.00616E+00  1.67174E-04
 1.00628E+00  1.67251E-04
 1.00640E+00  1.67340E-04
 1.00652E+00  1.67406E-04
 1.00664E+00  1.67491E-04
 1.00676E+00  1.67563E-04
 1.00688E+00  1.67647E-04
 1.00700E+00  1.67720E-04
 1.00712E+00  1.67810E-04
 1.00724E+00  1.67877E-04
 1.00736E+00  1.67962E-04
 1.00748E+00  1.68034E-04
 1.00760E+00  1.68328E-04
 1.00771E+00  1.68192E-04
 1.00783E+00  1.68338E-04
 1.00795E+00  1.68403E-04
 1.00807E+00  1.68428E-04
 1.00819E+00  1.68507E-04
 1.00831E+00  1.70475E-04
 1.00843E+00  1.68666E-04
 1.00855E+00  1.68829E-04
 1.00867E+00  1.68843E-04
 1.00879E+00  1.68945E-04
 1.00891E+00  1.69071E-04
 1.00903E+00  1.69060E-04
 1.00915E+00  1.69138E-04
 1.00927E+00  1.69318E-04
 1.00939E+00  1.69393E-04
 1.00951E+00  1.69665E-04
 1.00963E+00  1.69456E-04
 1.00975E+00  1.69632E-04
 1.00987E+00  1.69645E-04
 1.00999E+00  1.69791E-04
 1.01011E+00  1.69852E-04
 1.01023E+00  1.69852E-04
 1.01035E+00  1.69955E-04
 1.01047E+00  1.70012E-04
 1.01059E+00  1.70089E-04
 1.01071E+00  1.70768E-04
 1.01083E+00  1.70253E-04
 1.01095E+00  1.70337E-04
 1.01108E+00  1.70428E-04
 1.01120E+00  1.70492E-04
 1.01132E+00  1.70589E-04
 1.01144E+00  1.71122E-04
 1.01156E+00  1.71366E-04
 1.01168E+00  1.70901E-04
 1.01180E+00  1.70921E-04
 1.01192E+00  1.70974E-04
 1.01204E+00  1.71061E-04
 1.01216E+00  1.71380E-04
 1.01228E+00  1.71276E-04
 1.01240E+00  1.71531E-04
 1.01252E+00  1.71724E-04
 1.01264E+00  1.71494E-04
 1.01276E+00  1.71695E-04
 1.01288E+00  1.71917E-04
 1.01301E+00  1.71809E-04
 1.01313E+00  1.71773E-04
 1.01325E+00  1.72715E-04
 1.01337E+00  1.71944E-04
 1.01349E+00  1.72560E-04
 1.01361E+00  1.72276E-04
 1.01373E+00  1.72192E-04
 1.01385E+00  1.72268E-04
 1.01397E+00  1.72480E-04
 1.01409E+00  1.72546E-04
 1.01422E+00  1.72628E-04
 1.01434E+00  1.75980E-04
 1.01446E+00  1.72958E-04
 1.01458E+00  1.74915E-04
 1.01470E+00  1.72816E-04
 1.01482E+00  1.72999E-04
 1.01494E+00  1.73724E-04
 1.01506E+00  1.73419E-04
 1.01519E+00  1.73974E-04
 1.01531E+00  1.74139E-04
 1.01543E+00  1.73356E-04
 1.01555E+00  1.75537E-04
 1.01567E+00  1.73660E-04
 1.01579E+00  1.73676E-04
 1.01591E+00  1.73738E-04
 1.01604E+00  1.75192E-04
 1.01616E+00  1.76953E-04
 1.01628E+00  1.74714E-04
 1.01640E+00  1.73977E-04
 1.01652E+00  1.74880E-04
 1.01664E+00  1.74508E-04
 1.01677E+00  1.74540E-04
 1.01689E+00  1.80639E-04
 1.01701E+00  1.75297E-04
 1.01713E+00  1.80039E-04
 1.01725E+00  1.75210E-04
 1.01738E+00  1.77496E-04
 1.01750E+00  1.78794E-04
 1.01762E+00  1.79344E-04
 1.01774E+00  1.81953E-04
 1.01786E+00  1.78977E-04
 1.01799E+00  1.91735E-04
 1.01811E+00  1.79112E-04
 1.01823E+00  1.88974E-04
 1.01835E+00  1.78697E-04
 1.01847E+00  1.87984E-04
 1.01860E+00  1.92282E-04
 1.01872E+00  2.16663E-04
 1.01884E+00  1.98636E-04
 1.01896E+00  2.02642E-04
 1.01909E+00  2.09017E-04
 1.01921E+00  2.70273E-04
 1.01933E+00  2.56531E-04
 1.01945E+00  3.41141E-04
 1.01958E+00  4.14122E-04
 1.01970E+00  5.41118E-04
 1.01982E+00  8.47452E-04
 1.01994E+00  9.32328E-04
 1.02007E+00  1.51461E-03
 1.02019E+00  1.89776E-03
 1.02031E+00  2.50161E-03
 1.02043E+00  2.90286E-03
 1.02056E+00  3.42002E-03
 1.02068E+00  3.66487E-03
 1.02080E+00  4.03225E-03
 1.02092E+00  3.98511E-03
 1.02105E+00  4.29168E-03
 1.02117E+00  4.05203E-03
 1.02129E+00  3.90481E-03
 1.02142E+00  3.85344E-03
 1.02154E+00  3.70876E-03
 1.02166E+00  3.62377E-03
 1.02178E+00  3.60996E-03
 1.02191E+00  3.20919E-03
 1.02203E+00  3.16397E-03
 1.02215E+00  2.97809E-03
 1.02228E+00  3.00075E-03
 1.02240E+00  2.82866E-03
 1.02252E+00  2.95578E-03
 1.02265E+00  2.63242E-03
 1.02277E+00  2.62581E-03
 1.02289E+00  2.43934E-03
 1.02302E+00  2.27306E-03
 1.02314E+00  2.21766E-03
 1.02326E+00  2.11937E-03
 1.02339E+00  2.23148E-03
 1.02351E+00  2.26235E-03
 1.02363E+00  1.96594E-03
 1.02376E+00  1.86420E-03
 1.02388E+00  1.80146E-03
 1.02400E+00  1.87763E-03
 1.02413E+00  1.63608E-03
 1.02425E+00  1.66428E-03
 1.02437E+00  1.57500E-03
 1.02450E+00  1.47521E-03
 1.02462E+00  1.49482E-03
 1.02474E+00  1.34838E-03
 1.02487E+00  1.37809E-03
 1.02499E+00  1.18183E-03
 1.02512E+00  1.15147E-03
 1.02524E+00  1.18743E-03
 1.02536E+00  1.12769E-03
 1.02549E+00  1.01122E-03
 1.02561E+00  1.08725E-03
 1.02573E+00  9.43757E-04
 1.02586E+00  8.70821E-04
 1.02598E+00  9.21179E-04
 1.02611E+00  7.13158E-04
 1.02623E+00  7.49879E-04
 1.02635E+00  7.33676E-04
 1.02648E+00  6.74370E-04
 1.02660E+00  6.39168E-04
 1.02673E+00  5.95581E-04
 1.02685E+00  5.70707E-04
 1.02698E+00  5.37325E-04
 1.02710E+00  4.90430E-04
 1.02722E+00  4.43826E-04
 1.02735E+00  4.21700E-04
 1.02747E+00  3.96757E-04
 1.02760E+00  3.60224E-04
 1.02772E+00  3.84071E-04
 1.02785E+00  3.38891E-04
 1.02797E+00  3.44824E-04
 1.02809E+00  2.89384E-04
 1.02822E+00  2.94429E-04
 1.02834E+00  3.20220E-04
 1.02847E+00  2.89599E-04
 1.02859E+00  2.66316E-04
 1.02872E+00  2.64694E-04
 1.02884E+00  2.44886E-04
 1.02897E+00  2.44923E-04
 1.02909E+00  2.55457E-04
 1.02922E+00  2.28453E-04
 1.02934E+00  2.31592E-04
 1.02947E+00  2.11754E-04
 1.02959E+00  2.29183E-04
 1.02972E+00  2.16512E-04
 1.02984E+00  2.15426E-04
 1.02997E+00  2.03852E-04
 1.03009E+00  2.08346E-04
 1.03022E+00  1.95871E-04
 1.03034E+00  1.93271E-04
 1.03047E+00  1.93632E-04
 1.03059E+00  2.06324E-04
 1.03072E+00  1.92411E-04
 1.03084E+00  1.94144E-04
 1.03097E+00  1.88432E-04
 1.03109E+00  1.93141E-04
 1.03122E+00  1.89258E-04
 1.03134E+00  1.87350E-04
 1.03147E+00  1.85206E-04
 1.03159E+00  1.88004E-04
 1.03172E+00  1.85791E-04
 1.03184E+00  1.86240E-04
 1.03197E+00  1.87218E-04
 1.03209E+00  1.86625E-04
 1.03222E+00  1.90325E-04
 1.03235E+00  1.86075E-04
 1.03247E+00  1.85402E-04
 1.03260E+00  1.89574E-04
 1.03272E+00  1.84924E-04
 1.03285E+00  1.85931E-04
 1.03297E+00  1.86699E-04
 1.03310E+00  1.85333E-04
 1.03322E+00  1.86533E-04
 1.03335E+00  1.85430E-04
 1.03348E+00  1.85396E-04
 1.03360E+00  1.85398E-04
 1.03373E+00  1.85569E-04
 1.03385E+00  1.85699E-04
 1.03398E+00  1.85663E-04
 1.03411E+00  1.85801E-04
 1.03423E+00  1.85987E-04
 1.03436E+00  1.85933E-04
 1.03448E+00  1.85984E-04
 1.03461E+00  1.86067E-04
 1.03474E+00  1.86300E-04
 1.03486E+00  1.86271E-04
 1.03499E+00  1.86337E-04
 1.03511E+00  1.86974E-04
 1.03524E+00  1.86498E-04
 1.03537E+00  1.87096E-04
 1.03549E+00  1.86662E-04
 1.03562E+00  1.86934E-04
 1.03575E+00  1.86831E-04
 1.03587E+00  1.86967E-04
 1.03600E+00  1.87000E-04
 1.03612E+00  1.87095E-04
 1.03625E+00  1.87247E-04
 1.03638E+00  1.90189E-04
 1.03650E+00  1.87380E-04
 1.03663E+00  1.87432E-04
 1.03676E+00  1.87517E-04
 1.03688E+00  1.87594E-04
 1.03701E+00  1.87679E-04
 1.03714E+00  1.87769E-04
 1.03726E+00  1.87850E-04
 1.03739E+00  1.87948E-04
 1.03752E+00  1.88020E-04
 1.03764E+00  1.88105E-04
 1.03777E+00  1.88205E-04
 1.03790E+00  1.88277E-04
 1.03803E+00  1.89972E-04
 1.03815E+00  1.88447E-04
 1.03828E+00  1.88532E-04
 1.03841E+00  1.88633E-04
 1.03853E+00  1.88704E-04
 1.03866E+00  1.88789E-04
 1.03879E+00  1.88895E-04
 1.03891E+00  1.88960E-04
 1.03904E+00  1.89048E-04
 1.03917E+00  1.89131E-04
 1.03930E+00  1.89217E-04
 1.03942E+00  1.89307E-04
 1.03955E+00  1.89388E-04
 1.03968E+00  1.89474E-04
 1.03981E+00  1.89569E-04
 1.03993E+00  1.89645E-04
 1.04006E+00  1.89731E-04
 1.04019E+00  1.89817E-04
 1.04031E+00  1.89903E-04
 1.04044E+00  1.89993E-04
 1.04057E+00  1.90075E-04
 1.04070E+00  1.90161E-04
 1.04083E+00  1.90247E-04
 1.04095E+00  1.90333E-04
 1.04108E+00  1.90419E-04
 1.04121E+00  1.90505E-04
 1.04134E+00  1.90598E-04
 1.04146E+00  1.90677E-04
 1.04159E+00  1.90763E-04
 1.04172E+00  1.90852E-04
 1.04185E+00  1.90936E-04
 1.04197E+00  1.91022E-04
 1.04210E+00  1.91108E-04
 1.04223E+00  1.91194E-04
 1.04236E+00  1.91281E-04
 1.04249E+00  1.91367E-04
 1.04261E+00  1.91453E-04
 1.04274E+00  1.91540E-04
 1.04287E+00  1.91626E-04
 1.04300E+00  1.91713E-04
 1.04313E+00  1.91799E-04
 1.04326E+00  1.91886E-04
 1.04338E+00  1.91972E-04
 1.04351E+00  1.92059E-04
 1.04364E+00  1.92146E-04
 1.04377E+00  1.92232E-04
 1.04390E+00  1.92319E-04
 1.04402E+00  1.92406E-04
 1.04415E+00  1.92492E-04
 1.04428E+00  1.92579E-04
 1.04441E+00  1.92666E-04
 1.04454E+00  1.92753E-04
 1.04467E+00  1.92840E-04
 1.04480E+00  1.92927E-04
 1.04492E+00  1.93014E-04
 1.04505E+00  1.93100E-04
 1.04518E+00  1.93187E-04
 1.04531E+00  1.93274E-04
 1.04544E+00  1.93362E-04
 1.04557E+00  1.93449E-04
 1.04570E+00  1.93536E-04
 1.04583E+00  1.93623E-04
 1.04595E+00  1.93710E-04
 1.04608E+00  1.93797E-04
 1.04621E+00  1.93884E-04
 1.04634E+00  1.93972E-04
 1.04647E+00  1.94059E-04
 1.04660E+00  1.94146E-04
 1.04673E+00  1.94233E-04
 1.04686E+00  1.94321E-04
 1.04699E+00  1.94408E-04
 1.04712E+00  1.94496E-04
 1.04724E+00  1.94583E-04
 1.04737E+00  1.94671E-04
 1.04750E+00  1.94758E-04
 1.04763E+00  1.94846E-04
 1.04776E+00  1.94933E-04
 1.04789E+00  1.95021E-04
 1.04802E+00  1.95108E-04
 1.04815E+00  1.95196E-04
 1.04828E+00  1.95284E-04
 1.04841E+00  1.95371E-04
 1.04854E+00  1.95459E-04
 1.04867E+00  1.95547E-04
 1.04880E+00  1.95635E-04
 1.04893E+00  1.95723E-04
 1.04906E+00  1.95810E-04
 1.04919E+00  1.95898E-04
 1.04932E+00  1.95986E-04
 1.04945E+00  1.96074E-04
 1.04958E+00  1.96162E-04
 1.04970E+00  1.96250E-04
 1.04983E+00  1.96338E-04
 1.04996E+00  1.96426E-04
 1.05009E+00  1.96514E-04
 1.05022E+00  1.96602E-04
 1.05035E+00  1.96691E-04
 1.05048E+00  1.96779E-04
 1.05061E+00  1.96867E-04
 1.05074E+00  1.96955E-04
 1.05087E+00  1.97044E-04
 1.05100E+00  1.97132E-04
 1.05113E+00  1.97220E-04
 1.05126E+00  1.97309E-04
 1.05139E+00  1.97397E-04
 1.05153E+00  1.97485E-04
 1.05166E+00  1.97574E-04
 1.05179E+00  1.97662E-04
 1.05192E+00  1.97751E-04
 1.05205E+00  1.97839E-04
 1.05218E+00  1.97928E-04
 1.05231E+00  1.98017E-04
 1.05353E+00  1.98848E-04
 1.10328E+00  2.16454E-04
 1.15539E+00  2.24385E-04
 1.20995E+00  2.32002E-04
 1.26709E+00  2.31130E-04
 1.32693E+00  2.23027E-04
 1.38959E+00  2.23136E-04
 1.45522E+00  2.13706E-04
 1.52394E+00  2.01731E-04
 1.59591E+00  1.82977E-04
 1.67128E+00  1.71744E-04
 1.75020E+00  1.56276E-04
 1.83286E+00  1.47823E-04
 1.91941E+00  1.40072E-04
 2.01006E+00  1.37699E-04
 2.10498E+00  1.39871E-04
 2.20439E+00  1.44032E-04
 2.30849E+00  1.44418E-04
 2.41751E+00  1.46544E-04
 2.53168E+00  1.48000E-04
 2.65124E+00  1.48096E-04
 2.77644E+00  1.52125E-04
 2.90756E+00  1.52422E-04
 3.04487E+00  1.58002E-04
 3.18867E+00  2.17955E-04
 3.33925E+00  2.54992E-04
 3.49695E+00  2.67850E-04
 3.66209E+00  2.68655E-04
 3.83504E+00  2.85578E-04
 4.01615E+00  2.81813E-04
 4.20581E+00  2.86575E-04
 4.40443E+00  2.89102E-04
 4.61243E+00  2.95247E-04
 4.83025E+00  2.98673E-04
 5.05836E+00  3.04309E-04
 5.29725E+00  3.00462E-04
 5.54741E+00  3.04673E-04
 5.80939E+00  3.14441E-04
 6.08374E+00  3.13200E-04
 6.37104E+00  3.23919E-04
 6.67191E+00  3.28803E-04
 6.98700E+00  3.29178E-04
 7.31696E+00  3.50936E-04
 7.66250E+00  3.71645E-04
 8.02437E+00  3.78023E-04
 8.40332E+00  3.92581E-04
 8.80017E+00  3.93647E-04
 9.21576E+00  3.96020E-04
 9.65097E+00  4.06763E-04
 1.01067E+01  4.07223E-04
 1.05840E+01  4.12126E-04
 1.10839E+01  4.15532E-04
 1.16073E+01  4.26126E-04
 1.21555E+01  4.36306E-04
 1.27295E+01  4.60032E-04
 1.33307E+01  4.59010E-04
 1.39602E+01  4.77900E-04
 1.46195E+01  4.58735E-04
 1.53099E+01  4.44349E-04
 1.60329E+01  4.29311E-04
 1.67901E+01  4.18006E-04
 1.75830E+01  4.09633E-04
 1.84133E+01  3.92501E-04
 1.92829E+01  3.54194E-04
 2.01935E+01  3.05521E-04
 2.11472E+01  2.89636E-04
 2.21459E+01  2.92543E-04
 2.31917E+01  2.85694E-04
 2.42869E+01  2.78675E-04
 2.54339E+01  2.62366E-04
 2.66350E+01  2.47716E-04
 2.78929E+01  2.28981E-04
 2.92101E+01  2.15225E-04
 3.05896E+01  2.03193E-04
 3.20342E+01  1.90675E-04
 3.35470E+01  1.83654E-04
 3.51312E+01  1.62784E-04
 3.67903E+01  1.31578E-04
 3.85277E+01  1.19098E-04
 4.03472E+01  1.19848E-04
 4.22526E+01  1.14982E-04
 4.42480E+01  1.16712E-04
 4.63376E+01  1.22419E-04
 4.85259E+01  1.38665E-04
 5.08176E+01  1.48058E-04
 5.32175E+01  1.78296E-04
 5.57307E+01  2.21974E-04
 5.83625E+01  2.75182E-04
 6.11187E+01  3.64252E-04
 6.40051E+01  4.61372E-04
 6.70277E+01  6.58586E-04
 7.01931E+01  9.11074E-04
 7.35080E+01  1.30450E-03
 7.69794E+01  1.79553E-03
 8.06148E+01  2.43578E-03
 8.44219E+01  3.14250E-03
 8.84087E+01  3.96688E-03
 9.25838E+01  4.80592E-03
 9.69561E+01  5.91125E-03
 1.01535E+02  7.21290E-03
 1.06330E+02  8.78640E-03
 1.11351E+02  1.06203E-02
 1.16610E+02  1.29816E-02
 1.22117E+02  1.62310E-02
 1.27884E+02  2.02959E-02
 1.33923E+02  2.55655E-02
 1.40248E+02  3.18129E-02
 1.46871E+02  3.94105E-02
 1.53807E+02  4.79938E-02
 1.61071E+02  5.77558E-02
 1.68677E+02  6.86345E-02
 1.76643E+02  8.09725E-02
 1.84985E+02  9.52337E-02
 1.93721E+02  1.11337E-01
 2.02869E+02  1.29838E-01
 2.12450E+02  1.49695E-01
 2.22483E+02  1.71603E-01
 2.32990E+02  1.93592E-01
 2.43993E+02  2.17000E-01
 2.55515E+02  2.40699E-01
 2.67582E+02  2.64016E-01
 2.80219E+02  2.84282E-01
 2.93452E+02  3.03926E-01
 3.07310E+02  3.19869E-01
 3.21823E+02  3.32684E-01
 3.37021E+02  3.42892E-01
 3.52937E+02  3.49575E-01
 3.69605E+02  3.53438E-01
 3.87059E+02  3.53469E-01
 4.05338E+02  3.51487E-01
 4.24480E+02  3.46841E-01
 4.44527E+02  3.39080E-01
 4.65519E+02  3.32073E-01
 4.87504E+02  3.23070E-01
 5.10526E+02  3.11819E-01
 5.34636E+02  3.00778E-01
 5.59884E+02  2.87058E-01
 5.86325E+02  2.75776E-01
 6.14014E+02  2.62536E-01
 6.43011E+02  2.46913E-01
 6.73377E+02  2.32758E-01
 7.05178E+02  2.18120E-01
 7.38480E+02  2.03781E-01
 7.73355E+02  1.88960E-01
 8.09877E+02  1.75495E-01
 8.48123E+02  1.61417E-01
 8.88176E+02  1.47710E-01
 9.30120E+02  1.35686E-01
 9.74045E+02  1.24162E-01
 1.02004E+03  1.13141E-01
 1.06822E+03  1.01704E-01
 1.11866E+03  9.16836E-02
 1.17149E+03  8.24872E-02
 1.22682E+03  7.23172E-02
 1.28475E+03  6.68180E-02
 1.34543E+03  5.80554E-02
 1.40896E+03  5.00945E-02
 1.47550E+03  4.43112E-02
 1.54518E+03  3.85972E-02
 1.61815E+03  3.37274E-02
 1.69457E+03  2.97290E-02
 1.77460E+03  2.57163E-02
 1.85840E+03  2.25035E-02
 1.94617E+03  1.87955E-02
 2.03808E+03  1.60704E-02
 2.13432E+03  1.39578E-02
 2.23512E+03  1.18632E-02
 2.34067E+03  1.01149E-02
 2.45121E+03  8.62254E-03
 2.56697E+03  7.16515E-03
 2.68820E+03  5.99782E-03
 2.81515E+03  5.39638E-03
 2.94809E+03  4.27875E-03
 3.08732E+03  4.04855E-03
 3.23312E+03  3.47675E-03
 3.38580E+03  2.68835E-03
 3.54570E+03  2.21272E-03
 3.71314E+03  1.83783E-03
 3.88850E+03  1.63445E-03
 4.07213E+03  1.40592E-03
 4.26444E+03  1.25190E-03
 4.46583E+03  1.11762E-03
 4.67673E+03  7.63458E-04
 4.89758E+03  7.95540E-04
 5.12887E+03  5.55655E-04
 5.37109E+03  3.99830E-04
 5.62474E+03  3.38499E-04
 5.89037E+03  4.22033E-04
 6.16854E+03  2.47414E-04
 6.45985E+03  3.11390E-04
 6.76492E+03  1.53149E-04
 7.08439E+03  1.42355E-04
 7.41895E+03  1.68074E-04
 7.76932E+03  1.77699E-04
 8.13622E+03  8.91476E-05
