 8.59946E-05  0.00000E+00
 9.00557E-05  0.00000E+00
 9.43086E-05  0.00000E+00
 9.87623E-05  0.00000E+00
 1.03426E-04  0.00000E+00
 1.08311E-04  0.00000E+00
 1.13426E-04  0.00000E+00
 1.18782E-04  0.00000E+00
 1.24392E-04  0.00000E+00
 1.30266E-04  0.00000E+00
 1.36418E-04  0.00000E+00
 1.42860E-04  0.00000E+00
 1.49607E-04  0.00000E+00
 1.56672E-04  0.00000E+00
 1.64071E-04  0.00000E+00
 1.71819E-04  0.00000E+00
 1.79934E-04  0.00000E+00
 1.88431E-04  0.00000E+00
 1.97330E-04  0.00000E+00
 2.06649E-04  0.00000E+00
 2.16408E-04  0.00000E+00
 2.26628E-04  0.00000E+00
 2.37330E-04  0.00000E+00
 2.48538E-04  0.00000E+00
 2.60275E-04  0.00000E+00
 2.72567E-04  0.00000E+00
 2.85439E-04  0.00000E+00
 2.98919E-04  0.00000E+00
 3.13035E-04  0.00000E+00
 3.27818E-04  0.00000E+00
 3.43300E-04  0.00000E+00
 3.59512E-04  0.00000E+00
 3.76490E-04  0.00000E+00
 3.94270E-04  0.00000E+00
 4.12889E-04  0.00000E+00
 4.32388E-04  0.00000E+00
 4.52808E-04  0.00000E+00
 4.74192E-04  0.00000E+00
 4.96585E-04  0.00000E+00
 5.20037E-04  0.00000E+00
 5.44596E-04  0.00000E+00
 5.70314E-04  0.00000E+00
 5.97247E-04  0.00000E+00
 6.25453E-04  0.00000E+00
 6.54990E-04  0.00000E+00
 6.85922E-04  0.00000E+00
 7.18314E-04  0.00000E+00
 7.52237E-04  0.00000E+00
 7.87762E-04  0.00000E+00
 8.24964E-04  0.00000E+00
 8.63923E-04  0.00000E+00
 9.04722E-04  0.00000E+00
 9.47447E-04  0.00000E+00
 9.92191E-04  0.00000E+00
 1.03905E-03  0.00000E+00
 1.08812E-03  0.00000E+00
 1.13950E-03  0.00000E+00
 1.19332E-03  0.00000E+00
 1.24967E-03  0.00000E+00
 1.30869E-03  0.00000E+00
 1.37049E-03  0.00000E+00
 1.43521E-03  0.00000E+00
 1.50299E-03  0.00000E+00
 1.57397E-03  0.00000E+00
 1.64830E-03  0.00000E+00
 1.72614E-03  0.00000E+00
 1.80766E-03  0.00000E+00
 1.89302E-03  0.00000E+00
 1.98242E-03  0.00000E+00
 2.07604E-03  0.00000E+00
 2.17409E-03  0.00000E+00
 2.27676E-03  0.00000E+00
 2.38428E-03  0.00000E+00
 2.49687E-03  0.00000E+00
 2.61479E-03  0.00000E+00
 2.73827E-03  0.00000E+00
 2.86759E-03  0.00000E+00
 3.00301E-03  0.00000E+00
 3.14483E-03  0.00000E+00
 3.29335E-03  0.00000E+00
 3.44887E-03  0.00000E+00
 3.61175E-03  0.00000E+00
 3.78231E-03  0.00000E+00
 3.96093E-03  0.00000E+00
 4.14799E-03  0.00000E+00
 4.34388E-03  0.00000E+00
 4.54902E-03  0.00000E+00
 4.76385E-03  0.00000E+00
 4.98882E-03  0.00000E+00
 5.22442E-03  0.00000E+00
 5.47114E-03  0.00000E+00
 5.72952E-03  0.00000E+00
 6.00010E-03  0.00000E+00
 6.28345E-03  0.00000E+00
 6.58019E-03  0.00000E+00
 6.89094E-03  0.00000E+00
 7.21637E-03  0.00000E+00
 7.55716E-03  0.00000E+00
 7.91405E-03  0.00000E+00
 8.28779E-03  0.00000E+00
 8.67919E-03  0.00000E+00
 9.08906E-03  0.00000E+00
 9.51829E-03  0.00000E+00
 9.96780E-03  0.00000E+00
 1.04385E-02  0.00000E+00
 1.09315E-02  0.00000E+00
 1.14477E-02  0.00000E+00
 1.19884E-02  0.00000E+00
 1.25545E-02  0.00000E+00
 1.31474E-02  0.00000E+00
 1.37683E-02  0.00000E+00
 1.44185E-02  0.00000E+00
 1.50994E-02  0.00000E+00
 1.58125E-02  0.00000E+00
 1.65592E-02  0.00000E+00
 1.73412E-02  0.00000E+00
 1.81602E-02  0.00000E+00
 1.90178E-02  0.00000E+00
 1.99159E-02  0.00000E+00
 2.08565E-02  0.00000E+00
 2.18414E-02  0.00000E+00
 2.28729E-02  0.00000E+00
 2.39530E-02  0.00000E+00
 2.50842E-02  0.00000E+00
 2.62688E-02  0.00000E+00
 2.75094E-02  0.00000E+00
 2.88085E-02  0.00000E+00
 3.01690E-02  0.00000E+00
 3.15938E-02  0.00000E+00
 3.30858E-02  0.00000E+00
 3.46483E-02  0.00000E+00
 3.62845E-02  0.00000E+00
 3.79981E-02  0.00000E+00
 3.97925E-02  0.00000E+00
 4.16717E-02  0.00000E+00
 4.36397E-02  0.00000E+00
 4.57006E-02  0.00000E+00
 4.78588E-02  0.00000E+00
 5.01190E-02  0.00000E+00
 5.24858E-02  0.00000E+00
 5.49645E-02  8.33849E-12
 5.75602E-02  1.81368E-11
 6.02785E-02  6.77617E-12
 6.31251E-02  7.14059E-12
 6.61062E-02  1.05465E-11
 6.92281E-02  2.07842E-11
 7.24974E-02  1.31874E-11
 7.59211E-02  1.80721E-11
 7.95065E-02  2.28145E-11
 8.32612E-02  2.91796E-11
 8.71933E-02  2.80361E-11
 9.13110E-02  2.95285E-11
 9.56232E-02  2.34669E-11
 1.00139E-01  2.07639E-11
 1.04868E-01  1.28843E-11
 1.09820E-01  1.40707E-11
 1.15007E-01  1.36283E-11
 1.20438E-01  9.89421E-12
 1.26126E-01  6.47179E-12
 1.32082E-01  3.75971E-12
 1.38320E-01  3.04041E-12
 1.44852E-01  1.63179E-12
 1.51692E-01  7.95973E-13
 1.58856E-01  5.77609E-13
 1.66358E-01  2.73802E-13
 1.74214E-01  1.10246E-13
 1.82442E-01  6.66645E-14
 1.91058E-01  7.91248E-14
 2.00080E-01  9.21485E-14
 2.09529E-01  1.66434E-13
 2.19424E-01  5.72769E-14
 2.29787E-01  2.66784E-14
 2.40638E-01  6.00539E-15
 2.52002E-01  3.10035E-15
 2.63903E-01  1.27457E-15
 2.76366E-01  4.29131E-16
 2.89418E-01  1.12829E-16
 3.03085E-01  3.40298E-17
 3.17399E-01  1.19085E-17
 3.32388E-01  3.98120E-18
 3.48085E-01  1.60430E-18
 3.64523E-01  5.13445E-19
 3.81738E-01  1.98801E-19
 3.99766E-01  8.36880E-20
 4.18645E-01  4.28029E-20
 4.38415E-01  2.92238E-20
 4.59120E-01  1.47571E-20
 4.80802E-01  1.68480E-20
 5.03508E-01  2.01560E-20
 5.27286E-01  4.41912E-20
 5.52187E-01  1.06155E-19
 5.78264E-01  5.92242E-19
 6.05573E-01  6.88241E-18
 6.34171E-01  1.66923E-16
 6.64120E-01  1.22194E-14
 6.95483E-01  3.46112E-12
 7.28327E-01  4.00982E-09
 7.62723E-01  5.27152E-05
 7.98743E-01  4.04859E-04
 8.36463E-01  4.86107E-04
 8.75965E-01  5.29931E-04
 9.17333E-01  5.96215E-04
 9.60654E-01  5.96697E-04
 9.91011E-01  5.51631E-04
 9.91127E-01  5.51455E-04
 9.91243E-01  5.51280E-04
 9.91358E-01  5.51104E-04
 9.91474E-01  5.50928E-04
 9.91590E-01  5.50753E-04
 9.91706E-01  5.50577E-04
 9.91822E-01  5.50401E-04
 9.91938E-01  5.50225E-04
 9.92053E-01  5.50049E-04
 9.92169E-01  5.49873E-04
 9.92285E-01  5.49697E-04
 9.92401E-01  5.49520E-04
 9.92517E-01  5.49344E-04
 9.92633E-01  5.49168E-04
 9.92750E-01  5.48991E-04
 9.92866E-01  5.48815E-04
 9.92982E-01  5.48638E-04
 9.93098E-01  5.48461E-04
 9.93214E-01  5.48285E-04
 9.93330E-01  5.48108E-04
 9.93447E-01  5.47931E-04
 9.93563E-01  5.47754E-04
 9.93679E-01  5.47577E-04
 9.93795E-01  5.47400E-04
 9.93912E-01  5.47223E-04
 9.94028E-01  5.47046E-04
 9.94145E-01  5.46868E-04
 9.94261E-01  5.46691E-04
 9.94377E-01  5.46514E-04
 9.94494E-01  5.46336E-04
 9.94610E-01  5.46158E-04
 9.94727E-01  5.45981E-04
 9.94844E-01  5.45803E-04
 9.94960E-01  5.45625E-04
 9.95077E-01  5.45448E-04
 9.95193E-01  5.45270E-04
 9.95310E-01  5.45092E-04
 9.95427E-01  5.44914E-04
 9.95543E-01  5.44735E-04
 9.95660E-01  5.44557E-04
 9.95777E-01  5.44379E-04
 9.95894E-01  5.44201E-04
 9.96011E-01  5.44022E-04
 9.96128E-01  5.43844E-04
 9.96244E-01  5.43665E-04
 9.96361E-01  5.43487E-04
 9.96478E-01  5.43308E-04
 9.96595E-01  5.43129E-04
 9.96712E-01  5.42950E-04
 9.96829E-01  5.42771E-04
 9.96946E-01  5.42592E-04
 9.97063E-01  5.42413E-04
 9.97181E-01  5.42234E-04
 9.97298E-01  5.42055E-04
 9.97415E-01  5.41876E-04
 9.97532E-01  5.41697E-04
 9.97649E-01  5.41517E-04
 9.97767E-01  5.41338E-04
 9.97884E-01  5.41158E-04
 9.98001E-01  5.40982E-04
 9.98118E-01  5.40799E-04
 9.98236E-01  5.40619E-04
 9.98353E-01  5.40439E-04
 9.98471E-01  5.40259E-04
 9.98588E-01  5.40079E-04
 9.98706E-01  5.39899E-04
 9.98823E-01  5.39719E-04
 9.98941E-01  5.39539E-04
 9.99058E-01  5.39359E-04
 9.99176E-01  5.39179E-04
 9.99293E-01  5.38998E-04
 9.99411E-01  5.38818E-04
 9.99529E-01  5.38637E-04
 9.99646E-01  5.38457E-04
 9.99764E-01  5.38276E-04
 9.99882E-01  5.38095E-04
 1.00000E+00  5.37914E-04
 1.00012E+00  5.37733E-04
 1.00024E+00  5.37553E-04
 1.00035E+00  5.37372E-04
 1.00047E+00  5.37190E-04
 1.00059E+00  5.37009E-04
 1.00071E+00  5.36828E-04
 1.00082E+00  5.36647E-04
 1.00094E+00  5.36465E-04
 1.00106E+00  5.36284E-04
 1.00118E+00  5.36102E-04
 1.00130E+00  5.35921E-04
 1.00142E+00  5.35739E-04
 1.00153E+00  5.35557E-04
 1.00165E+00  5.35375E-04
 1.00177E+00  5.35194E-04
 1.00189E+00  5.35012E-04
 1.00201E+00  5.34830E-04
 1.00212E+00  5.34647E-04
 1.00224E+00  5.34465E-04
 1.00236E+00  5.34283E-04
 1.00248E+00  5.34101E-04
 1.00260E+00  5.33918E-04
 1.00272E+00  5.33739E-04
 1.00283E+00  5.33553E-04
 1.00295E+00  5.33371E-04
 1.00307E+00  5.33188E-04
 1.00319E+00  5.33005E-04
 1.00331E+00  5.32822E-04
 1.00343E+00  5.32640E-04
 1.00355E+00  5.32457E-04
 1.00366E+00  5.32274E-04
 1.00378E+00  5.32090E-04
 1.00390E+00  5.31907E-04
 1.00402E+00  5.31724E-04
 1.00414E+00  5.31541E-04
 1.00426E+00  5.31357E-04
 1.00438E+00  5.31174E-04
 1.00450E+00  5.30990E-04
 1.00461E+00  5.30807E-04
 1.00473E+00  5.30626E-04
 1.00485E+00  5.31801E-04
 1.00497E+00  5.30255E-04
 1.00509E+00  5.30071E-04
 1.00521E+00  5.29887E-04
 1.00533E+00  5.29703E-04
 1.00545E+00  5.29525E-04
 1.00557E+00  5.31372E-04
 1.00569E+00  5.29151E-04
 1.00580E+00  5.28966E-04
 1.00592E+00  5.28782E-04
 1.00602E+00  5.28631E-04
 1.00604E+00  5.28680E-04
 1.00616E+00  5.28950E-04
 1.00628E+00  5.29243E-04
 1.00640E+00  5.30539E-04
 1.00652E+00  5.29760E-04
 1.00664E+00  5.30031E-04
 1.00676E+00  5.30300E-04
 1.00688E+00  5.30570E-04
 1.00700E+00  5.30840E-04
 1.00712E+00  5.31111E-04
 1.00724E+00  5.31715E-04
 1.00736E+00  5.31652E-04
 1.00748E+00  5.31922E-04
 1.00760E+00  5.32193E-04
 1.00771E+00  5.32552E-04
 1.00783E+00  5.32734E-04
 1.00795E+00  5.33005E-04
 1.00807E+00  5.33276E-04
 1.00819E+00  5.33547E-04
 1.00831E+00  5.33819E-04
 1.00843E+00  5.34090E-04
 1.00855E+00  5.34415E-04
 1.00867E+00  5.34729E-04
 1.00879E+00  5.34911E-04
 1.00891E+00  5.36729E-04
 1.00903E+00  5.35448E-04
 1.00915E+00  5.35720E-04
 1.00927E+00  5.35992E-04
 1.00939E+00  5.36287E-04
 1.00951E+00  5.36536E-04
 1.00963E+00  5.36808E-04
 1.00975E+00  5.37691E-04
 1.00987E+00  5.38668E-04
 1.00999E+00  5.37625E-04
 1.01011E+00  5.37903E-04
 1.01023E+00  5.39385E-04
 1.01035E+00  5.38443E-04
 1.01047E+00  5.39260E-04
 1.01059E+00  5.39092E-04
 1.01071E+00  5.40583E-04
 1.01083E+00  5.39535E-04
 1.01095E+00  5.39864E-04
 1.01108E+00  5.40812E-04
 1.01120E+00  5.40431E-04
 1.01132E+00  5.41247E-04
 1.01144E+00  5.40905E-04
 1.01156E+00  5.42325E-04
 1.01168E+00  5.41450E-04
 1.01180E+00  5.41723E-04
 1.01192E+00  5.41998E-04
 1.01204E+00  5.45463E-04
 1.01216E+00  5.42664E-04
 1.01228E+00  5.42820E-04
 1.01240E+00  5.43622E-04
 1.01252E+00  5.43687E-04
 1.01264E+00  5.43719E-04
 1.01276E+00  5.43919E-04
 1.01288E+00  5.45048E-04
 1.01301E+00  5.49961E-04
 1.01313E+00  5.45447E-04
 1.01325E+00  5.45036E-04
 1.01337E+00  5.45348E-04
 1.01349E+00  5.45567E-04
 1.01361E+00  5.45908E-04
 1.01373E+00  5.46203E-04
 1.01385E+00  5.46927E-04
 1.01397E+00  5.46672E-04
 1.01409E+00  5.47178E-04
 1.01422E+00  5.47487E-04
 1.01434E+00  5.47495E-04
 1.01446E+00  5.47772E-04
 1.01458E+00  5.48203E-04
 1.01470E+00  5.48394E-04
 1.01482E+00  5.50526E-04
 1.01494E+00  5.50486E-04
 1.01506E+00  5.49271E-04
 1.01519E+00  5.53162E-04
 1.01531E+00  5.49733E-04
 1.01543E+00  5.50001E-04
 1.01555E+00  5.61631E-04
 1.01567E+00  5.56383E-04
 1.01579E+00  5.51749E-04
 1.01591E+00  5.55456E-04
 1.01604E+00  5.51372E-04
 1.01616E+00  5.57199E-04
 1.01628E+00  5.53880E-04
 1.01640E+00  5.53217E-04
 1.01652E+00  5.60686E-04
 1.01664E+00  5.54627E-04
 1.01677E+00  5.53372E-04
 1.01689E+00  5.66587E-04
 1.01701E+00  5.68708E-04
 1.01713E+00  5.70027E-04
 1.01725E+00  5.79411E-04
 1.01738E+00  5.63104E-04
 1.01750E+00  5.83889E-04
 1.01762E+00  5.70916E-04
 1.01774E+00  5.96622E-04
 1.01786E+00  5.63544E-04
 1.01799E+00  5.79976E-04
 1.01811E+00  6.10779E-04
 1.01823E+00  6.02263E-04
 1.01835E+00  6.25046E-04
 1.01847E+00  6.71489E-04
 1.01860E+00  6.56081E-04
 1.01872E+00  6.78741E-04
 1.01884E+00  7.12870E-04
 1.01896E+00  8.09057E-04
 1.01909E+00  8.71200E-04
 1.01921E+00  1.13811E-03
 1.01933E+00  1.43873E-03
 1.01945E+00  1.77725E-03
 1.01958E+00  2.43625E-03
 1.01970E+00  3.02718E-03
 1.01982E+00  4.29623E-03
 1.01994E+00  5.08424E-03
 1.02007E+00  6.16506E-03
 1.02019E+00  7.20820E-03
 1.02031E+00  8.28057E-03
 1.02043E+00  8.97688E-03
 1.02056E+00  1.00678E-02
 1.02068E+00  1.10315E-02
 1.02080E+00  1.10873E-02
 1.02092E+00  1.17752E-02
 1.02105E+00  1.25822E-02
 1.02117E+00  1.31221E-02
 1.02129E+00  1.22941E-02
 1.02142E+00  1.28204E-02
 1.02154E+00  1.23773E-02
 1.02166E+00  1.21918E-02
 1.02178E+00  1.14779E-02
 1.02191E+00  1.09909E-02
 1.02203E+00  1.06198E-02
 1.02215E+00  1.04320E-02
 1.02228E+00  1.09733E-02
 1.02240E+00  1.01854E-02
 1.02252E+00  9.65391E-03
 1.02265E+00  9.07395E-03
 1.02277E+00  9.34673E-03
 1.02289E+00  8.81884E-03
 1.02302E+00  8.52933E-03
 1.02314E+00  8.13686E-03
 1.02326E+00  8.01031E-03
 1.02339E+00  7.46995E-03
 1.02351E+00  7.88129E-03
 1.02363E+00  7.27702E-03
 1.02376E+00  6.56836E-03
 1.02388E+00  6.60350E-03
 1.02400E+00  6.34978E-03
 1.02413E+00  6.33665E-03
 1.02425E+00  6.14011E-03
 1.02437E+00  5.49515E-03
 1.02450E+00  5.64727E-03
 1.02462E+00  5.18706E-03
 1.02474E+00  5.00422E-03
 1.02487E+00  4.69533E-03
 1.02499E+00  4.74630E-03
 1.02512E+00  4.55882E-03
 1.02524E+00  4.20942E-03
 1.02536E+00  4.11702E-03
 1.02549E+00  3.97888E-03
 1.02561E+00  3.57543E-03
 1.02573E+00  3.29214E-03
 1.02586E+00  3.23259E-03
 1.02598E+00  3.34744E-03
 1.02611E+00  2.87089E-03
 1.02623E+00  2.72435E-03
 1.02635E+00  2.50643E-03
 1.02648E+00  2.40769E-03
 1.02660E+00  2.29432E-03
 1.02673E+00  2.20394E-03
 1.02685E+00  1.90077E-03
 1.02698E+00  1.86448E-03
 1.02710E+00  1.76406E-03
 1.02722E+00  1.67777E-03
 1.02735E+00  1.65469E-03
 1.02747E+00  1.51737E-03
 1.02760E+00  1.45062E-03
 1.02772E+00  1.38948E-03
 1.02785E+00  1.28555E-03
 1.02797E+00  1.24697E-03
 1.02809E+00  1.04289E-03
 1.02822E+00  1.12007E-03
 1.02834E+00  1.10476E-03
 1.02847E+00  1.00452E-03
 1.02859E+00  9.65478E-04
 1.02872E+00  9.21191E-04
 1.02884E+00  8.50622E-04
 1.02897E+00  8.25528E-04
 1.02909E+00  8.54057E-04
 1.02922E+00  7.90722E-04
 1.02934E+00  7.60884E-04
 1.02947E+00  7.17630E-04
 1.02959E+00  7.42362E-04
 1.02972E+00  7.30522E-04
 1.02984E+00  6.90974E-04
 1.02997E+00  6.95156E-04
 1.03009E+00  6.78584E-04
 1.03022E+00  6.36877E-04
 1.03034E+00  6.46752E-04
 1.03047E+00  6.63728E-04
 1.03059E+00  6.26790E-04
 1.03072E+00  6.27638E-04
 1.03084E+00  6.23448E-04
 1.03097E+00  6.10968E-04
 1.03109E+00  6.20413E-04
 1.03122E+00  6.15817E-04
 1.03134E+00  6.08506E-04
 1.03147E+00  6.03286E-04
 1.03159E+00  5.95700E-04
 1.03172E+00  6.03642E-04
 1.03184E+00  5.97461E-04
 1.03197E+00  5.98833E-04
 1.03209E+00  6.09898E-04
 1.03222E+00  5.96501E-04
 1.03235E+00  5.96579E-04
 1.03247E+00  5.91523E-04
 1.03260E+00  5.94390E-04
 1.03272E+00  5.98161E-04
 1.03285E+00  5.91197E-04
 1.03297E+00  6.00131E-04
 1.03310E+00  5.92988E-04
 1.03322E+00  5.97555E-04
 1.03335E+00  5.92200E-04
 1.03348E+00  5.93241E-04
 1.03360E+00  5.94672E-04
 1.03373E+00  5.92101E-04
 1.03385E+00  5.92472E-04
 1.03398E+00  5.93452E-04
 1.03411E+00  5.92975E-04
 1.03423E+00  5.93403E-04
 1.03436E+00  5.93524E-04
 1.03448E+00  5.93865E-04
 1.03461E+00  5.94030E-04
 1.03474E+00  5.94818E-04
 1.03486E+00  5.95480E-04
 1.03499E+00  5.94983E-04
 1.03511E+00  5.95195E-04
 1.03524E+00  5.95455E-04
 1.03537E+00  5.95730E-04
 1.03549E+00  5.96293E-04
 1.03562E+00  5.96815E-04
 1.03575E+00  5.96624E-04
 1.03587E+00  5.97252E-04
 1.03600E+00  5.97223E-04
 1.03612E+00  5.97479E-04
 1.03625E+00  5.97771E-04
 1.03638E+00  5.98064E-04
 1.03650E+00  5.98356E-04
 1.03663E+00  5.98649E-04
 1.03676E+00  5.98941E-04
 1.03688E+00  5.99234E-04
 1.03701E+00  5.99642E-04
 1.03714E+00  5.99821E-04
 1.03726E+00  6.00140E-04
 1.03739E+00  6.00421E-04
 1.03752E+00  6.00701E-04
 1.03764E+00  6.00997E-04
 1.03777E+00  6.01288E-04
 1.03790E+00  6.01582E-04
 1.03803E+00  6.01875E-04
 1.03815E+00  6.02169E-04
 1.03828E+00  6.02903E-04
 1.03841E+00  6.02758E-04
 1.03853E+00  6.06863E-04
 1.03866E+00  6.03346E-04
 1.03879E+00  6.03641E-04
 1.03891E+00  6.03935E-04
 1.03904E+00  6.04230E-04
 1.03917E+00  6.04525E-04
 1.03930E+00  6.04819E-04
 1.03942E+00  6.05114E-04
 1.03955E+00  6.05409E-04
 1.03968E+00  6.05704E-04
 1.03981E+00  6.06000E-04
 1.03993E+00  6.06295E-04
 1.04006E+00  6.06591E-04
 1.04019E+00  6.06886E-04
 1.04031E+00  6.07193E-04
 1.04044E+00  6.07477E-04
 1.04057E+00  6.07773E-04
 1.04070E+00  6.08069E-04
 1.04083E+00  6.08366E-04
 1.04095E+00  6.08661E-04
 1.04108E+00  6.08958E-04
 1.04121E+00  6.09254E-04
 1.04134E+00  6.09550E-04
 1.04146E+00  6.09847E-04
 1.04159E+00  6.10143E-04
 1.04172E+00  6.10440E-04
 1.04185E+00  6.10737E-04
 1.04197E+00  6.11034E-04
 1.04210E+00  6.11331E-04
 1.04223E+00  6.11628E-04
 1.04236E+00  6.11925E-04
 1.04249E+00  6.12223E-04
 1.04261E+00  6.12520E-04
 1.04274E+00  6.12818E-04
 1.04287E+00  6.13115E-04
 1.04300E+00  6.13413E-04
 1.04313E+00  6.13711E-04
 1.04326E+00  6.14009E-04
 1.04338E+00  6.14307E-04
 1.04351E+00  6.14605E-04
 1.04364E+00  6.14903E-04
 1.04377E+00  6.15202E-04
 1.04390E+00  6.15500E-04
 1.04402E+00  6.15799E-04
 1.04415E+00  6.16097E-04
 1.04428E+00  6.16396E-04
 1.04441E+00  6.16695E-04
 1.04454E+00  6.16994E-04
 1.04467E+00  6.17293E-04
 1.04480E+00  6.17592E-04
 1.04492E+00  6.17891E-04
 1.04505E+00  6.18190E-04
 1.04518E+00  6.18490E-04
 1.04531E+00  6.18789E-04
 1.04544E+00  6.19089E-04
 1.04557E+00  6.19389E-04
 1.04570E+00  6.19689E-04
 1.04583E+00  6.19989E-04
 1.04595E+00  6.20289E-04
 1.04608E+00  6.20589E-04
 1.04621E+00  6.20889E-04
 1.04634E+00  6.21189E-04
 1.04647E+00  6.21490E-04
 1.04660E+00  6.21791E-04
 1.04673E+00  6.22091E-04
 1.04686E+00  6.22392E-04
 1.04699E+00  6.22693E-04
 1.04712E+00  6.22994E-04
 1.04724E+00  6.23295E-04
 1.04737E+00  6.23596E-04
 1.04750E+00  6.23897E-04
 1.04763E+00  6.24199E-04
 1.04776E+00  6.24500E-04
 1.04789E+00  6.24802E-04
 1.04802E+00  6.25103E-04
 1.04815E+00  6.25405E-04
 1.04828E+00  6.25707E-04
 1.04841E+00  6.26009E-04
 1.04854E+00  6.26311E-04
 1.04867E+00  6.26613E-04
 1.04880E+00  6.26916E-04
 1.04893E+00  6.27218E-04
 1.04906E+00  6.27521E-04
 1.04919E+00  6.27823E-04
 1.04932E+00  6.28126E-04
 1.04945E+00  6.28429E-04
 1.04958E+00  6.28732E-04
 1.04970E+00  6.29035E-04
 1.04983E+00  6.29338E-04
 1.04996E+00  6.29641E-04
 1.05009E+00  6.29944E-04
 1.05022E+00  6.30248E-04
 1.05035E+00  6.30551E-04
 1.05048E+00  6.30855E-04
 1.05061E+00  6.31159E-04
 1.05074E+00  6.31463E-04
 1.05087E+00  6.31766E-04
 1.05100E+00  6.32071E-04
 1.05113E+00  6.32375E-04
 1.05126E+00  6.32679E-04
 1.05139E+00  6.32983E-04
 1.05153E+00  6.33288E-04
 1.05166E+00  6.33592E-04
 1.05179E+00  6.33897E-04
 1.05192E+00  6.34202E-04
 1.05205E+00  6.34507E-04
 1.05218E+00  6.34812E-04
 1.05231E+00  6.35117E-04
 1.05353E+00  6.37981E-04
 1.10328E+00  7.00373E-04
 1.15539E+00  7.29848E-04
 1.20995E+00  7.62524E-04
 1.26709E+00  7.59353E-04
 1.32693E+00  7.29909E-04
 1.38959E+00  7.36125E-04
 1.45522E+00  6.99496E-04
 1.52394E+00  6.65096E-04
 1.59591E+00  5.99343E-04
 1.67128E+00  5.56407E-04
 1.75020E+00  5.11750E-04
 1.83286E+00  4.81741E-04
 1.91941E+00  4.59439E-04
 2.01006E+00  4.49676E-04
 2.10498E+00  4.60152E-04
 2.20439E+00  4.75363E-04
 2.30849E+00  4.78676E-04
 2.41751E+00  4.90684E-04
 2.53168E+00  4.98954E-04
 2.65124E+00  5.08353E-04
 2.77644E+00  5.10547E-04
 2.90756E+00  5.16653E-04
 3.04487E+00  5.33089E-04
 3.18867E+00  7.57147E-04
 3.33925E+00  8.99560E-04
 3.49695E+00  9.40864E-04
 3.66209E+00  9.36334E-04
 3.83504E+00  9.80263E-04
 4.01615E+00  9.62655E-04
 4.20581E+00  9.72278E-04
 4.40443E+00  9.76458E-04
 4.61243E+00  9.81233E-04
 4.83025E+00  9.74028E-04
 5.05836E+00  9.68264E-04
 5.29725E+00  9.73490E-04
 5.54741E+00  9.52224E-04
 5.80939E+00  9.66116E-04
 6.08374E+00  9.62783E-04
 6.37104E+00  9.55311E-04
 6.67191E+00  9.56932E-04
 6.98700E+00  9.59746E-04
 7.31696E+00  9.92678E-04
 7.66250E+00  1.03035E-03
 8.02437E+00  1.02857E-03
 8.40332E+00  1.01765E-03
 8.80017E+00  1.01578E-03
 9.21576E+00  1.00512E-03
 9.65097E+00  1.00193E-03
 1.01067E+01  9.97177E-04
 1.05840E+01  9.93021E-04
 1.10839E+01  9.91969E-04
 1.16073E+01  1.01047E-03
 1.21555E+01  9.99953E-04
 1.27295E+01  1.01216E-03
 1.33307E+01  1.03201E-03
 1.39602E+01  1.01521E-03
 1.46195E+01  9.82684E-04
 1.53099E+01  9.42555E-04
 1.60329E+01  8.98567E-04
 1.67901E+01  8.63229E-04
 1.75830E+01  8.18566E-04
 1.84133E+01  7.84448E-04
 1.92829E+01  7.10863E-04
 2.01935E+01  6.40182E-04
 2.11472E+01  6.15653E-04
 2.21459E+01  5.98639E-04
 2.31917E+01  5.68727E-04
 2.42869E+01  5.63307E-04
 2.54339E+01  5.27774E-04
 2.66350E+01  5.04224E-04
 2.78929E+01  4.54963E-04
 2.92101E+01  4.25038E-04
 3.05896E+01  3.77150E-04
 3.20342E+01  3.59237E-04
 3.35470E+01  3.36331E-04
 3.51312E+01  3.25820E-04
 3.67903E+01  2.61412E-04
 3.85277E+01  2.34331E-04
 4.03472E+01  2.25519E-04
 4.22526E+01  2.14934E-04
 4.42480E+01  2.06872E-04
 4.63376E+01  1.92681E-04
 4.85259E+01  1.90894E-04
 5.08176E+01  1.97345E-04
 5.32175E+01  1.88353E-04
 5.57307E+01  2.18417E-04
 5.83625E+01  2.35619E-04
 6.11187E+01  2.88916E-04
 6.40051E+01  3.44309E-04
 6.70277E+01  4.45172E-04
 7.01931E+01  6.48897E-04
 7.35080E+01  9.33130E-04
 7.69794E+01  1.29096E-03
 8.06148E+01  1.80824E-03
 8.44219E+01  2.45599E-03
 8.84087E+01  3.11189E-03
 9.25838E+01  3.96974E-03
 9.69561E+01  5.06864E-03
 1.01535E+02  6.31458E-03
 1.06330E+02  7.92169E-03
 1.11351E+02  1.00072E-02
 1.16610E+02  1.23440E-02
 1.22117E+02  1.54378E-02
 1.27884E+02  1.99198E-02
 1.33923E+02  2.57104E-02
 1.40248E+02  3.22223E-02
 1.46871E+02  4.09254E-02
 1.53807E+02  5.09189E-02
 1.61071E+02  6.23210E-02
 1.68677E+02  7.59505E-02
 1.76643E+02  9.18747E-02
 1.84985E+02  1.10399E-01
 1.93721E+02  1.32313E-01
 2.02869E+02  1.58796E-01
 2.12450E+02  1.88256E-01
 2.22483E+02  2.22447E-01
 2.32990E+02  2.60753E-01
 2.43993E+02  3.02036E-01
 2.55515E+02  3.46558E-01
 2.67582E+02  3.94433E-01
 2.80219E+02  4.42467E-01
 2.93452E+02  4.91586E-01
 3.07310E+02  5.39297E-01
 3.21823E+02  5.86352E-01
 3.37021E+02  6.29391E-01
 3.52937E+02  6.69223E-01
 3.69605E+02  6.99493E-01
 3.87059E+02  7.33219E-01
 4.05338E+02  7.56801E-01
 4.24480E+02  7.76035E-01
 4.44527E+02  7.91829E-01
 4.65519E+02  7.99119E-01
 4.87504E+02  8.03569E-01
 5.10526E+02  8.01986E-01
 5.34636E+02  7.92234E-01
 5.59884E+02  7.79425E-01
 5.86325E+02  7.61991E-01
 6.14014E+02  7.37630E-01
 6.43011E+02  7.14281E-01
 6.73377E+02  6.82866E-01
 7.05178E+02  6.51280E-01
 7.38480E+02  6.19361E-01
 7.73355E+02  5.83999E-01
 8.09877E+02  5.47984E-01
 8.48123E+02  5.10876E-01
 8.88176E+02  4.69122E-01
 9.30120E+02  4.37205E-01
 9.74045E+02  3.99867E-01
 1.02004E+03  3.64361E-01
 1.06822E+03  3.30723E-01
 1.11866E+03  2.98843E-01
 1.17149E+03  2.72030E-01
 1.22682E+03  2.40382E-01
 1.28475E+03  2.15293E-01
 1.34543E+03  1.91741E-01
 1.40896E+03  1.68627E-01
 1.47550E+03  1.48006E-01
 1.54518E+03  1.29916E-01
 1.61815E+03  1.13925E-01
 1.69457E+03  9.87178E-02
 1.77460E+03  8.60730E-02
 1.85840E+03  7.33391E-02
 1.94617E+03  6.22833E-02
 2.03808E+03  5.46719E-02
 2.13432E+03  4.63919E-02
 2.23512E+03  4.06008E-02
 2.34067E+03  3.52092E-02
 2.45121E+03  2.92515E-02
 2.56697E+03  2.49189E-02
 2.68820E+03  2.18020E-02
 2.81515E+03  1.69538E-02
 2.94809E+03  1.49990E-02
 3.08732E+03  1.26291E-02
 3.23312E+03  1.08866E-02
 3.38580E+03  8.72120E-03
 3.54570E+03  6.79184E-03
 3.71314E+03  6.53857E-03
 3.88850E+03  4.91985E-03
 4.07213E+03  4.20726E-03
 4.26444E+03  3.68088E-03
 4.46583E+03  3.22815E-03
 4.67673E+03  2.55102E-03
 4.89758E+03  2.42518E-03
 5.12887E+03  1.66591E-03
 5.37109E+03  1.28341E-03
 5.62474E+03  1.96489E-03
 5.89037E+03  7.94152E-04
 6.16854E+03  6.42844E-04
 6.45985E+03  6.72181E-04
 6.76492E+03  5.80218E-04
 7.08439E+03  5.64593E-04
 7.41895E+03  4.54568E-04
 7.76932E+03  9.52312E-05
 8.13622E+03  2.99262E-04
