 0  3.296E+00   2.019E+01   2.504E-02   7.576E-03   3.155E+01   7.960E+01   2.915E+02   2.975E+11   1.775E+12   8.869E+10   2.377E+09   6.946E+08   2.090E+10   2.696E+11   2.315E-01   7.371E-04   8.284E+01   6.584E+00  -1.982E+00
 1  1.996E+00   1.849E+01   1.655E-02   7.008E-03   3.109E+01   7.397E+01   2.214E+02   3.067E+11   1.225E+12   7.624E+10   2.852E+09   8.136E+08   2.442E+10   2.769E+11   1.990E-01   7.598E-04   7.963E+01   4.426E+00  -1.985E+00
 2  2.708E+00   3.485E+01   2.759E-02   1.354E-02   2.993E+01   1.075E+02   4.091E+02   4.419E+11   2.196E+12   1.233E+11   4.024E+09   1.529E+09   3.990E+10   3.991E+11   3.218E-01   1.095E-03   9.390E+01   5.503E+00  -2.023E+00
 3  1.014E+00   5.309E+00   6.368E-03   2.124E-03   3.088E+01   9.394E+01   9.580E+01   9.334E+10   6.462E+11   2.328E+10   6.867E+08   2.878E+08   6.955E+09   8.442E+10   6.074E-02   2.313E-04   9.307E+01   7.655E+00  -2.055E+00
 4  1.794E+00   1.228E+01   1.833E-02   5.760E-03   3.353E+01   9.277E+01   2.734E+02   1.705E+11   1.870E+12   8.323E+10   1.908E+09   1.096E+09   1.164E+10   1.563E+11   2.172E-01   4.225E-04   8.924E+01   1.197E+01  -1.973E+00
 5  5.979E+00   1.699E+01   1.917E-02   5.085E-03   3.032E+01   1.050E+02   3.313E+02   2.739E+11   2.282E+12   5.077E+10   1.200E+09   5.765E+08   1.941E+10   2.522E+11   1.325E-01   6.787E-04   9.949E+01   9.050E+00  -1.835E+00
 6  2.756E+00   1.210E+01   1.521E-02   4.877E-03   3.247E+01   9.484E+01   2.220E+02   2.118E+11   1.430E+12   6.322E+10   2.149E+09   7.188E+08   1.645E+10   1.933E+11   1.650E-01   5.247E-04   9.499E+01   7.398E+00  -1.935E+00
 7  4.362E-01   8.932E+00   5.125E-03   2.734E-03   2.945E+01   5.161E+01   5.007E+01   1.196E+11   2.362E+11   2.318E+10   8.142E+08   2.074E+08   9.360E+09   1.079E+11   6.050E-02   2.964E-04   6.601E+01   2.188E+00  -2.098E+00
 8  6.656E-01   1.547E+01   7.585E-03   4.323E-03   2.946E+01   5.348E+01   9.729E+01   2.068E+11   4.033E+11   3.689E+10   1.419E+09   4.297E+08   1.806E+10   1.867E+11   9.628E-02   5.124E-04   6.759E+01   2.160E+00  -2.097E+00
 9  2.541E+00   9.361E+00   1.712E-02   5.146E-03   3.197E+01   1.407E+02   4.287E+02   1.101E+11   3.084E+12   6.426E+10   1.308E+09   9.827E+08   6.461E+09   9.919E+10   1.677E-01   2.727E-04   1.114E+02   3.109E+01  -1.909E+00
10  1.325E+00   3.001E+00   6.814E-03   3.226E-03   3.000E+01   1.536E+02   1.766E+02   3.515E+10   1.301E+12   3.124E+10   4.402E+08   6.550E+08   1.744E+09   3.228E+10   8.152E-02   8.709E-05   1.279E+02   4.031E+01  -1.722E+00
11  3.169E+00   1.993E+01   1.519E-02   6.444E-03   3.022E+01   1.297E+02   3.096E+02   3.071E+11   2.020E+12   6.193E+10   1.916E+09   8.072E+08   2.397E+10   2.795E+11   1.616E-01   7.609E-04   1.086E+02   7.225E+00  -2.019E+00
12  1.452E+00   1.335E+01   1.169E-02   4.194E-03   3.222E+01   7.268E+01   2.072E+02   2.218E+11   9.893E+11   5.308E+10   1.808E+09   5.636E+08   1.776E+10   2.016E+11   1.385E-01   5.496E-04   8.041E+01   4.908E+00  -2.048E+00
13  5.082E-01   4.002E+00   4.078E-03   1.670E-03   2.903E+01   1.155E+02   9.328E+01   4.677E+10   6.852E+11   1.370E+10   3.002E+08   2.505E+08   2.794E+09   4.215E+10   3.575E-02   1.159E-04   1.062E+02   1.626E+01  -2.025E+00
14  7.011E+00   5.015E+01   5.200E-02   1.649E-02   3.174E+01   1.541E+02   6.722E+02   6.221E+11   3.973E+12   1.719E+11   4.781E+09   8.670E+08   4.591E+10   5.706E+11   4.486E-01   1.541E-03   1.094E+02   6.963E+00  -1.885E+00
15  3.761E+00   3.064E+01   2.647E-02   9.461E-03   3.081E+01   8.336E+01   3.431E+02   4.774E+11   2.013E+12   1.014E+11   3.354E+09   7.437E+08   4.021E+10   4.338E+11   2.646E-01   1.183E-03   8.298E+01   4.642E+00  -2.021E+00
16  9.458E-01   5.386E+00   5.487E-03   1.538E-03   3.206E+01   6.665E+01   6.426E+01   7.551E+10   4.014E+11   2.004E+10   3.043E+08   5.968E+07   5.243E+09   6.850E+10   5.229E-02   1.871E-04   7.587E+01   5.860E+00  -1.952E+00
17  1.368E+00   1.571E+01   1.322E-02   3.994E-03   3.180E+01   8.612E+01   1.871E+02   2.431E+11   1.095E+12   4.873E+10   1.701E+09   3.235E+08   1.957E+10   2.193E+11   1.272E-01   6.023E-04   8.794E+01   4.992E+00  -2.056E+00
18  2.639E-01   4.789E+00   2.913E-03   1.291E-03   3.006E+01   5.582E+01   3.608E+01   5.855E+10   1.946E+11   1.280E+10   3.157E+08   5.748E+07   4.673E+09   5.333E+10   3.340E-02   1.451E-04   6.973E+01   3.649E+00  -1.986E+00
19  3.352E+00   1.947E+01   1.717E-02   4.538E-03   3.215E+01   1.584E+02   6.098E+02   3.215E+11   3.690E+12   5.138E+10   1.513E+09   2.479E+08   2.093E+10   2.917E+11   1.341E-01   7.967E-04   1.558E+02   1.265E+01  -2.005E+00
20  1.724E+00   2.097E+01   1.603E-02   4.867E-03   3.096E+01   1.074E+02   3.832E+02   3.090E+11   2.089E+12   5.362E+10   1.431E+09   2.663E+08   2.376E+10   2.810E+11   1.399E-01   7.657E-04   1.005E+02   7.433E+00  -2.036E+00
21  4.912E-01   4.989E+00   4.219E-03   1.665E-03   2.965E+01   8.733E+01   6.728E+01   7.234E+10   4.519E+11   1.577E+10   4.890E+08   1.299E+08   5.483E+09   6.573E+10   4.117E-02   1.792E-04   8.860E+01   6.874E+00  -1.983E+00
22  1.286E+00   4.964E+00   6.984E-03   1.146E-03   3.189E+01   1.272E+02   1.709E+02   9.253E+10   1.192E+12   1.402E+10   3.565E+08   7.123E+07   6.064E+09   8.445E+10   3.658E-02   2.293E-04   1.133E+02   1.412E+01  -1.843E+00
23  4.315E-01   8.278E+00   5.033E-03   2.175E-03   3.157E+01   4.762E+01   6.499E+01   1.227E+11   2.609E+11   2.513E+10   1.106E+09   1.842E+08   1.194E+10   1.115E+11   6.559E-02   3.041E-04   6.218E+01   2.340E+00  -2.074E+00
24  4.660E+00   9.937E+00   7.219E-03   2.134E-03   4.244E+01   1.442E+02   3.367E+02   3.095E+11   2.247E+12   2.944E+10   8.853E+08   2.106E+08   1.673E+10   2.853E+11   7.682E-02   7.667E-04   1.573E+02   7.875E+00  -1.683E+00
25  6.421E-01   1.290E+01   7.657E-03   3.973E-03   2.913E+01   4.613E+01   7.862E+01   1.507E+11   2.849E+11   3.167E+10   9.214E+08   1.460E+08   1.035E+10   1.369E+11   8.265E-02   3.733E-04   6.173E+01   2.081E+00  -1.963E+00
26  1.066E+00   8.082E+00   9.481E-03   2.642E-03   3.161E+01   8.704E+01   1.170E+02   1.235E+11   6.873E+11   3.118E+10   9.829E+08   2.029E+08   8.119E+09   1.121E+11   8.138E-02   3.060E-04   8.844E+01   6.132E+00  -1.987E+00
27  6.517E-01   4.815E+00   6.041E-03   1.642E-03   3.156E+01   8.992E+01   8.421E+01   6.753E+10   5.417E+11   2.007E+10   4.926E+08   1.133E+08   4.152E+09   6.143E+10   5.239E-02   1.673E-04   8.921E+01   8.817E+00  -1.937E+00
28  3.094E+00   1.065E+01   9.548E-03   2.538E-03   3.272E+01   1.448E+02   2.772E+02   2.467E+11   1.753E+12   3.378E+10   1.019E+09   2.086E+08   1.726E+10   2.227E+11   8.816E-02   6.112E-04   1.302E+02   7.872E+00  -1.837E+00
29  2.823E-01   4.437E+00   3.159E-03   1.301E-03   3.131E+01   5.561E+01   4.022E+01   6.859E+10   1.924E+11   1.457E+10   4.861E+08   8.924E+07   5.325E+09   6.245E+10   3.802E-02   1.699E-04   6.901E+01   3.081E+00  -2.037E+00
