-2.14874E+03  0.00000E+00
-2.10576E+03  4.45533E-08
-2.06279E+03  6.93231E-08
-2.01981E+03  1.13458E-07
-1.97684E+03  1.79929E-07
-1.93386E+03  2.80526E-07
-1.89089E+03  4.53255E-07
-1.84791E+03  7.80465E-07
-1.80494E+03  1.37485E-06
-1.76196E+03  2.30868E-06
-1.71899E+03  3.64166E-06
-1.67602E+03  6.09946E-06
-1.63304E+03  1.32775E-05
-1.59007E+03  3.54207E-05
-1.54709E+03  9.09575E-05
-1.50412E+03  1.96774E-04
-1.46114E+03  3.43967E-04
-1.41817E+03  4.82887E-04
-1.37519E+03  5.53548E-04
-1.33222E+03  5.59383E-04
-1.28924E+03  6.31754E-04
-1.24627E+03  1.05020E-03
-1.20329E+03  2.28467E-03
-1.16032E+03  5.07672E-03
-1.11734E+03  1.05154E-02
-1.07437E+03  1.99965E-02
-1.03139E+03  3.51570E-02
-9.88419E+02  5.81595E-02
-9.45444E+02  9.23811E-02
-9.02470E+02  1.42472E-01
-8.59495E+02  2.12906E-01
-8.16520E+02  3.06557E-01
-7.73545E+02  4.26135E-01
-7.30571E+02  5.78268E-01
-6.87596E+02  7.73674E-01
-6.44621E+02  1.01653E+00
-6.01646E+02  1.29112E+00
-5.58672E+02  1.56090E+00
-5.15697E+02  1.78586E+00
-4.72722E+02  1.94286E+00
-4.29747E+02  2.02914E+00
-3.86773E+02  2.05901E+00
-3.43798E+02  2.07017E+00
-3.00823E+02  2.12152E+00
-2.57848E+02  2.26622E+00
-2.14874E+02  2.49792E+00
-1.71899E+02  2.74711E+00
-1.28924E+02  2.92770E+00
-8.59495E+01  3.00892E+00
-4.29747E+01  3.03168E+00
-1.11759E-12  3.06699E+00
 4.29747E+01  3.16340E+00
 8.59495E+01  3.32276E+00
 1.28924E+02  3.50229E+00
 1.71899E+02  3.63400E+00
 2.14874E+02  3.65762E+00
 2.57848E+02  3.54979E+00
 3.00823E+02  3.32731E+00
 3.43798E+02  3.03109E+00
 3.86773E+02  2.69915E+00
 4.29747E+02  2.35584E+00
 4.72722E+02  2.01162E+00
 5.15697E+02  1.67987E+00
 5.58672E+02  1.38676E+00
 6.01646E+02  1.16069E+00
 6.44621E+02  1.00983E+00
 6.87596E+02  9.12773E-01
 7.30571E+02  8.31740E-01
 7.73545E+02  7.33736E-01
 8.16520E+02  6.04665E-01
 8.59495E+02  4.52352E-01
 9.02470E+02  3.00605E-01
 9.45444E+02  1.74714E-01
 9.88419E+02  8.81089E-02
 1.03139E+03  3.86173E-02
 1.07437E+03  1.49401E-02
 1.11734E+03  5.30309E-03
 1.16032E+03  1.85927E-03
 1.20329E+03  7.21378E-04
 1.24627E+03  3.51600E-04
 1.28924E+03  2.22511E-04
 1.33222E+03  1.59472E-04
 1.37519E+03  1.09075E-04
 1.41817E+03  6.47928E-05
 1.46114E+03  3.25296E-05
 1.50412E+03  1.41199E-05
 1.54709E+03  5.75881E-06
 1.59007E+03  2.54516E-06
 1.63304E+03  1.37619E-06
 1.67602E+03  1.02341E-06
 1.71899E+03  1.33307E-06
 1.76196E+03  2.74948E-06
 1.80494E+03  6.12865E-06
 1.84791E+03  1.22497E-05
 1.89089E+03  2.09381E-05
 1.93386E+03  3.03693E-05
 1.97684E+03  3.73525E-05
 2.01981E+03  3.88028E-05
 2.06279E+03  3.37724E-05
 2.10576E+03  2.43366E-05
 2.14874E+03  1.43619E-05
