-4.12143E+02  0.00000E+00
-4.03900E+02  5.48211E-07
-3.95658E+02  5.14679E-07
-3.87415E+02  6.93953E-07
-3.79172E+02  1.77969E-06
-3.70929E+02  5.88135E-06
-3.62686E+02  1.78663E-05
-3.54443E+02  4.62444E-05
-3.46200E+02  1.01272E-04
-3.37957E+02  1.88906E-04
-3.29715E+02  3.03847E-04
-3.21472E+02  4.28445E-04
-3.13229E+02  5.42759E-04
-3.04986E+02  6.39266E-04
-2.96743E+02  7.26048E-04
-2.88500E+02  8.20581E-04
-2.80257E+02  9.41524E-04
-2.72015E+02  1.10629E-03
-2.63772E+02  1.33481E-03
-2.55529E+02  1.66274E-03
-2.47286E+02  2.18273E-03
-2.39043E+02  3.13708E-03
-2.30800E+02  5.02541E-03
-2.22557E+02  8.65292E-03
-2.14314E+02  1.50722E-02
-2.06072E+02  2.53847E-02
-1.97829E+02  4.03970E-02
-1.89586E+02  6.01898E-02
-1.81343E+02  8.37420E-02
-1.73100E+02  1.08771E-01
-1.64857E+02  1.32024E-01
-1.56614E+02  1.50197E-01
-1.48372E+02  1.61213E-01
-1.40129E+02  1.65210E-01
-1.31886E+02  1.64648E-01
-1.23643E+02  1.63376E-01
-1.15400E+02  1.65309E-01
-1.07157E+02  1.73673E-01
-9.89144E+01  1.90873E-01
-9.06715E+01  2.18412E-01
-8.24286E+01  2.56525E-01
-7.41858E+01  3.03636E-01
-6.59429E+01  3.56209E-01
-5.77001E+01  4.09731E-01
-4.94572E+01  4.60321E-01
-4.12143E+01  5.06224E-01
-3.29715E+01  5.47789E-01
-2.47286E+01  5.86018E-01
-1.64857E+01  6.20289E-01
-8.24286E+00  6.47162E-01
 2.79397E-14  6.61503E-01
 8.24286E+00  6.59282E-01
 1.64857E+01  6.40143E-01
 2.47286E+01  6.07713E-01
 3.29715E+01  5.68295E-01
 4.12143E+01  5.28923E-01
 4.94572E+01  4.95386E-01
 5.77001E+01  4.70854E-01
 6.59429E+01  4.55319E-01
 7.41858E+01  4.46040E-01
 8.24286E+01  4.38966E-01
 9.06715E+01  4.30495E-01
 9.89144E+01  4.18794E-01
 1.07157E+02  4.04077E-01
 1.15400E+02  3.87730E-01
 1.23643E+02  3.70991E-01
 1.31886E+02  3.54188E-01
 1.40129E+02  3.36697E-01
 1.48372E+02  3.17508E-01
 1.56614E+02  2.95894E-01
 1.64857E+02  2.71742E-01
 1.73100E+02  2.45520E-01
 1.81343E+02  2.18060E-01
 1.89586E+02  1.90365E-01
 1.97829E+02  1.63432E-01
 2.06072E+02  1.38164E-01
 2.14314E+02  1.15439E-01
 2.22557E+02  9.61683E-02
 2.30800E+02  8.10651E-02
 2.39043E+02  7.01463E-02
 2.47286E+02  6.23231E-02
 2.55529E+02  5.56417E-02
 2.63772E+02  4.82402E-02
 2.72015E+02  3.93575E-02
 2.80257E+02  2.96220E-02
 2.88500E+02  2.04404E-02
 2.96743E+02  1.30444E-02
 3.04986E+02  7.90753E-03
 3.13229E+02  4.77341E-03
 3.21472E+02  3.03258E-03
 3.29715E+02  2.08360E-03
 3.37957E+02  1.51004E-03
 3.46200E+02  1.09520E-03
 3.54443E+02  7.58904E-04
 3.62686E+02  4.88581E-04
 3.70929E+02  2.89830E-04
 3.79172E+02  1.59347E-04
 3.87415E+02  8.20388E-05
 3.95658E+02  4.01787E-05
 4.03900E+02  1.95949E-05
 4.12143E+02  1.03720E-05
