-4.24770E+02  0.00000E+00
-4.16274E+02  3.63684E-03
-4.07779E+02  4.82631E-03
-3.99284E+02  6.17427E-03
-3.90788E+02  7.10318E-03
-3.82293E+02  7.68017E-03
-3.73797E+02  8.17356E-03
-3.65302E+02  8.07336E-03
-3.56807E+02  7.31027E-03
-3.48311E+02  6.45876E-03
-3.39816E+02  5.71547E-03
-3.31320E+02  5.56811E-03
-3.22825E+02  6.31179E-03
-3.14330E+02  7.60357E-03
-3.05834E+02  9.33534E-03
-2.97339E+02  1.12450E-02
-2.88843E+02  1.29098E-02
-2.80348E+02  1.42922E-02
-2.71853E+02  1.49814E-02
-2.63357E+02  1.40946E-02
-2.54862E+02  1.31725E-02
-2.46366E+02  1.35205E-02
-2.37871E+02  1.38396E-02
-2.29376E+02  1.52335E-02
-2.20880E+02  1.80136E-02
-2.12385E+02  2.09120E-02
-2.03890E+02  2.36756E-02
-1.95394E+02  2.54414E-02
-1.86899E+02  2.77740E-02
-1.78403E+02  3.19938E-02
-1.69908E+02  3.82181E-02
-1.61413E+02  4.60368E-02
-1.52917E+02  5.61634E-02
-1.44422E+02  6.95638E-02
-1.35926E+02  8.52556E-02
-1.27431E+02  1.00790E-01
-1.18936E+02  1.12841E-01
-1.10440E+02  1.19597E-01
-1.01945E+02  1.19406E-01
-9.34494E+01  1.13543E-01
-8.49540E+01  1.06456E-01
-7.64586E+01  1.01731E-01
-6.79632E+01  9.96928E-02
-5.94678E+01  9.90036E-02
-5.09724E+01  9.71491E-02
-4.24770E+01  9.18489E-02
-3.39816E+01  8.56407E-02
-2.54862E+01  8.11653E-02
-1.69908E+01  7.97323E-02
-8.49540E+00  8.15857E-02
-1.86265E-14  8.66395E-02
 8.49540E+00  9.04953E-02
 1.69908E+01  8.94796E-02
 2.54862E+01  8.86234E-02
 3.39816E+01  8.91031E-02
 4.24770E+01  8.78551E-02
 5.09724E+01  8.80687E-02
 5.94678E+01  9.16218E-02
 6.79632E+01  9.63316E-02
 7.64586E+01  9.67178E-02
 8.49540E+01  9.55329E-02
 9.34494E+01  8.84867E-02
 1.01945E+02  8.07461E-02
 1.10440E+02  7.53137E-02
 1.18936E+02  6.97934E-02
 1.27431E+02  6.66006E-02
 1.35926E+02  5.46065E-02
 1.44422E+02  4.24225E-02
 1.52917E+02  3.44024E-02
 1.61413E+02  2.91300E-02
 1.69908E+02  2.53932E-02
 1.78403E+02  2.21233E-02
 1.86899E+02  2.05410E-02
 1.95394E+02  1.99013E-02
 2.03890E+02  1.98060E-02
 2.12385E+02  1.89308E-02
 2.20880E+02  1.91240E-02
 2.29376E+02  1.78879E-02
 2.37871E+02  1.60263E-02
 2.46366E+02  1.54284E-02
 2.54862E+02  1.53658E-02
 2.63357E+02  1.42895E-02
 2.71853E+02  1.26154E-02
 2.80348E+02  1.09005E-02
 2.88843E+02  1.14667E-02
 2.97339E+02  1.03428E-02
 3.05834E+02  8.77367E-03
 3.14330E+02  8.50528E-03
 3.22825E+02  8.37414E-03
 3.31320E+02  7.01240E-03
 3.39816E+02  5.43175E-03
 3.48311E+02  4.43684E-03
 3.56807E+02  3.94996E-03
 3.65302E+02  3.53435E-03
 3.73797E+02  2.89995E-03
 3.82293E+02  8.76060E-04
 3.90788E+02  4.69335E-04
 3.99284E+02  2.83388E-04
 4.07779E+02  1.78700E-03
 4.16274E+02  1.91341E-03
 4.24770E+02  1.32598E-03
