-7.04957E+02  0.00000E+00
-6.90858E+02  6.77046E-04
-6.76759E+02  3.09962E-04
-6.62659E+02  1.14092E-04
-6.48560E+02  3.72637E-05
-6.34461E+02  2.70734E-05
-6.20362E+02  7.67100E-05
-6.06263E+02  2.41566E-04
-5.92164E+02  6.37876E-04
-5.78065E+02  1.39995E-03
-5.63965E+02  2.59421E-03
-5.49866E+02  4.04979E-03
-5.35767E+02  5.55358E-03
-5.21668E+02  6.84472E-03
-5.07569E+02  7.84949E-03
-4.93470E+02  8.52260E-03
-4.79371E+02  9.11216E-03
-4.65271E+02  9.82111E-03
-4.51172E+02  1.09085E-02
-4.37073E+02  1.24345E-02
-4.22974E+02  1.41598E-02
-4.08875E+02  1.67088E-02
-3.94776E+02  2.04350E-02
-3.80677E+02  2.57804E-02
-3.66578E+02  3.25387E-02
-3.52478E+02  4.02428E-02
-3.38379E+02  4.83270E-02
-3.24280E+02  5.59890E-02
-3.10181E+02  6.26707E-02
-2.96082E+02  6.71810E-02
-2.81983E+02  7.01008E-02
-2.67884E+02  7.29605E-02
-2.53784E+02  7.75996E-02
-2.39685E+02  8.72322E-02
-2.25586E+02  1.02119E-01
-2.11487E+02  1.19725E-01
-1.97388E+02  1.36627E-01
-1.83289E+02  1.46884E-01
-1.69190E+02  1.47202E-01
-1.55090E+02  1.37980E-01
-1.40991E+02  1.23292E-01
-1.26892E+02  1.08353E-01
-1.12793E+02  9.56004E-02
-9.86940E+01  8.46936E-02
-8.45948E+01  7.63803E-02
-7.04957E+01  6.93887E-02
-5.63965E+01  6.37468E-02
-4.22974E+01  6.11005E-02
-2.81983E+01  6.20793E-02
-1.40991E+01  6.57582E-02
 9.77889E-14  7.20781E-02
 1.40991E+01  7.82754E-02
 2.81983E+01  7.93389E-02
 4.22974E+01  7.57818E-02
 5.63965E+01  7.38539E-02
 7.04957E+01  7.13791E-02
 8.45948E+01  7.08082E-02
 9.86940E+01  7.26622E-02
 1.12793E+02  7.73243E-02
 1.26892E+02  8.15654E-02
 1.40991E+02  8.51183E-02
 1.55090E+02  8.66353E-02
 1.69190E+02  8.74258E-02
 1.83289E+02  9.05855E-02
 1.97388E+02  9.87365E-02
 2.11487E+02  1.11809E-01
 2.25586E+02  1.28925E-01
 2.39685E+02  1.45363E-01
 2.53784E+02  1.54241E-01
 2.67884E+02  1.51617E-01
 2.81983E+02  1.37092E-01
 2.96082E+02  1.13417E-01
 3.10181E+02  8.69578E-02
 3.24280E+02  6.24099E-02
 3.38379E+02  4.27937E-02
 3.52478E+02  2.87109E-02
 3.66578E+02  1.96378E-02
 3.80677E+02  1.41521E-02
 3.94776E+02  1.08648E-02
 4.08875E+02  8.98315E-03
 4.22974E+02  7.64852E-03
 4.37073E+02  6.44003E-03
 4.51172E+02  5.38070E-03
 4.65271E+02  4.43552E-03
 4.79371E+02  3.85783E-03
 4.93470E+02  3.64332E-03
 5.07569E+02  3.48001E-03
 5.21668E+02  3.12675E-03
 5.35767E+02  2.58387E-03
 5.49866E+02  1.86109E-03
 5.63965E+02  1.14148E-03
 5.78065E+02  6.08287E-04
 5.92164E+02  2.89487E-04
 6.06263E+02  1.29151E-04
 6.20362E+02  5.51001E-05
 6.34461E+02  2.54696E-05
 6.48560E+02  1.90634E-05
 6.62659E+02  2.68357E-05
 6.76759E+02  4.71494E-05
 6.90858E+02  7.51580E-05
 7.04957E+02  9.92018E-05
