-4.12049E+02  0.00000E+00
-4.03808E+02  9.69239E-06
-3.95567E+02  8.80912E-06
-3.87326E+02  6.49552E-06
-3.79085E+02  4.62658E-06
-3.70844E+02  5.14352E-06
-3.62603E+02  1.14883E-05
-3.54362E+02  3.12898E-05
-3.46121E+02  7.88731E-05
-3.37880E+02  1.78571E-04
-3.29639E+02  3.63331E-04
-3.21398E+02  6.19838E-04
-3.13157E+02  8.49583E-04
-3.04916E+02  1.00172E-03
-2.96675E+02  1.09808E-03
-2.88434E+02  1.18893E-03
-2.80193E+02  1.27105E-03
-2.71952E+02  1.37701E-03
-2.63711E+02  1.52568E-03
-2.55470E+02  1.74013E-03
-2.47229E+02  2.12431E-03
-2.38988E+02  2.79509E-03
-2.30747E+02  3.88450E-03
-2.22506E+02  5.48400E-03
-2.14265E+02  7.79429E-03
-2.06024E+02  1.10516E-02
-1.97783E+02  1.57139E-02
-1.89542E+02  2.23066E-02
-1.81301E+02  3.05479E-02
-1.73060E+02  4.01030E-02
-1.64819E+02  4.93879E-02
-1.56578E+02  5.62202E-02
-1.48337E+02  6.06293E-02
-1.40097E+02  6.35474E-02
-1.31856E+02  6.58650E-02
-1.23615E+02  6.92865E-02
-1.15374E+02  7.46999E-02
-1.07133E+02  8.14589E-02
-9.88917E+01  8.85887E-02
-9.06507E+01  9.65552E-02
-8.24097E+01  1.06852E-01
-7.41687E+01  1.17096E-01
-6.59278E+01  1.23648E-01
-5.76868E+01  1.26916E-01
-4.94458E+01  1.30336E-01
-4.12049E+01  1.34684E-01
-3.29639E+01  1.39626E-01
-2.47229E+01  1.47936E-01
-1.64819E+01  1.57996E-01
-8.24097E+00  1.66982E-01
 2.09548E-14  1.72477E-01
 8.24097E+00  1.72608E-01
 1.64819E+01  1.69993E-01
 2.47229E+01  1.65706E-01
 3.29639E+01  1.60097E-01
 4.12049E+01  1.54519E-01
 4.94458E+01  1.47746E-01
 5.76868E+01  1.40014E-01
 6.59278E+01  1.33104E-01
 7.41687E+01  1.28499E-01
 8.24097E+01  1.25325E-01
 9.06507E+01  1.19616E-01
 9.88917E+01  1.10068E-01
 1.07133E+02  9.87393E-02
 1.15374E+02  8.72978E-02
 1.23615E+02  7.65717E-02
 1.31856E+02  6.78534E-02
 1.40097E+02  6.15940E-02
 1.48337E+02  5.82915E-02
 1.56578E+02  5.74850E-02
 1.64819E+02  5.75618E-02
 1.73060E+02  5.85266E-02
 1.81301E+02  5.97155E-02
 1.89542E+02  5.99498E-02
 1.97783E+02  5.89702E-02
 2.06024E+02  5.70190E-02
 2.14265E+02  5.35799E-02
 2.22506E+02  5.06243E-02
 2.30747E+02  4.90383E-02
 2.38988E+02  4.78380E-02
 2.47229E+02  4.66138E-02
 2.55470E+02  4.54320E-02
 2.63711E+02  4.34802E-02
 2.71952E+02  3.97036E-02
 2.80193E+02  3.39886E-02
 2.88434E+02  2.74885E-02
 2.96675E+02  2.07315E-02
 3.04916E+02  1.42093E-02
 3.13157E+02  8.83837E-03
 3.21398E+02  5.36845E-03
 3.29639E+02  3.13056E-03
 3.37880E+02  2.00738E-03
 3.46121E+02  1.50515E-03
 3.54362E+02  1.43111E-03
 3.62603E+02  1.19593E-03
 3.70844E+02  8.33628E-04
 3.79085E+02  7.20722E-04
 3.87326E+02  6.89193E-04
 3.95567E+02  9.92656E-04
 4.03808E+02  9.94289E-04
 4.12049E+02  6.55276E-04
