-6.05568E+02  0.00000E+00
-5.93456E+02  3.98362E-07
-5.81345E+02  1.35019E-06
-5.69234E+02  3.68139E-06
-5.57122E+02  8.07720E-06
-5.45011E+02  1.42867E-05
-5.32899E+02  2.04467E-05
-5.20788E+02  2.37075E-05
-5.08677E+02  2.26419E-05
-4.96565E+02  1.96124E-05
-4.84454E+02  1.96160E-05
-4.72343E+02  2.82746E-05
-4.60231E+02  5.28304E-05
-4.48120E+02  1.07203E-04
-4.36009E+02  2.16689E-04
-4.23897E+02  4.07067E-04
-4.11786E+02  6.73835E-04
-3.99675E+02  1.06718E-03
-3.87563E+02  1.58420E-03
-3.75452E+02  2.21740E-03
-3.63341E+02  3.27505E-03
-3.51229E+02  4.79035E-03
-3.39118E+02  7.09456E-03
-3.27007E+02  1.06361E-02
-3.14895E+02  1.50109E-02
-3.02784E+02  1.96602E-02
-2.90672E+02  2.50382E-02
-2.78561E+02  3.15923E-02
-2.66450E+02  4.11418E-02
-2.54338E+02  5.26838E-02
-2.42227E+02  6.62816E-02
-2.30116E+02  8.08350E-02
-2.18004E+02  9.32814E-02
-2.05893E+02  1.02946E-01
-1.93782E+02  1.11142E-01
-1.81670E+02  1.20050E-01
-1.69559E+02  1.33387E-01
-1.57448E+02  1.50089E-01
-1.45336E+02  1.67443E-01
-1.33225E+02  1.84186E-01
-1.21114E+02  1.99613E-01
-1.09002E+02  2.13583E-01
-9.68908E+01  2.22159E-01
-8.47795E+01  2.23226E-01
-7.26681E+01  2.20895E-01
-6.05568E+01  2.17118E-01
-4.84454E+01  2.15383E-01
-3.63341E+01  2.15851E-01
-2.42227E+01  2.16708E-01
-1.21114E+01  2.16353E-01
-4.37722E-13  2.13287E-01
 1.21114E+01  2.09324E-01
 2.42227E+01  2.04396E-01
 3.63341E+01  1.97674E-01
 4.84454E+01  1.93183E-01
 6.05568E+01  1.92007E-01
 7.26681E+01  1.87619E-01
 8.47795E+01  1.83580E-01
 9.68908E+01  1.84132E-01
 1.09002E+02  1.87003E-01
 1.21114E+02  1.86807E-01
 1.33225E+02  1.82015E-01
 1.45336E+02  1.74001E-01
 1.57448E+02  1.60247E-01
 1.69559E+02  1.40149E-01
 1.81670E+02  1.18542E-01
 1.93782E+02  9.84320E-02
 2.05893E+02  8.36090E-02
 2.18004E+02  7.88722E-02
 2.30116E+02  7.85077E-02
 2.42227E+02  7.60333E-02
 2.54338E+02  6.99571E-02
 2.66450E+02  6.05872E-02
 2.78561E+02  5.09225E-02
 2.90672E+02  3.84866E-02
 3.02784E+02  2.41833E-02
 3.14895E+02  1.53419E-02
 3.27007E+02  9.95723E-03
 3.39118E+02  8.50327E-03
 3.51229E+02  7.51363E-03
 3.63341E+02  5.58179E-03
 3.75452E+02  4.58556E-03
 3.87563E+02  3.88018E-03
 3.99675E+02  2.91345E-03
 4.11786E+02  2.48447E-03
 4.23897E+02  1.95070E-03
 4.36009E+02  1.26667E-03
 4.48120E+02  8.52889E-04
 4.60231E+02  4.54013E-04
 4.72343E+02  3.28139E-04
 4.84454E+02  2.74812E-04
 4.96565E+02  2.25461E-04
 5.08677E+02  2.80349E-04
 5.20788E+02  4.13816E-04
 5.32899E+02  4.66361E-04
 5.45011E+02  4.05111E-04
 5.57122E+02  3.49914E-04
 5.69234E+02  2.76746E-04
 5.81345E+02  2.58757E-04
 5.93456E+02  2.48115E-04
 6.05568E+02  1.83154E-04
