 7.88283E-05  2.31380E-11
 8.25510E-05  2.49690E-11
 8.64495E-05  2.82512E-11
 9.05321E-05  3.08654E-11
 9.48075E-05  3.47574E-11
 9.92848E-05  4.01066E-11
 1.03974E-04  4.27587E-11
 1.08884E-04  4.76819E-11
 1.14026E-04  5.25040E-11
 1.19411E-04  5.59946E-11
 1.25050E-04  6.41221E-11
 1.30955E-04  6.83337E-11
 1.37140E-04  7.44417E-11
 1.43616E-04  8.36204E-11
 1.50398E-04  8.85104E-11
 1.57501E-04  1.00566E-10
 1.64939E-04  1.04422E-10
 1.72728E-04  1.17473E-10
 1.80886E-04  1.30128E-10
 1.89428E-04  1.39567E-10
 1.98374E-04  1.53684E-10
 2.07742E-04  1.62593E-10
 2.17553E-04  1.82105E-10
 2.27826E-04  1.91558E-10
 2.38586E-04  2.09569E-10
 2.49853E-04  2.20095E-10
 2.61652E-04  2.41207E-10
 2.74009E-04  2.61167E-10
 2.86949E-04  2.93276E-10
 3.00500E-04  3.03961E-10
 3.14691E-04  3.25137E-10
 3.29553E-04  3.45730E-10
 3.45116E-04  3.72780E-10
 3.61414E-04  4.12789E-10
 3.78482E-04  4.25579E-10
 3.96356E-04  4.58523E-10
 4.15074E-04  4.87288E-10
 4.34676E-04  5.27003E-10
 4.55203E-04  5.67367E-10
 4.76700E-04  6.27586E-10
 4.99213E-04  6.48756E-10
 5.22788E-04  7.05475E-10
 5.47477E-04  7.61496E-10
 5.73332E-04  7.95833E-10
 6.00407E-04  8.54402E-10
 6.28762E-04  9.01838E-10
 6.58455E-04  9.78322E-10
 6.89551E-04  1.04201E-09
 7.22115E-04  1.13104E-09
 7.56217E-04  1.20672E-09
 7.91929E-04  1.27622E-09
 8.29328E-04  1.37001E-09
 8.68493E-04  1.46712E-09
 9.09508E-04  1.54464E-09
 9.52460E-04  1.66846E-09
 9.97440E-04  1.73994E-09
 1.04454E-03  1.93912E-09
 1.09387E-03  2.05725E-09
 1.14553E-03  2.14941E-09
 1.19963E-03  2.26228E-09
 1.25628E-03  2.43642E-09
 1.31561E-03  2.51024E-09
 1.37774E-03  2.56540E-09
 1.44280E-03  2.64781E-09
 1.51094E-03  2.81406E-09
 1.58230E-03  2.99840E-09
 1.65702E-03  3.19138E-09
 1.73527E-03  3.40012E-09
 1.81722E-03  3.67429E-09
 1.90304E-03  3.83533E-09
 1.99291E-03  4.00300E-09
 2.08703E-03  4.37634E-09
 2.18559E-03  4.49625E-09
 2.28880E-03  4.68246E-09
 2.39689E-03  4.99580E-09
 2.51008E-03  5.18034E-09
 2.62862E-03  5.46916E-09
 2.75276E-03  5.69640E-09
 2.88276E-03  5.89119E-09
 3.01890E-03  6.20121E-09
 3.16147E-03  6.44020E-09
 3.31077E-03  6.71298E-09
 3.46712E-03  7.03982E-09
 3.63086E-03  7.23257E-09
 3.80232E-03  7.30251E-09
 3.98189E-03  7.56434E-09
 4.16993E-03  7.74918E-09
 4.36686E-03  7.74840E-09
 4.57309E-03  7.97928E-09
 4.78905E-03  8.05035E-09
 5.01522E-03  7.96799E-09
 5.25206E-03  8.48408E-09
 5.50009E-03  8.62990E-09
 5.75983E-03  8.48607E-09
 6.03184E-03  8.29064E-09
 6.31670E-03  8.16087E-09
 6.61500E-03  8.17774E-09
 6.92740E-03  8.00879E-09
 7.25455E-03  7.85872E-09
 7.59714E-03  8.13402E-09
 7.95592E-03  7.83855E-09
 8.33164E-03  7.56679E-09
 8.72510E-03  7.49436E-09
 9.13715E-03  7.26407E-09
 9.56865E-03  6.86507E-09
 1.00205E-02  6.64411E-09
 1.04938E-02  6.50434E-09
 1.09893E-02  6.26728E-09
 1.15083E-02  6.42224E-09
 1.20518E-02  6.40347E-09
 1.26209E-02  6.24502E-09
 1.32170E-02  6.06983E-09
 1.38411E-02  7.09470E-09
 1.44948E-02  6.62939E-09
 1.51793E-02  6.56391E-09
 1.58961E-02  6.67464E-09
 1.66468E-02  6.60393E-09
 1.74330E-02  6.34918E-09
 1.82563E-02  8.15868E-09
 1.91184E-02  7.41375E-09
 2.00213E-02  6.98265E-09
 2.09668E-02  6.92374E-09
 2.19570E-02  6.38279E-09
 2.29939E-02  6.35620E-09
 2.40798E-02  5.91596E-09
 2.52169E-02  5.71504E-09
 2.64078E-02  5.30517E-09
 2.76549E-02  5.20313E-09
 2.89609E-02  4.87777E-09
 3.03286E-02  4.57084E-09
 3.17609E-02  4.33428E-09
 3.32608E-02  4.50144E-09
 3.48316E-02  5.73951E-09
 3.64765E-02  6.00529E-09
 3.81991E-02  7.30883E-09
 4.00031E-02  8.33948E-09
 4.18922E-02  9.87779E-09
 4.38706E-02  1.11133E-08
 4.59424E-02  1.22150E-08
 4.81120E-02  1.32804E-08
 5.03841E-02  1.37234E-08
 5.27635E-02  1.42916E-08
 5.52553E-02  1.45746E-08
 5.78647E-02  1.43264E-08
 6.05974E-02  1.40449E-08
 6.34591E-02  1.32750E-08
 6.64560E-02  1.21370E-08
 6.95944E-02  1.10403E-08
 7.28810E-02  9.60059E-09
 7.63228E-02  8.21825E-09
 7.99272E-02  6.89792E-09
 8.37017E-02  5.67869E-09
 8.76546E-02  4.56140E-09
 9.17941E-02  3.60160E-09
 9.61291E-02  2.82847E-09
 1.00669E-01  2.09180E-09
 1.05423E-01  1.51906E-09
 1.10401E-01  1.06272E-09
 1.15615E-01  7.23689E-10
 1.21075E-01  4.79635E-10
 1.26793E-01  3.07970E-10
 1.32781E-01  1.91163E-10
 1.39051E-01  1.15041E-10
 1.45618E-01  6.65990E-11
 1.52495E-01  3.70607E-11
 1.59697E-01  2.00026E-11
 1.67238E-01  1.04959E-11
 1.75136E-01  6.84724E-12
 1.83407E-01  4.75556E-12
 1.92068E-01  4.45606E-12
 2.01139E-01  1.96833E-12
 2.10638E-01  1.09762E-12
 2.20585E-01  3.56561E-13
 2.31002E-01  2.03068E-13
 2.41911E-01  1.02732E-13
 2.53336E-01  4.50266E-14
 2.65300E-01  1.59750E-14
 2.77828E-01  6.29931E-15
 2.90949E-01  2.89202E-15
 3.04689E-01  1.22929E-15
 3.19078E-01  6.29419E-16
 3.34146E-01  2.51641E-16
 3.49927E-01  1.26350E-16
 3.66452E-01  6.57557E-17
 3.83758E-01  3.96755E-17
 4.01881E-01  3.01107E-17
 4.20860E-01  1.56115E-17
 4.40735E-01  1.99407E-17
 4.61549E-01  2.23544E-17
 4.83345E-01  4.03755E-17
 5.06171E-01  7.65103E-17
 5.30075E-01  2.87092E-16
 5.55108E-01  1.92871E-15
 5.81323E-01  2.23286E-14
 6.08777E-01  6.34809E-13
 6.37526E-01  5.27531E-11
 6.67633E-01  1.25129E-08
 6.99163E-01  2.05316E-05
 7.32181E-01  1.21273E-04
 7.66758E-01  1.46338E-04
 8.02968E-01  1.67605E-04
 8.40889E-01  1.96292E-04
 8.80600E-01  2.02037E-04
 9.08427E-01  1.83369E-04
 9.08533E-01  1.83297E-04
 9.08639E-01  1.83224E-04
 9.08745E-01  1.83151E-04
 9.08851E-01  1.83079E-04
 9.08957E-01  1.83006E-04
 9.09064E-01  1.82933E-04
 9.09170E-01  1.82860E-04
 9.09276E-01  1.82787E-04
 9.09382E-01  1.82715E-04
 9.09489E-01  1.82642E-04
 9.09595E-01  1.82569E-04
 9.09701E-01  1.82496E-04
 9.09808E-01  1.82423E-04
 9.09914E-01  1.82350E-04
 9.10020E-01  1.82277E-04
 9.10127E-01  1.82204E-04
 9.10233E-01  1.82131E-04
 9.10340E-01  1.82058E-04
 9.10446E-01  1.81985E-04
 9.10553E-01  1.81912E-04
 9.10659E-01  1.81838E-04
 9.10766E-01  1.81765E-04
 9.10873E-01  1.81692E-04
 9.10979E-01  1.81619E-04
 9.11086E-01  1.81546E-04
 9.11192E-01  1.81472E-04
 9.11299E-01  1.81399E-04
 9.11406E-01  1.81325E-04
 9.11513E-01  1.81252E-04
 9.11619E-01  1.81179E-04
 9.11726E-01  1.81105E-04
 9.11833E-01  1.81032E-04
 9.11940E-01  1.80958E-04
 9.12047E-01  1.80885E-04
 9.12154E-01  1.80811E-04
 9.12261E-01  1.80738E-04
 9.12368E-01  1.80664E-04
 9.12475E-01  1.80590E-04
 9.12582E-01  1.80517E-04
 9.12689E-01  1.80443E-04
 9.12796E-01  1.80369E-04
 9.12903E-01  1.80295E-04
 9.13010E-01  1.80222E-04
 9.13117E-01  1.80148E-04
 9.13224E-01  1.80074E-04
 9.13331E-01  1.80000E-04
 9.13438E-01  1.79926E-04
 9.13546E-01  1.79852E-04
 9.13653E-01  1.79778E-04
 9.13760E-01  1.79704E-04
 9.13868E-01  1.79630E-04
 9.13975E-01  1.79556E-04
 9.14082E-01  1.79482E-04
 9.14190E-01  1.79408E-04
 9.14297E-01  1.79334E-04
 9.14404E-01  1.79260E-04
 9.14512E-01  1.79186E-04
 9.14619E-01  1.79111E-04
 9.14727E-01  1.79037E-04
 9.14834E-01  1.78963E-04
 9.14942E-01  1.78888E-04
 9.15050E-01  1.78814E-04
 9.15157E-01  1.78740E-04
 9.15265E-01  1.78665E-04
 9.15372E-01  1.78591E-04
 9.15480E-01  1.78516E-04
 9.15588E-01  1.78442E-04
 9.15696E-01  1.78367E-04
 9.15803E-01  1.78293E-04
 9.15911E-01  1.78218E-04
 9.16019E-01  1.78144E-04
 9.16127E-01  1.78069E-04
 9.16235E-01  1.77995E-04
 9.16342E-01  1.77920E-04
 9.16450E-01  1.77845E-04
 9.16558E-01  1.77770E-04
 9.16666E-01  1.77696E-04
 9.16774E-01  1.77621E-04
 9.16882E-01  1.77546E-04
 9.16990E-01  1.77471E-04
 9.17098E-01  1.77396E-04
 9.17206E-01  1.77321E-04
 9.17315E-01  1.77246E-04
 9.17423E-01  1.77171E-04
 9.17531E-01  1.77096E-04
 9.17639E-01  1.77021E-04
 9.17747E-01  1.76946E-04
 9.17856E-01  1.76871E-04
 9.17964E-01  1.76796E-04
 9.18072E-01  1.76721E-04
 9.18180E-01  1.76646E-04
 9.18289E-01  1.76571E-04
 9.18397E-01  1.76495E-04
 9.18506E-01  1.76420E-04
 9.18614E-01  1.76345E-04
 9.18722E-01  1.76270E-04
 9.18831E-01  1.76194E-04
 9.18939E-01  1.76119E-04
 9.19048E-01  1.76043E-04
 9.19156E-01  1.75968E-04
 9.19265E-01  1.75893E-04
 9.19374E-01  1.75817E-04
 9.19482E-01  1.75742E-04
 9.19591E-01  1.75666E-04
 9.19700E-01  1.75590E-04
 9.19808E-01  1.75515E-04
 9.19917E-01  1.75439E-04
 9.20026E-01  1.75363E-04
 9.20135E-01  1.75288E-04
 9.20243E-01  1.75212E-04
 9.20352E-01  1.75136E-04
 9.20461E-01  1.75061E-04
 9.20570E-01  1.74985E-04
 9.20679E-01  1.74909E-04
 9.20788E-01  1.74833E-04
 9.20897E-01  1.74757E-04
 9.21006E-01  1.74681E-04
 9.21115E-01  1.74605E-04
 9.21224E-01  1.74529E-04
 9.21333E-01  1.74453E-04
 9.21442E-01  1.74377E-04
 9.21551E-01  1.74301E-04
 9.21660E-01  1.74225E-04
 9.21769E-01  1.74149E-04
 9.21879E-01  1.74073E-04
 9.21988E-01  1.73996E-04
 9.22097E-01  1.73921E-04
 9.22186E-01  1.73858E-04
 9.22206E-01  1.73875E-04
 9.22316E-01  1.73972E-04
 9.22425E-01  1.74068E-04
 9.22534E-01  1.74243E-04
 9.22644E-01  1.74260E-04
 9.22753E-01  1.74357E-04
 9.22862E-01  1.74453E-04
 9.22972E-01  1.74553E-04
 9.23081E-01  1.74646E-04
 9.23191E-01  1.74742E-04
 9.23300E-01  1.74838E-04
 9.23410E-01  1.74935E-04
 9.23520E-01  1.75037E-04
 9.23629E-01  1.75128E-04
 9.23739E-01  1.75224E-04
 9.23848E-01  1.75321E-04
 9.23958E-01  1.75418E-04
 9.24068E-01  1.75514E-04
 9.24178E-01  1.75611E-04
 9.24287E-01  1.76070E-04
 9.24397E-01  1.75807E-04
 9.24507E-01  1.75901E-04
 9.24617E-01  1.75998E-04
 9.24727E-01  1.76095E-04
 9.24837E-01  1.77087E-04
 9.24946E-01  1.76289E-04
 9.25056E-01  1.76386E-04
 9.25166E-01  1.76483E-04
 9.25276E-01  1.76580E-04
 9.25386E-01  1.76677E-04
 9.25496E-01  1.76775E-04
 9.25607E-01  1.76871E-04
 9.25717E-01  1.77088E-04
 9.25827E-01  1.77065E-04
 9.25937E-01  1.78812E-04
 9.26047E-01  1.77260E-04
 9.26157E-01  1.77357E-04
 9.26268E-01  1.77454E-04
 9.26378E-01  1.77552E-04
 9.26488E-01  1.77649E-04
 9.26598E-01  1.77957E-04
 9.26709E-01  1.78550E-04
 9.26819E-01  1.77941E-04
 9.26929E-01  1.78039E-04
 9.27040E-01  1.79124E-04
 9.27150E-01  1.78237E-04
 9.27261E-01  1.78331E-04
 9.27371E-01  1.78713E-04
 9.27482E-01  1.92426E-04
 9.27592E-01  1.80856E-04
 9.27703E-01  1.79206E-04
 9.27814E-01  1.79074E-04
 9.27924E-01  1.80415E-04
 9.28035E-01  1.79016E-04
 9.28146E-01  1.80848E-04
 9.28256E-01  1.79211E-04
 9.28367E-01  1.79309E-04
 9.28478E-01  1.80465E-04
 9.28589E-01  1.79748E-04
 9.28699E-01  1.79603E-04
 9.28810E-01  1.79750E-04
 9.28921E-01  1.85320E-04
 9.29032E-01  1.80275E-04
 9.29143E-01  1.80032E-04
 9.29254E-01  1.80107E-04
 9.29365E-01  1.80203E-04
 9.29476E-01  1.80450E-04
 9.29587E-01  1.87154E-04
 9.29698E-01  1.85014E-04
 9.29809E-01  1.82956E-04
 9.29920E-01  1.85708E-04
 9.30031E-01  1.80786E-04
 9.30142E-01  1.80880E-04
 9.30254E-01  1.81485E-04
 9.30365E-01  1.81674E-04
 9.30476E-01  1.81178E-04
 9.30587E-01  1.85139E-04
 9.30699E-01  1.89872E-04
 9.30810E-01  1.82348E-04
 9.30921E-01  1.81610E-04
 9.31033E-01  1.83826E-04
 9.31144E-01  1.82785E-04
 9.31255E-01  1.84505E-04
 9.31367E-01  1.82367E-04
 9.31478E-01  1.88612E-04
 9.31590E-01  1.86978E-04
 9.31701E-01  1.85352E-04
 9.31813E-01  1.84890E-04
 9.31925E-01  1.93471E-04
 9.32036E-01  1.82574E-04
 9.32148E-01  1.85407E-04
 9.32259E-01  1.92120E-04
 9.32371E-01  1.88579E-04
 9.32483E-01  1.86999E-04
 9.32595E-01  2.06621E-04
 9.32706E-01  1.98049E-04
 9.32818E-01  1.97468E-04
 9.32930E-01  1.91211E-04
 9.33042E-01  2.15155E-04
 9.33154E-01  2.00387E-04
 9.33266E-01  2.12136E-04
 9.33378E-01  2.04698E-04
 9.33490E-01  1.86320E-04
 9.33602E-01  2.30323E-04
 9.33714E-01  2.31157E-04
 9.33826E-01  2.30123E-04
 9.33938E-01  2.48526E-04
 9.34050E-01  2.33563E-04
 9.34162E-01  2.61836E-04
 9.34274E-01  4.06109E-04
 9.34386E-01  3.95730E-04
 9.34498E-01  6.26950E-04
 9.34611E-01  6.61254E-04
 9.34723E-01  8.44824E-04
 9.34835E-01  1.26237E-03
 9.34947E-01  1.72946E-03
 9.35060E-01  1.98148E-03
 9.35172E-01  2.22379E-03
 9.35285E-01  2.76488E-03
 9.35397E-01  3.03425E-03
 9.35509E-01  3.44424E-03
 9.35622E-01  3.73392E-03
 9.35734E-01  3.85171E-03
 9.35847E-01  4.12445E-03
 9.35959E-01  4.40593E-03
 9.36072E-01  4.32524E-03
 9.36185E-01  4.39921E-03
 9.36297E-01  4.27677E-03
 9.36410E-01  4.42258E-03
 9.36523E-01  4.35867E-03
 9.36635E-01  4.22360E-03
 9.36748E-01  3.74899E-03
 9.36861E-01  3.68469E-03
 9.36974E-01  3.63563E-03
 9.37087E-01  3.78888E-03
 9.37199E-01  3.53928E-03
 9.37312E-01  3.49532E-03
 9.37425E-01  3.17346E-03
 9.37538E-01  2.88293E-03
 9.37651E-01  2.49571E-03
 9.37764E-01  2.51545E-03
 9.37877E-01  2.49492E-03
 9.37990E-01  2.17495E-03
 9.38103E-01  2.22515E-03
 9.38216E-01  2.18709E-03
 9.38329E-01  1.77331E-03
 9.38443E-01  1.99576E-03
 9.38556E-01  1.78687E-03
 9.38669E-01  1.71815E-03
 9.38782E-01  1.74111E-03
 9.38895E-01  1.82395E-03
 9.39009E-01  1.55712E-03
 9.39122E-01  1.42763E-03
 9.39235E-01  1.45751E-03
 9.39349E-01  1.37095E-03
 9.39462E-01  1.09364E-03
 9.39576E-01  1.08567E-03
 9.39689E-01  1.14029E-03
 9.39802E-01  1.07939E-03
 9.39916E-01  1.03612E-03
 9.40030E-01  9.79910E-04
 9.40143E-01  1.00853E-03
 9.40257E-01  7.61561E-04
 9.40370E-01  9.82186E-04
 9.40484E-01  8.09499E-04
 9.40598E-01  7.77909E-04
 9.40711E-01  6.75853E-04
 9.40825E-01  5.83537E-04
 9.40939E-01  6.81123E-04
 9.41053E-01  6.39088E-04
 9.41166E-01  5.53589E-04
 9.41280E-01  5.50848E-04
 9.41394E-01  5.59150E-04
 9.41508E-01  5.08858E-04
 9.41622E-01  5.01894E-04
 9.41736E-01  4.75714E-04
 9.41850E-01  4.38572E-04
 9.41964E-01  4.49396E-04
 9.42078E-01  3.65137E-04
 9.42192E-01  3.86903E-04
 9.42306E-01  3.38322E-04
 9.42420E-01  2.96395E-04
 9.42534E-01  3.32779E-04
 9.42648E-01  3.30601E-04
 9.42763E-01  3.13458E-04
 9.42877E-01  3.02744E-04
 9.42991E-01  2.62547E-04
 9.43105E-01  2.71979E-04
 9.43220E-01  2.51022E-04
 9.43334E-01  2.53819E-04
 9.43448E-01  2.47277E-04
 9.43563E-01  2.27714E-04
 9.43677E-01  2.30156E-04
 9.43792E-01  2.14780E-04
 9.43906E-01  2.28466E-04
 9.44021E-01  2.27365E-04
 9.44135E-01  2.37350E-04
 9.44250E-01  2.12998E-04
 9.44364E-01  2.17544E-04
 9.44479E-01  2.02734E-04
 9.44594E-01  2.18617E-04
 9.44708E-01  2.05667E-04
 9.44823E-01  2.03230E-04
 9.44938E-01  1.99250E-04
 9.45052E-01  1.98772E-04
 9.45167E-01  1.96309E-04
 9.45282E-01  2.00534E-04
 9.45397E-01  2.05750E-04
 9.45512E-01  2.02382E-04
 9.45627E-01  2.02433E-04
 9.45741E-01  1.97153E-04
 9.45856E-01  1.96908E-04
 9.45971E-01  2.00136E-04
 9.46086E-01  1.96276E-04
 9.46201E-01  1.98570E-04
 9.46316E-01  1.95498E-04
 9.46432E-01  2.03949E-04
 9.46547E-01  2.00793E-04
 9.46662E-01  1.96391E-04
 9.46777E-01  1.96129E-04
 9.46892E-01  1.97754E-04
 9.47007E-01  1.96135E-04
 9.47123E-01  1.97265E-04
 9.47238E-01  1.98301E-04
 9.47353E-01  1.96875E-04
 9.47469E-01  1.97513E-04
 9.47584E-01  1.96509E-04
 9.47699E-01  1.97612E-04
 9.47815E-01  1.96671E-04
 9.47930E-01  1.97001E-04
 9.48046E-01  1.96875E-04
 9.48161E-01  1.97624E-04
 9.48277E-01  1.97489E-04
 9.48392E-01  1.97170E-04
 9.48508E-01  1.97383E-04
 9.48624E-01  1.97374E-04
 9.48739E-01  1.97478E-04
 9.48855E-01  1.99796E-04
 9.48971E-01  1.97688E-04
 9.49086E-01  1.97790E-04
 9.49202E-01  1.97932E-04
 9.49318E-01  1.97998E-04
 9.49434E-01  1.98191E-04
 9.49549E-01  1.98295E-04
 9.49665E-01  1.98311E-04
 9.49781E-01  1.98417E-04
 9.49897E-01  1.98520E-04
 9.50013E-01  1.98624E-04
 9.50129E-01  1.98728E-04
 9.50245E-01  1.98839E-04
 9.50361E-01  1.98937E-04
 9.50477E-01  1.99584E-04
 9.50593E-01  1.99146E-04
 9.50710E-01  1.99251E-04
 9.50826E-01  1.99356E-04
 9.50942E-01  1.99460E-04
 9.51058E-01  1.99565E-04
 9.51174E-01  1.99670E-04
 9.51291E-01  1.99774E-04
 9.51407E-01  1.99879E-04
 9.51523E-01  1.99984E-04
 9.51640E-01  2.00089E-04
 9.51756E-01  2.00194E-04
 9.51872E-01  2.00299E-04
 9.51989E-01  2.00404E-04
 9.52105E-01  2.00509E-04
 9.52222E-01  2.00614E-04
 9.52338E-01  2.00719E-04
 9.52455E-01  2.00824E-04
 9.52571E-01  2.00929E-04
 9.52688E-01  2.01034E-04
 9.52805E-01  2.01140E-04
 9.52921E-01  2.01245E-04
 9.53038E-01  2.01350E-04
 9.53155E-01  2.01456E-04
 9.53272E-01  2.01561E-04
 9.53388E-01  2.01666E-04
 9.53505E-01  2.01772E-04
 9.53622E-01  2.01877E-04
 9.53739E-01  2.01983E-04
 9.53856E-01  2.02088E-04
 9.53973E-01  2.02194E-04
 9.54090E-01  2.02300E-04
 9.54207E-01  2.02405E-04
 9.54324E-01  2.02511E-04
 9.54441E-01  2.02618E-04
 9.54558E-01  2.02722E-04
 9.54675E-01  2.02828E-04
 9.54792E-01  2.02934E-04
 9.54909E-01  2.03040E-04
 9.55026E-01  2.03146E-04
 9.55144E-01  2.03252E-04
 9.55261E-01  2.04703E-04
 9.55378E-01  2.03464E-04
 9.55495E-01  2.03570E-04
 9.55613E-01  2.03676E-04
 9.55730E-01  2.03782E-04
 9.55847E-01  2.03888E-04
 9.55965E-01  2.03995E-04
 9.56082E-01  2.04101E-04
 9.56200E-01  2.04207E-04
 9.56317E-01  2.04313E-04
 9.56435E-01  2.04420E-04
 9.56552E-01  2.04526E-04
 9.56670E-01  2.04633E-04
 9.56788E-01  2.04739E-04
 9.56905E-01  2.04845E-04
 9.57023E-01  2.04952E-04
 9.57141E-01  2.05059E-04
 9.57258E-01  2.05165E-04
 9.57376E-01  2.05272E-04
 9.57494E-01  2.05378E-04
 9.57612E-01  2.05485E-04
 9.57730E-01  2.05592E-04
 9.57847E-01  2.05699E-04
 9.57965E-01  2.05806E-04
 9.58083E-01  2.05912E-04
 9.58201E-01  2.06019E-04
 9.58319E-01  2.06126E-04
 9.58437E-01  2.06233E-04
 9.58555E-01  2.06340E-04
 9.58673E-01  2.06447E-04
 9.58792E-01  2.06554E-04
 9.58910E-01  2.06661E-04
 9.59028E-01  2.06769E-04
 9.59146E-01  2.06876E-04
 9.59264E-01  2.06983E-04
 9.59383E-01  2.07090E-04
 9.59501E-01  2.07197E-04
 9.59619E-01  2.07305E-04
 9.59737E-01  2.07412E-04
 9.59856E-01  2.07520E-04
 9.59974E-01  2.07627E-04
 9.60093E-01  2.07734E-04
 9.60211E-01  2.07842E-04
 9.60330E-01  2.07950E-04
 9.60448E-01  2.08057E-04
 9.60567E-01  2.08165E-04
 9.60685E-01  2.08272E-04
 9.60804E-01  2.08380E-04
 9.60923E-01  2.08488E-04
 9.61041E-01  2.08596E-04
 9.61160E-01  2.08703E-04
 9.61279E-01  2.08811E-04
 9.61397E-01  2.08919E-04
 9.61516E-01  2.09027E-04
 9.61635E-01  2.09135E-04
 9.61754E-01  2.09243E-04
 9.61873E-01  2.09351E-04
 9.61992E-01  2.09459E-04
 9.62110E-01  2.09567E-04
 9.62229E-01  2.09675E-04
 9.62348E-01  2.09783E-04
 9.62467E-01  2.09892E-04
 9.62587E-01  2.10000E-04
 9.62706E-01  2.10108E-04
 9.62825E-01  2.10217E-04
 9.62944E-01  2.10325E-04
 9.63063E-01  2.10433E-04
 9.63182E-01  2.10542E-04
 9.63301E-01  2.10650E-04
 9.63421E-01  2.10759E-04
 9.63540E-01  2.10867E-04
 9.63659E-01  2.10976E-04
 9.63779E-01  2.11084E-04
 9.63898E-01  2.11193E-04
 9.64017E-01  2.11302E-04
 9.64137E-01  2.11411E-04
 9.64256E-01  2.11519E-04
 9.64376E-01  2.11628E-04
 9.64495E-01  2.11737E-04
 9.64615E-01  2.11846E-04
 9.65737E-01  2.12868E-04
 1.01134E+00  2.31575E-04
 1.05910E+00  2.35236E-04
 1.10912E+00  2.38501E-04
 1.16150E+00  2.32150E-04
 1.21635E+00  2.24394E-04
 1.27379E+00  2.31549E-04
 1.33395E+00  2.27085E-04
 1.39695E+00  2.23242E-04
 1.46292E+00  2.10844E-04
 1.53200E+00  2.04498E-04
 1.60435E+00  1.93475E-04
 1.68012E+00  1.88027E-04
 1.75946E+00  1.86171E-04
 1.84255E+00  1.88739E-04
 1.92957E+00  1.95061E-04
 2.02069E+00  2.02948E-04
 2.11612E+00  2.02880E-04
 2.21605E+00  2.06836E-04
 2.32071E+00  2.08598E-04
 2.43030E+00  2.08504E-04
 2.54507E+00  2.09645E-04
 2.66527E+00  2.11005E-04
 2.79113E+00  2.13959E-04
 2.92295E+00  2.97828E-04
 3.06098E+00  3.60672E-04
 3.20554E+00  3.76150E-04
 3.35692E+00  3.74221E-04
 3.51545E+00  3.93538E-04
 3.68147E+00  3.84656E-04
 3.85533E+00  3.93091E-04
 4.03739E+00  3.88903E-04
 4.22806E+00  3.97576E-04
 4.42773E+00  4.02388E-04
 4.63683E+00  4.04446E-04
 4.85581E+00  4.07824E-04
 5.08512E+00  4.07154E-04
 5.32527E+00  4.20448E-04
 5.57676E+00  4.21657E-04
 5.84012E+00  4.35537E-04
 6.11592E+00  4.42080E-04
 6.40475E+00  4.51992E-04
 6.70721E+00  4.72897E-04
 7.02396E+00  5.04759E-04
 7.35567E+00  5.16303E-04
 7.70304E+00  5.29469E-04
 8.06682E+00  5.42684E-04
 8.44778E+00  5.44082E-04
 8.84673E+00  5.55821E-04
 9.26451E+00  5.63227E-04
 9.70203E+00  5.70165E-04
 1.01602E+01  5.81201E-04
 1.06400E+01  5.93896E-04
 1.11425E+01  6.12795E-04
 1.16687E+01  6.41110E-04
 1.22198E+01  6.56793E-04
 1.27969E+01  6.74356E-04
 1.34012E+01  6.60007E-04
 1.40341E+01  6.40724E-04
 1.46968E+01  6.13894E-04
 1.53909E+01  5.99188E-04
 1.61177E+01  5.83671E-04
 1.68789E+01  5.60739E-04
 1.76760E+01  5.10305E-04
 1.85107E+01  4.35742E-04
 1.93849E+01  4.25428E-04
 2.03004E+01  4.20899E-04
 2.12591E+01  4.15787E-04
 2.22630E+01  4.09299E-04
 2.33144E+01  3.89482E-04
 2.44154E+01  3.68149E-04
 2.55685E+01  3.45557E-04
 2.67759E+01  3.27162E-04
 2.80404E+01  3.05878E-04
 2.93646E+01  2.88503E-04
 3.07514E+01  2.71338E-04
 3.22036E+01  2.58549E-04
 3.37245E+01  2.12020E-04
 3.53171E+01  1.93582E-04
 3.69850E+01  1.89338E-04
 3.87316E+01  1.92084E-04
 4.05607E+01  1.96386E-04
 4.24762E+01  2.03480E-04
 4.44821E+01  2.19748E-04
 4.65828E+01  2.44511E-04
 4.87827E+01  2.71971E-04
 5.10864E+01  3.11755E-04
 5.34990E+01  3.69545E-04
 5.60255E+01  4.72188E-04
 5.86713E+01  7.12635E-04
 6.14421E+01  1.24477E-03
 6.43437E+01  2.28249E-03
 6.73823E+01  3.90468E-03
 7.05645E+01  6.37623E-03
 7.38969E+01  9.26524E-03
 7.73867E+01  1.21885E-02
 8.10413E+01  1.53651E-02
 8.48685E+01  1.83729E-02
 8.88764E+01  2.15062E-02
 9.30736E+01  2.44081E-02
 9.74691E+01  2.71384E-02
 1.02072E+02  2.96858E-02
 1.06892E+02  3.32279E-02
 1.11940E+02  4.14873E-02
 1.17227E+02  5.59396E-02
 1.22763E+02  7.57187E-02
 1.28560E+02  1.00736E-01
 1.34632E+02  1.29269E-01
 1.40990E+02  1.57898E-01
 1.47648E+02  1.80072E-01
 1.54621E+02  1.95728E-01
 1.61923E+02  2.10315E-01
 1.69569E+02  2.23225E-01
 1.77577E+02  2.35459E-01
 1.85964E+02  2.48650E-01
 1.94746E+02  2.62675E-01
 2.03943E+02  2.76786E-01
 2.13574E+02  2.91447E-01
 2.23660E+02  3.06168E-01
 2.34222E+02  3.18143E-01
 2.45284E+02  3.26133E-01
 2.56867E+02  3.27704E-01
 2.68998E+02  3.23391E-01
 2.81701E+02  3.13830E-01
 2.95005E+02  2.99828E-01
 3.08936E+02  2.82396E-01
 3.23526E+02  2.64620E-01
 3.38804E+02  2.46894E-01
 3.54804E+02  2.29269E-01
 3.71560E+02  2.13654E-01
 3.89107E+02  1.98040E-01
 4.07483E+02  1.83184E-01
 4.26726E+02  1.69510E-01
 4.46878E+02  1.56564E-01
 4.67982E+02  1.44322E-01
 4.90083E+02  1.32370E-01
 5.13227E+02  1.21849E-01
 5.37464E+02  1.11610E-01
 5.62846E+02  1.02016E-01
 5.89427E+02  9.30087E-02
 6.17263E+02  8.46789E-02
 6.46413E+02  7.68289E-02
 6.76940E+02  6.96231E-02
 7.08909E+02  6.31770E-02
 7.42387E+02  5.70005E-02
 7.77446E+02  5.16656E-02
 8.14161E+02  4.65091E-02
 8.52610E+02  4.15874E-02
 8.92875E+02  3.72106E-02
 9.35041E+02  3.38036E-02
 9.79199E+02  3.04650E-02
 1.02544E+03  2.76244E-02
 1.07387E+03  2.43402E-02
 1.12458E+03  2.13196E-02
 1.17769E+03  1.86519E-02
 1.23331E+03  1.61977E-02
 1.29155E+03  1.41895E-02
 1.35254E+03  1.21688E-02
 1.41642E+03  1.07563E-02
 1.48331E+03  9.31148E-03
 1.55336E+03  8.08200E-03
 1.62672E+03  7.02840E-03
 1.70354E+03  5.90335E-03
 1.78399E+03  5.22928E-03
 1.86824E+03  4.50413E-03
 1.95646E+03  3.81475E-03
 2.04886E+03  3.23265E-03
 2.14562E+03  2.75074E-03
 2.24694E+03  2.24160E-03
 2.35306E+03  1.92595E-03
 2.46418E+03  1.66809E-03
 2.58055E+03  1.40397E-03
 2.70242E+03  1.20606E-03
 2.83004E+03  1.03726E-03
 2.96369E+03  8.50357E-04
 3.10365E+03  6.88297E-04
 3.25022E+03  5.86798E-04
 3.40371E+03  5.11326E-04
 3.56445E+03  4.36211E-04
 3.73279E+03  3.75710E-04
 3.90907E+03  3.13053E-04
 4.09367E+03  2.76765E-04
 4.28700E+03  2.19729E-04
 4.48945E+03  2.02774E-04
 4.70147E+03  1.45604E-04
 4.92350E+03  1.23050E-04
 5.15601E+03  1.32964E-04
 5.39950E+03  7.94719E-05
 5.65449E+03  9.00720E-05
 5.92153E+03  7.55620E-05
 6.20117E+03  5.62371E-05
 6.49403E+03  5.40265E-05
 6.80071E+03  4.88124E-05
 7.12187E+03  3.91942E-05
 7.45820E+03  2.66937E-05
