 7.88283E-05  2.21536E-13
 8.25510E-05  2.95478E-13
 8.64495E-05  2.76145E-13
 9.05321E-05  4.62567E-13
 9.48075E-05  4.48270E-13
 9.92848E-05  5.70550E-13
 1.03974E-04  5.70878E-13
 1.08884E-04  4.72838E-13
 1.14026E-04  6.26120E-13
 1.19411E-04  7.01788E-13
 1.25050E-04  4.79378E-13
 1.30955E-04  6.52589E-13
 1.37140E-04  7.18706E-13
 1.43616E-04  7.33770E-13
 1.50398E-04  5.57190E-13
 1.57501E-04  5.83503E-13
 1.64939E-04  6.53164E-13
 1.72728E-04  7.94260E-13
 1.80886E-04  7.85675E-13
 1.89428E-04  1.08938E-12
 1.98374E-04  9.37183E-13
 2.07742E-04  4.50861E-13
 2.17553E-04  9.16763E-13
 2.27826E-04  1.10531E-12
 2.38586E-04  9.45022E-13
 2.49853E-04  1.46782E-12
 2.61652E-04  7.68608E-13
 2.74009E-04  8.39360E-13
 2.86949E-04  6.58765E-13
 3.00500E-04  8.82451E-13
 3.14691E-04  7.62907E-13
 3.29553E-04  8.40749E-13
 3.45116E-04  8.81347E-13
 3.61414E-04  9.68117E-13
 3.78482E-04  8.68165E-13
 3.96356E-04  1.21308E-12
 4.15074E-04  1.16437E-12
 4.34676E-04  1.27448E-12
 4.55203E-04  8.13485E-13
 4.76700E-04  1.33713E-12
 4.99213E-04  7.62867E-13
 5.22788E-04  8.66204E-13
 5.47477E-04  7.67467E-13
 5.73332E-04  1.16862E-12
 6.00407E-04  1.60596E-12
 6.28762E-04  1.12134E-12
 6.58455E-04  1.17344E-12
 6.89551E-04  7.88397E-13
 7.22115E-04  1.28485E-12
 7.56217E-04  1.15522E-12
 7.91929E-04  1.20808E-12
 8.29328E-04  1.26485E-12
 8.68493E-04  1.21380E-12
 9.09508E-04  1.26887E-12
 9.52460E-04  1.20573E-12
 9.97440E-04  1.13221E-12
 1.04454E-03  1.05122E-12
 1.09387E-03  1.52049E-12
 1.14553E-03  1.30102E-12
 1.19963E-03  1.50750E-12
 1.25628E-03  1.58404E-12
 1.31561E-03  1.31608E-12
 1.37774E-03  1.73980E-12
 1.44280E-03  9.09289E-13
 1.51094E-03  1.89388E-12
 1.58230E-03  9.82672E-13
 1.65702E-03  1.03847E-12
 1.73527E-03  1.51852E-12
 1.81722E-03  1.12402E-12
 1.90304E-03  9.29655E-13
 1.99291E-03  4.85846E-13
 2.08703E-03  1.53137E-12
 2.18559E-03  7.99325E-13
 2.28880E-03  2.18174E-12
 2.39689E-03  1.44281E-12
 2.51008E-03  1.22989E-12
 2.62862E-03  9.39850E-13
 2.75276E-03  9.92394E-13
 2.88276E-03  6.74715E-13
 3.01890E-03  7.15646E-13
 3.16147E-03  1.10388E-12
 3.31077E-03  1.81300E-12
 3.46712E-03  8.22424E-13
 3.63086E-03  1.52853E-12
 3.80232E-03  8.91379E-13
 3.98189E-03  8.46604E-13
 4.16993E-03  4.91451E-13
 4.36686E-03  1.36621E-12
 4.57309E-03  9.86816E-13
 4.78905E-03  1.42466E-12
 5.01522E-03  0.00000E+00
 5.25206E-03  1.11108E-12
 5.50009E-03  1.05218E-12
 5.75983E-03  0.00000E+00
 6.03184E-03  6.12359E-13
 6.31670E-03  0.00000E+00
 6.61500E-03  6.20790E-13
 6.92740E-03  0.00000E+00
 7.25455E-03  0.00000E+00
 7.59714E-03  0.00000E+00
 7.95592E-03  6.57423E-13
 8.33164E-03  1.51360E-12
 8.72510E-03  1.12913E-12
 9.13715E-03  0.00000E+00
 9.56865E-03  6.13708E-13
 1.00205E-02  6.23208E-13
 1.04938E-02  6.18229E-13
 1.09893E-02  9.04117E-13
 1.15083E-02  7.18902E-13
 1.20518E-02  7.21276E-13
 1.26209E-02  0.00000E+00
 1.32170E-02  0.00000E+00
 1.38411E-02  5.59518E-13
 1.44948E-02  1.36376E-12
 1.51793E-02  3.40520E-13
 1.58961E-02  6.65414E-13
 1.66468E-02  1.79437E-12
 1.74330E-02  0.00000E+00
 1.82563E-02  6.31768E-13
 1.91184E-02  0.00000E+00
 2.00213E-02  3.95603E-13
 2.09668E-02  7.76512E-13
 2.19570E-02  0.00000E+00
 2.29939E-02  9.10385E-13
 2.40798E-02  0.00000E+00
 2.52169E-02  0.00000E+00
 2.64078E-02  0.00000E+00
 2.76549E-02  0.00000E+00
 2.89609E-02  0.00000E+00
 3.03286E-02  1.60925E-13
 3.17609E-02  4.39986E-13
 3.32608E-02  0.00000E+00
 3.48316E-02 -3.29102E-29
 3.64765E-02  2.48813E-13
 3.81991E-02  0.00000E+00
 4.00031E-02  7.63848E-13
 4.18922E-02  0.00000E+00
 4.38706E-02  2.81923E-13
 4.59424E-02  8.18765E-13
 4.81120E-02  1.16647E-12
 5.03841E-02  3.21022E-12
 5.27635E-02  4.40563E-12
 5.52553E-02  6.03989E-12
 5.78647E-02  7.71677E-12
 6.05974E-02  1.18501E-11
 6.34591E-02  1.57847E-11
 6.64560E-02  2.20673E-11
 6.95944E-02  2.33327E-11
 7.28810E-02  3.39123E-11
 7.63228E-02  3.83565E-11
 7.99272E-02  3.97927E-11
 8.37017E-02  3.81549E-11
 8.76546E-02  3.88691E-11
 9.17941E-02  3.76593E-11
 9.61291E-02  3.60714E-11
 1.00669E-01  3.24830E-11
 1.05423E-01  2.69135E-11
 1.10401E-01  2.21735E-11
 1.15615E-01  1.82263E-11
 1.21075E-01  1.35167E-11
 1.26793E-01  9.92889E-12
 1.32781E-01  6.89066E-12
 1.39051E-01  4.56231E-12
 1.45618E-01  2.90088E-12
 1.52495E-01  1.74326E-12
 1.59697E-01  1.02050E-12
 1.67238E-01  5.87855E-13
 1.75136E-01  1.35319E-12
 1.83407E-01  2.05200E-12
 1.92068E-01  4.61118E-12
 2.01139E-01  2.05072E-12
 2.10638E-01  1.23367E-12
 2.20585E-01  3.69885E-13
 2.31002E-01  2.40906E-13
 2.41911E-01  1.33361E-13
 2.53336E-01  5.87966E-14
 2.65300E-01  1.98705E-14
 2.77828E-01  8.20002E-15
 2.90949E-01  3.84244E-15
 3.04689E-01  1.67323E-15
 3.19078E-01  8.83323E-16
 3.34146E-01  3.69075E-16
 3.49927E-01  1.79858E-16
 3.66452E-01  9.67917E-17
 3.83758E-01  6.01579E-17
 4.01881E-01  4.86620E-17
 4.20860E-01  2.66577E-17
 4.40735E-01  3.25681E-17
 4.61549E-01  3.70061E-17
 4.83345E-01  7.13565E-17
 5.06171E-01  1.34568E-16
 5.30075E-01  5.05520E-16
 5.55108E-01  3.39176E-15
 5.81323E-01  3.94605E-14
 6.08777E-01  1.08739E-12
 6.37526E-01  8.81884E-11
 6.67633E-01  2.07537E-08
 6.99163E-01  4.03233E-05
 7.32181E-01  2.56731E-04
 7.66758E-01  3.00752E-04
 8.02968E-01  3.31400E-04
 8.40889E-01  3.69922E-04
 8.80600E-01  3.71683E-04
 9.08427E-01  3.43197E-04
 9.08533E-01  3.43086E-04
 9.08639E-01  3.42975E-04
 9.08745E-01  3.42864E-04
 9.08851E-01  3.42753E-04
 9.08957E-01  3.42642E-04
 9.09064E-01  3.42531E-04
 9.09170E-01  3.42420E-04
 9.09276E-01  3.42308E-04
 9.09382E-01  3.42197E-04
 9.09489E-01  3.42086E-04
 9.09595E-01  3.41974E-04
 9.09701E-01  3.41863E-04
 9.09808E-01  3.41752E-04
 9.09914E-01  3.41640E-04
 9.10020E-01  3.41529E-04
 9.10127E-01  3.41417E-04
 9.10233E-01  3.41305E-04
 9.10340E-01  3.41194E-04
 9.10446E-01  3.41082E-04
 9.10553E-01  3.40970E-04
 9.10659E-01  3.40859E-04
 9.10766E-01  3.40747E-04
 9.10873E-01  3.40635E-04
 9.10979E-01  3.40523E-04
 9.11086E-01  3.40411E-04
 9.11192E-01  3.40299E-04
 9.11299E-01  3.40187E-04
 9.11406E-01  3.40075E-04
 9.11513E-01  3.39963E-04
 9.11619E-01  3.39851E-04
 9.11726E-01  3.39738E-04
 9.11833E-01  3.39626E-04
 9.11940E-01  3.39514E-04
 9.12047E-01  3.39401E-04
 9.12154E-01  3.39289E-04
 9.12261E-01  3.39177E-04
 9.12368E-01  3.39064E-04
 9.12475E-01  3.38951E-04
 9.12582E-01  3.38839E-04
 9.12689E-01  3.38726E-04
 9.12796E-01  3.38614E-04
 9.12903E-01  3.38501E-04
 9.13010E-01  3.38388E-04
 9.13117E-01  3.38275E-04
 9.13224E-01  3.38163E-04
 9.13331E-01  3.38050E-04
 9.13438E-01  3.37937E-04
 9.13546E-01  3.37824E-04
 9.13653E-01  3.37711E-04
 9.13760E-01  3.37598E-04
 9.13868E-01  3.37485E-04
 9.13975E-01  3.37371E-04
 9.14082E-01  3.37258E-04
 9.14190E-01  3.37145E-04
 9.14297E-01  3.37032E-04
 9.14404E-01  3.36918E-04
 9.14512E-01  3.36805E-04
 9.14619E-01  3.36691E-04
 9.14727E-01  3.36578E-04
 9.14834E-01  3.36465E-04
 9.14942E-01  3.36351E-04
 9.15050E-01  3.36237E-04
 9.15157E-01  3.36124E-04
 9.15265E-01  3.36010E-04
 9.15372E-01  3.35896E-04
 9.15480E-01  3.35783E-04
 9.15588E-01  3.35669E-04
 9.15696E-01  3.35555E-04
 9.15803E-01  3.35441E-04
 9.15911E-01  3.35327E-04
 9.16019E-01  3.35213E-04
 9.16127E-01  3.35099E-04
 9.16235E-01  3.34985E-04
 9.16342E-01  3.34871E-04
 9.16450E-01  3.34756E-04
 9.16558E-01  3.34642E-04
 9.16666E-01  3.34528E-04
 9.16774E-01  3.34414E-04
 9.16882E-01  3.34299E-04
 9.16990E-01  3.34185E-04
 9.17098E-01  3.34070E-04
 9.17206E-01  3.33956E-04
 9.17315E-01  3.33841E-04
 9.17423E-01  3.33727E-04
 9.17531E-01  3.33612E-04
 9.17639E-01  3.33497E-04
 9.17747E-01  3.33383E-04
 9.17856E-01  3.33268E-04
 9.17964E-01  3.33153E-04
 9.18072E-01  3.33038E-04
 9.18180E-01  3.32923E-04
 9.18289E-01  3.32808E-04
 9.18397E-01  3.32693E-04
 9.18506E-01  3.32578E-04
 9.18614E-01  3.32463E-04
 9.18722E-01  3.32348E-04
 9.18831E-01  3.32233E-04
 9.18939E-01  3.32118E-04
 9.19048E-01  3.32003E-04
 9.19156E-01  3.31887E-04
 9.19265E-01  3.31772E-04
 9.19374E-01  3.31656E-04
 9.19482E-01  3.31541E-04
 9.19591E-01  3.31425E-04
 9.19700E-01  3.31310E-04
 9.19808E-01  3.31194E-04
 9.19917E-01  3.31079E-04
 9.20026E-01  3.30963E-04
 9.20135E-01  3.30847E-04
 9.20243E-01  3.30732E-04
 9.20352E-01  3.30616E-04
 9.20461E-01  3.30500E-04
 9.20570E-01  3.30384E-04
 9.20679E-01  3.30268E-04
 9.20788E-01  3.30152E-04
 9.20897E-01  3.30036E-04
 9.21006E-01  3.29920E-04
 9.21115E-01  3.29804E-04
 9.21224E-01  3.29688E-04
 9.21333E-01  3.29571E-04
 9.21442E-01  3.29455E-04
 9.21551E-01  3.29339E-04
 9.21660E-01  3.29222E-04
 9.21769E-01  3.29106E-04
 9.21879E-01  3.28989E-04
 9.21988E-01  3.28873E-04
 9.22097E-01  3.28756E-04
 9.22186E-01  3.28661E-04
 9.22206E-01  3.28683E-04
 9.22316E-01  3.28800E-04
 9.22425E-01  3.28917E-04
 9.22534E-01  3.29034E-04
 9.22644E-01  3.29151E-04
 9.22753E-01  3.29269E-04
 9.22862E-01  3.29386E-04
 9.22972E-01  3.29504E-04
 9.23081E-01  3.29621E-04
 9.23191E-01  3.29738E-04
 9.23300E-01  3.29856E-04
 9.23410E-01  3.29973E-04
 9.23520E-01  3.30091E-04
 9.23629E-01  3.30209E-04
 9.23739E-01  3.30326E-04
 9.23848E-01  3.30444E-04
 9.23958E-01  3.30562E-04
 9.24068E-01  3.30680E-04
 9.24178E-01  3.30797E-04
 9.24287E-01  3.30915E-04
 9.24397E-01  3.31100E-04
 9.24507E-01  3.31151E-04
 9.24617E-01  3.31269E-04
 9.24727E-01  3.31387E-04
 9.24837E-01  3.31505E-04
 9.24946E-01  3.31623E-04
 9.25056E-01  3.31741E-04
 9.25166E-01  3.31859E-04
 9.25276E-01  3.31977E-04
 9.25386E-01  3.32096E-04
 9.25496E-01  3.32214E-04
 9.25607E-01  3.32332E-04
 9.25717E-01  3.32451E-04
 9.25827E-01  3.32569E-04
 9.25937E-01  3.32687E-04
 9.26047E-01  3.32806E-04
 9.26157E-01  3.32924E-04
 9.26268E-01  3.33043E-04
 9.26378E-01  3.33161E-04
 9.26488E-01  3.33280E-04
 9.26598E-01  3.33398E-04
 9.26709E-01  3.33517E-04
 9.26819E-01  3.33636E-04
 9.26929E-01  3.33755E-04
 9.27040E-01  3.33873E-04
 9.27150E-01  3.33992E-04
 9.27261E-01  3.34111E-04
 9.27371E-01  3.34230E-04
 9.27482E-01  3.34349E-04
 9.27592E-01  3.34468E-04
 9.27703E-01  3.34587E-04
 9.27814E-01  3.34706E-04
 9.27924E-01  3.34825E-04
 9.28035E-01  3.34944E-04
 9.28146E-01  3.35063E-04
 9.28256E-01  3.35182E-04
 9.28367E-01  3.35302E-04
 9.28478E-01  3.35421E-04
 9.28589E-01  3.35540E-04
 9.28699E-01  3.35660E-04
 9.28810E-01  3.35779E-04
 9.28921E-01  3.36578E-04
 9.29032E-01  3.36018E-04
 9.29143E-01  3.36137E-04
 9.29254E-01  3.36257E-04
 9.29365E-01  3.36376E-04
 9.29476E-01  3.37748E-04
 9.29587E-01  3.36616E-04
 9.29698E-01  3.36735E-04
 9.29809E-01  3.39390E-04
 9.29920E-01  3.37855E-04
 9.30031E-01  3.37095E-04
 9.30142E-01  3.37215E-04
 9.30254E-01  3.37334E-04
 9.30365E-01  3.37565E-04
 9.30476E-01  3.37574E-04
 9.30587E-01  3.37694E-04
 9.30699E-01  3.37814E-04
 9.30810E-01  3.37934E-04
 9.30921E-01  3.38055E-04
 9.31033E-01  3.38175E-04
 9.31144E-01  3.39000E-04
 9.31255E-01  3.38415E-04
 9.31367E-01  3.38535E-04
 9.31478E-01  3.38656E-04
 9.31590E-01  3.38776E-04
 9.31701E-01  3.38896E-04
 9.31813E-01  3.39017E-04
 9.31925E-01  3.39137E-04
 9.32036E-01  3.39258E-04
 9.32148E-01  3.39380E-04
 9.32259E-01  3.39499E-04
 9.32371E-01  3.39619E-04
 9.32483E-01  3.39740E-04
 9.32595E-01  3.42405E-04
 9.32706E-01  3.41809E-04
 9.32818E-01  3.42011E-04
 9.32930E-01  3.42762E-04
 9.33042E-01  3.50596E-04
 9.33154E-01  3.50272E-04
 9.33266E-01  3.51900E-04
 9.33378E-01  3.48133E-04
 9.33490E-01  3.45000E-04
 9.33602E-01  3.61171E-04
 9.33714E-01  3.54110E-04
 9.33826E-01  3.70726E-04
 9.33938E-01  3.82429E-04
 9.34050E-01  3.76174E-04
 9.34162E-01  4.25893E-04
 9.34274E-01  4.49129E-04
 9.34386E-01  5.35847E-04
 9.34498E-01  6.40677E-04
 9.34611E-01  8.77107E-04
 9.34723E-01  1.21700E-03
 9.34835E-01  1.53011E-03
 9.34947E-01  2.10123E-03
 9.35060E-01  2.68013E-03
 9.35172E-01  3.47906E-03
 9.35285E-01  4.33783E-03
 9.35397E-01  5.13325E-03
 9.35509E-01  5.55821E-03
 9.35622E-01  6.25637E-03
 9.35734E-01  6.83264E-03
 9.35847E-01  6.79171E-03
 9.35959E-01  6.98765E-03
 9.36072E-01  6.95160E-03
 9.36185E-01  6.84569E-03
 9.36297E-01  6.69038E-03
 9.36410E-01  6.57593E-03
 9.36523E-01  6.31370E-03
 9.36635E-01  6.00479E-03
 9.36748E-01  5.82533E-03
 9.36861E-01  5.50642E-03
 9.36974E-01  5.09924E-03
 9.37087E-01  5.12854E-03
 9.37199E-01  4.96212E-03
 9.37312E-01  4.55528E-03
 9.37425E-01  4.39397E-03
 9.37538E-01  4.18723E-03
 9.37651E-01  4.13124E-03
 9.37764E-01  3.91625E-03
 9.37877E-01  3.89474E-03
 9.37990E-01  3.66649E-03
 9.38103E-01  3.75511E-03
 9.38216E-01  3.53956E-03
 9.38329E-01  3.39329E-03
 9.38443E-01  3.41643E-03
 9.38556E-01  3.22645E-03
 9.38669E-01  3.33815E-03
 9.38782E-01  3.24233E-03
 9.38895E-01  3.12754E-03
 9.39009E-01  3.09064E-03
 9.39122E-01  3.04060E-03
 9.39235E-01  3.01029E-03
 9.39349E-01  2.87366E-03
 9.39462E-01  2.82882E-03
 9.39576E-01  2.84525E-03
 9.39689E-01  2.72738E-03
 9.39802E-01  2.61745E-03
 9.39916E-01  2.50805E-03
 9.40030E-01  2.54917E-03
 9.40143E-01  2.49542E-03
 9.40257E-01  2.36390E-03
 9.40370E-01  2.29282E-03
 9.40484E-01  2.29134E-03
 9.40598E-01  2.29181E-03
 9.40711E-01  2.15915E-03
 9.40825E-01  1.98380E-03
 9.40939E-01  1.97129E-03
 9.41053E-01  1.82694E-03
 9.41166E-01  1.75528E-03
 9.41280E-01  1.70666E-03
 9.41394E-01  1.61708E-03
 9.41508E-01  1.60654E-03
 9.41622E-01  1.50569E-03
 9.41736E-01  1.45683E-03
 9.41850E-01  1.36175E-03
 9.41964E-01  1.20975E-03
 9.42078E-01  1.22859E-03
 9.42192E-01  1.18500E-03
 9.42306E-01  1.10430E-03
 9.42420E-01  1.07304E-03
 9.42534E-01  1.02616E-03
 9.42648E-01  9.46387E-04
 9.42763E-01  9.19629E-04
 9.42877E-01  9.43280E-04
 9.42991E-01  8.81215E-04
 9.43105E-01  7.61119E-04
 9.43220E-01  7.53301E-04
 9.43334E-01  7.21817E-04
 9.43448E-01  7.08457E-04
 9.43563E-01  6.79754E-04
 9.43677E-01  6.26309E-04
 9.43792E-01  6.14137E-04
 9.43906E-01  5.97800E-04
 9.44021E-01  5.56571E-04
 9.44135E-01  5.33880E-04
 9.44250E-01  5.37266E-04
 9.44364E-01  5.11048E-04
 9.44479E-01  4.85990E-04
 9.44594E-01  4.77477E-04
 9.44708E-01  4.57415E-04
 9.44823E-01  4.68775E-04
 9.44938E-01  4.46528E-04
 9.45052E-01  4.34525E-04
 9.45167E-01  4.26719E-04
 9.45282E-01  4.32336E-04
 9.45397E-01  4.09027E-04
 9.45512E-01  4.09530E-04
 9.45627E-01  3.94359E-04
 9.45741E-01  3.84731E-04
 9.45856E-01  3.92347E-04
 9.45971E-01  3.89972E-04
 9.46086E-01  3.79571E-04
 9.46201E-01  3.71705E-04
 9.46316E-01  3.70242E-04
 9.46432E-01  3.77256E-04
 9.46547E-01  3.69456E-04
 9.46662E-01  3.70993E-04
 9.46777E-01  3.64882E-04
 9.46892E-01  3.64423E-04
 9.47007E-01  3.63230E-04
 9.47123E-01  3.62523E-04
 9.47238E-01  3.62180E-04
 9.47353E-01  3.62393E-04
 9.47469E-01  3.58185E-04
 9.47584E-01  3.61311E-04
 9.47699E-01  3.59635E-04
 9.47815E-01  3.60832E-04
 9.47930E-01  3.60176E-04
 9.48046E-01  3.58639E-04
 9.48161E-01  3.57967E-04
 9.48277E-01  3.57384E-04
 9.48392E-01  3.59206E-04
 9.48508E-01  3.57477E-04
 9.48624E-01  3.57859E-04
 9.48739E-01  3.58662E-04
 9.48855E-01  3.58692E-04
 9.48971E-01  3.58279E-04
 9.49086E-01  3.58288E-04
 9.49202E-01  3.58140E-04
 9.49318E-01  3.58111E-04
 9.49434E-01  3.58265E-04
 9.49549E-01  3.58453E-04
 9.49665E-01  3.58505E-04
 9.49781E-01  3.58540E-04
 9.49897E-01  3.58662E-04
 9.50013E-01  3.58790E-04
 9.50129E-01  3.58916E-04
 9.50245E-01  3.59043E-04
 9.50361E-01  3.59170E-04
 9.50477E-01  3.59351E-04
 9.50593E-01  3.59600E-04
 9.50710E-01  3.59551E-04
 9.50826E-01  3.59731E-04
 9.50942E-01  3.59805E-04
 9.51058E-01  3.59932E-04
 9.51174E-01  3.60059E-04
 9.51291E-01  3.60186E-04
 9.51407E-01  3.60313E-04
 9.51523E-01  3.60675E-04
 9.51640E-01  3.60568E-04
 9.51756E-01  3.60696E-04
 9.51872E-01  3.60885E-04
 9.51989E-01  3.60950E-04
 9.52105E-01  3.61078E-04
 9.52222E-01  3.61206E-04
 9.52338E-01  3.61333E-04
 9.52455E-01  3.61476E-04
 9.52571E-01  3.61588E-04
 9.52688E-01  3.61716E-04
 9.52805E-01  3.61844E-04
 9.52921E-01  3.61972E-04
 9.53038E-01  3.62100E-04
 9.53155E-01  3.62227E-04
 9.53272E-01  3.62355E-04
 9.53388E-01  3.62483E-04
 9.53505E-01  3.62611E-04
 9.53622E-01  3.62739E-04
 9.53739E-01  3.62867E-04
 9.53856E-01  3.62996E-04
 9.53973E-01  3.63124E-04
 9.54090E-01  3.63252E-04
 9.54207E-01  3.63380E-04
 9.54324E-01  3.63509E-04
 9.54441E-01  3.63637E-04
 9.54558E-01  3.63765E-04
 9.54675E-01  3.63894E-04
 9.54792E-01  3.64022E-04
 9.54909E-01  3.64151E-04
 9.55026E-01  3.64279E-04
 9.55144E-01  3.64408E-04
 9.55261E-01  3.64536E-04
 9.55378E-01  3.64665E-04
 9.55495E-01  3.64794E-04
 9.55613E-01  3.64923E-04
 9.55730E-01  3.65051E-04
 9.55847E-01  3.65180E-04
 9.55965E-01  3.65309E-04
 9.56082E-01  3.65438E-04
 9.56200E-01  3.65567E-04
 9.56317E-01  3.65696E-04
 9.56435E-01  3.65825E-04
 9.56552E-01  3.65954E-04
 9.56670E-01  3.66083E-04
 9.56788E-01  3.66213E-04
 9.56905E-01  3.66342E-04
 9.57023E-01  3.66471E-04
 9.57141E-01  3.66600E-04
 9.57258E-01  3.66730E-04
 9.57376E-01  3.66859E-04
 9.57494E-01  3.66989E-04
 9.57612E-01  3.67118E-04
 9.57730E-01  3.67248E-04
 9.57847E-01  3.67377E-04
 9.57965E-01  3.67507E-04
 9.58083E-01  3.67636E-04
 9.58201E-01  3.67766E-04
 9.58319E-01  3.67896E-04
 9.58437E-01  3.68026E-04
 9.58555E-01  3.68155E-04
 9.58673E-01  3.68285E-04
 9.58792E-01  3.68415E-04
 9.58910E-01  3.68545E-04
 9.59028E-01  3.68675E-04
 9.59146E-01  3.68805E-04
 9.59264E-01  3.68935E-04
 9.59383E-01  3.69065E-04
 9.59501E-01  3.69195E-04
 9.59619E-01  3.69326E-04
 9.59737E-01  3.69456E-04
 9.59856E-01  3.69586E-04
 9.59974E-01  3.69716E-04
 9.60093E-01  3.69847E-04
 9.60211E-01  3.69977E-04
 9.60330E-01  3.70108E-04
 9.60448E-01  3.70238E-04
 9.60567E-01  3.70369E-04
 9.60685E-01  3.70499E-04
 9.60804E-01  3.70630E-04
 9.60923E-01  3.70761E-04
 9.61041E-01  3.70891E-04
 9.61160E-01  3.71022E-04
 9.61279E-01  3.71153E-04
 9.61397E-01  3.71284E-04
 9.61516E-01  3.71415E-04
 9.61635E-01  3.71546E-04
 9.61754E-01  3.71676E-04
 9.61873E-01  3.71807E-04
 9.61992E-01  3.71939E-04
 9.62110E-01  3.72070E-04
 9.62229E-01  3.72201E-04
 9.62348E-01  3.72332E-04
 9.62467E-01  3.72463E-04
 9.62587E-01  3.72594E-04
 9.62706E-01  3.72726E-04
 9.62825E-01  3.72857E-04
 9.62944E-01  3.72989E-04
 9.63063E-01  3.73120E-04
 9.63182E-01  3.73251E-04
 9.63301E-01  3.73383E-04
 9.63421E-01  3.73515E-04
 9.63540E-01  3.73646E-04
 9.63659E-01  3.73778E-04
 9.63779E-01  3.73909E-04
 9.63898E-01  3.74041E-04
 9.64017E-01  3.74173E-04
 9.64137E-01  3.74305E-04
 9.64256E-01  3.74437E-04
 9.64376E-01  3.74569E-04
 9.64495E-01  3.74701E-04
 9.64615E-01  3.74833E-04
 9.65737E-01  3.76072E-04
 1.01134E+00  3.90661E-04
 1.05910E+00  3.87933E-04
 1.10912E+00  3.86623E-04
 1.16150E+00  3.73937E-04
 1.21635E+00  3.60247E-04
 1.27379E+00  3.64174E-04
 1.33395E+00  3.56026E-04
 1.39695E+00  3.48655E-04
 1.46292E+00  3.30107E-04
 1.53200E+00  3.20455E-04
 1.60435E+00  3.07990E-04
 1.68012E+00  2.99485E-04
 1.75946E+00  2.92666E-04
 1.84255E+00  2.89609E-04
 1.92957E+00  2.86938E-04
 2.02069E+00  2.87337E-04
 2.11612E+00  2.80965E-04
 2.21605E+00  2.77442E-04
 2.32071E+00  2.72671E-04
 2.43030E+00  2.66668E-04
 2.54507E+00  2.61134E-04
 2.66527E+00  2.55894E-04
 2.79113E+00  2.54802E-04
 2.92295E+00  3.42130E-04
 3.06098E+00  3.89500E-04
 3.20554E+00  3.91015E-04
 3.35692E+00  3.79457E-04
 3.51545E+00  3.82770E-04
 3.68147E+00  3.63888E-04
 3.85533E+00  3.60768E-04
 4.03739E+00  3.49392E-04
 4.22806E+00  3.42282E-04
 4.42773E+00  3.33575E-04
 4.63683E+00  3.26615E-04
 4.85581E+00  3.16299E-04
 5.08512E+00  3.04806E-04
 5.32527E+00  3.03128E-04
 5.57676E+00  2.94838E-04
 5.84012E+00  2.88025E-04
 6.11592E+00  2.81872E-04
 6.40475E+00  2.74799E-04
 6.70721E+00  2.77887E-04
 7.02396E+00  2.79755E-04
 7.35567E+00  2.74583E-04
 7.70304E+00  2.67751E-04
 8.06682E+00  2.62825E-04
 8.44778E+00  2.53337E-04
 8.84673E+00  2.48130E-04
 9.26451E+00  2.41470E-04
 9.70203E+00  2.34679E-04
 1.01602E+01  2.30172E-04
 1.06400E+01  2.24902E-04
 1.11425E+01  2.20064E-04
 1.16687E+01  2.18365E-04
 1.22198E+01  2.14653E-04
 1.27969E+01  2.08282E-04
 1.34012E+01  1.98646E-04
 1.40341E+01  1.85050E-04
 1.46968E+01  1.73269E-04
 1.53909E+01  1.63581E-04
 1.61177E+01  1.53689E-04
 1.68789E+01  1.44097E-04
 1.76760E+01  1.31375E-04
 1.85107E+01  1.16996E-04
 1.93849E+01  1.11294E-04
 2.03004E+01  1.05288E-04
 2.12591E+01  1.00356E-04
 2.22630E+01  9.41240E-05
 2.33144E+01  8.71313E-05
 2.44154E+01  8.10457E-05
 2.55685E+01  7.34724E-05
 2.67759E+01  6.87220E-05
 2.80404E+01  6.35630E-05
 2.93646E+01  5.77373E-05
 3.07514E+01  5.30385E-05
 3.22036E+01  4.95159E-05
 3.37245E+01  4.26713E-05
 3.53171E+01  3.68681E-05
 3.69850E+01  3.48377E-05
 3.87316E+01  3.28209E-05
 4.05607E+01  3.09063E-05
 4.24762E+01  2.83719E-05
 4.44821E+01  2.60157E-05
 4.65828E+01  2.48750E-05
 4.87827E+01  2.38525E-05
 5.10864E+01  2.11857E-05
 5.34990E+01  2.00783E-05
 5.60255E+01  1.79561E-05
 5.86713E+01  1.68070E-05
 6.14421E+01  1.48184E-05
 6.43437E+01  1.40243E-05
 6.73823E+01  1.26790E-05
 7.05645E+01  1.12840E-05
 7.38969E+01  1.01892E-05
 7.73867E+01  9.36360E-06
 8.10413E+01  9.14517E-06
 8.48685E+01  8.83218E-06
 8.88764E+01  8.15677E-06
 9.30736E+01  7.56223E-06
 9.74691E+01  7.55663E-06
 1.02072E+02  7.39088E-06
 1.06892E+02  7.66290E-06
 1.11940E+02  8.42147E-06
 1.17227E+02  1.09975E-05
 1.22763E+02  1.78730E-05
 1.28560E+02  3.32089E-05
 1.34632E+02  6.06873E-05
 1.40990E+02  1.10963E-04
 1.47648E+02  1.84067E-04
 1.54621E+02  2.92242E-04
 1.61923E+02  4.57991E-04
 1.69569E+02  6.89539E-04
 1.77577E+02  1.03115E-03
 1.85964E+02  1.52900E-03
 1.94746E+02  2.22843E-03
 2.03943E+02  3.21480E-03
 2.13574E+02  4.59713E-03
 2.23660E+02  6.45286E-03
 2.34222E+02  8.91425E-03
 2.45284E+02  1.19227E-02
 2.56867E+02  1.55543E-02
 2.68998E+02  1.95888E-02
 2.81701E+02  2.39371E-02
 2.95005E+02  2.84758E-02
 3.08936E+02  3.32355E-02
 3.23526E+02  3.80141E-02
 3.38804E+02  4.28020E-02
 3.54804E+02  4.75375E-02
 3.71560E+02  5.21892E-02
 3.89107E+02  5.66041E-02
 4.07483E+02  6.07000E-02
 4.26726E+02  6.42995E-02
 4.46878E+02  6.73511E-02
 4.67982E+02  6.99055E-02
 4.90083E+02  7.14591E-02
 5.13227E+02  7.24834E-02
 5.37464E+02  7.24668E-02
 5.62846E+02  7.20158E-02
 5.89427E+02  7.07649E-02
 6.17263E+02  6.89169E-02
 6.46413E+02  6.63998E-02
 6.76940E+02  6.36475E-02
 7.08909E+02  6.04349E-02
 7.42387E+02  5.70430E-02
 7.77446E+02  5.35674E-02
 8.14161E+02  4.98208E-02
 8.52610E+02  4.62191E-02
 8.92875E+02  4.25501E-02
 9.35041E+02  3.91920E-02
 9.79199E+02  3.62266E-02
 1.02544E+03  3.33464E-02
 1.07387E+03  3.02049E-02
 1.12458E+03  2.66245E-02
 1.17769E+03  2.35266E-02
 1.23331E+03  2.06826E-02
 1.29155E+03  1.81712E-02
 1.35254E+03  1.59781E-02
 1.41642E+03  1.39637E-02
 1.48331E+03  1.22141E-02
 1.55336E+03  1.06725E-02
 1.62672E+03  9.23372E-03
 1.70354E+03  8.13368E-03
 1.78399E+03  6.86910E-03
 1.86824E+03  5.95648E-03
 1.95646E+03  5.10292E-03
 2.04886E+03  4.25701E-03
 2.14562E+03  3.57207E-03
 2.24694E+03  3.12749E-03
 2.35306E+03  2.59859E-03
 2.46418E+03  2.23873E-03
 2.58055E+03  1.88900E-03
 2.70242E+03  1.60403E-03
 2.83004E+03  1.32490E-03
 2.96369E+03  1.15288E-03
 3.10365E+03  9.49325E-04
 3.25022E+03  8.13481E-04
 3.40371E+03  6.88844E-04
 3.56445E+03  5.76645E-04
 3.73279E+03  4.85301E-04
 3.90907E+03  4.06577E-04
 4.09367E+03  3.66525E-04
 4.28700E+03  3.12451E-04
 4.48945E+03  2.34622E-04
 4.70147E+03  2.02343E-04
 4.92350E+03  1.74060E-04
 5.15601E+03  1.61806E-04
 5.39950E+03  1.30025E-04
 5.65449E+03  1.12989E-04
 5.92153E+03  1.00879E-04
 6.20117E+03  8.73746E-05
 6.49403E+03  6.82094E-05
 6.80071E+03  6.18488E-05
 7.12187E+03  5.74716E-05
 7.45820E+03  4.01239E-05
