 7.88283E-05  5.14981E-13
 8.25510E-05  4.97986E-13
 8.64495E-05  4.99790E-13
 9.05321E-05  5.73446E-13
 9.48075E-05  5.09873E-13
 9.92848E-05  5.18919E-13
 1.03974E-04  5.85190E-13
 1.08884E-04  6.62130E-13
 1.14026E-04  5.95823E-13
 1.19411E-04  7.02001E-13
 1.25050E-04  7.41661E-13
 1.30955E-04  7.30594E-13
 1.37140E-04  6.54903E-13
 1.43616E-04  7.43298E-13
 1.50398E-04  7.25604E-13
 1.57501E-04  8.23192E-13
 1.64939E-04  8.03869E-13
 1.72728E-04  9.63259E-13
 1.80886E-04  1.11766E-12
 1.89428E-04  8.46982E-13
 1.98374E-04  9.96691E-13
 2.07742E-04  8.03678E-13
 2.17553E-04  1.14729E-12
 2.27826E-04  1.04145E-12
 2.38586E-04  1.16278E-12
 2.49853E-04  1.22972E-12
 2.61652E-04  1.34083E-12
 2.74009E-04  1.43106E-12
 2.86949E-04  1.38326E-12
 3.00500E-04  1.11667E-12
 3.14691E-04  1.40652E-12
 3.29553E-04  1.00961E-12
 3.45116E-04  1.35101E-12
 3.61414E-04  1.30652E-12
 3.78482E-04  1.04484E-12
 3.96356E-04  1.23300E-12
 4.15074E-04  1.60415E-12
 4.34676E-04  1.46164E-12
 4.55203E-04  1.48442E-12
 4.76700E-04  1.55418E-12
 4.99213E-04  9.76816E-13
 5.22788E-04  1.73073E-12
 5.47477E-04  1.53649E-12
 5.73332E-04  1.46602E-12
 6.00407E-04  1.83536E-12
 6.28762E-04  1.76351E-12
 6.58455E-04  1.55037E-12
 6.89551E-04  1.58739E-12
 7.22115E-04  1.33687E-12
 7.56217E-04  1.24868E-12
 7.91929E-04  1.38646E-12
 8.29328E-04  2.07147E-12
 8.68493E-04  1.60320E-12
 9.09508E-04  1.35938E-12
 9.52460E-04  1.65881E-12
 9.97440E-04  1.78522E-12
 1.04454E-03  1.24306E-12
 1.09387E-03  1.68026E-12
 1.14553E-03  1.81137E-12
 1.19963E-03  1.65469E-12
 1.25628E-03  1.54684E-12
 1.31561E-03  1.16256E-12
 1.37774E-03  1.63352E-12
 1.44280E-03  1.35083E-12
 1.51094E-03  1.18687E-12
 1.58230E-03  1.93544E-12
 1.65702E-03  1.78124E-12
 1.73527E-03  1.34426E-12
 1.81722E-03  2.72690E-12
 1.90304E-03  1.83771E-12
 1.99291E-03  2.18554E-12
 2.08703E-03  1.59322E-12
 2.18559E-03  1.97067E-12
 2.28880E-03  1.81259E-12
 2.39689E-03  1.55034E-12
 2.51008E-03  2.45150E-12
 2.62862E-03  1.57560E-12
 2.75276E-03  2.59862E-12
 2.88276E-03  1.56104E-12
 3.01890E-03  1.74418E-12
 3.16147E-03  2.09642E-12
 3.31077E-03  2.16413E-12
 3.46712E-03  1.76760E-12
 3.63086E-03  1.51745E-12
 3.80232E-03  1.08139E-12
 3.98189E-03  1.98918E-12
 4.16993E-03  1.86078E-12
 4.36686E-03  1.93862E-12
 4.57309E-03  1.61404E-12
 4.78905E-03  2.18559E-12
 5.01522E-03  1.16578E-12
 5.25206E-03  1.93162E-12
 5.50009E-03  1.62148E-12
 5.75983E-03  6.36793E-13
 6.03184E-03  8.33914E-13
 6.31670E-03  2.57444E-12
 6.61500E-03  2.21746E-12
 6.92740E-03  2.36173E-12
 7.25455E-03  1.79180E-12
 7.59714E-03  1.49441E-12
 7.95592E-03  9.80886E-13
 8.33164E-03  9.61182E-13
 8.72510E-03  1.24253E-12
 9.13715E-03  0.00000E+00
 9.56865E-03  1.04164E-12
 1.00205E-02  7.62881E-13
 1.04938E-02  1.02666E-12
 1.09893E-02  7.37513E-13
 1.15083E-02  2.21489E-28
 1.20518E-02  1.71667E-12
 1.26209E-02  1.44016E-12
 1.32170E-02  9.21001E-13
 1.38411E-02  5.37316E-13
 1.44948E-02  9.01493E-13
 1.51793E-02  7.23053E-13
 1.58961E-02  9.84403E-13
 1.66468E-02  1.31639E-12
 1.74330E-02  1.00439E-12
 1.82563E-02  4.82144E-13
 1.91184E-02  1.40881E-12
 2.00213E-02  4.85312E-13
 2.09668E-02  2.55229E-13
 2.19570E-02  1.38643E-12
 2.29939E-02  6.47980E-13
 2.40798E-02  4.60009E-13
 2.52169E-02  3.09223E-13
 2.64078E-02  3.34089E-13
 2.76549E-02  2.26721E-13
 2.89609E-02  1.80849E-29
 3.03286E-02  1.38620E-13
 3.17609E-02  2.09642E-13
 3.32608E-02  0.00000E+00
 3.48316E-02  6.61867E-13
 3.64765E-02  1.60982E-14
 3.81991E-02  5.07791E-13
 4.00031E-02  8.66464E-14
 4.18922E-02  3.69059E-13
 4.38706E-02  5.36588E-14
 4.59424E-02  3.04463E-13
 4.81120E-02 -1.77155E-28
 5.03841E-02  1.14935E-12
 5.27635E-02  1.03986E-12
 5.52553E-02  2.05089E-12
 5.78647E-02  1.95284E-12
 6.05974E-02  2.26334E-12
 6.34591E-02  4.43304E-12
 6.64560E-02  3.56718E-12
 6.95944E-02  5.92224E-12
 7.28810E-02  5.57484E-12
 7.63228E-02  8.50837E-12
 7.99272E-02  8.52009E-12
 8.37017E-02  8.49816E-12
 8.76546E-02  9.49496E-12
 9.17941E-02  9.22919E-12
 9.61291E-02  8.69978E-12
 1.00669E-01  7.22906E-12
 1.05423E-01  6.65207E-12
 1.10401E-01  5.26276E-12
 1.15615E-01  4.17154E-12
 1.21075E-01  3.63736E-12
 1.26793E-01  2.59581E-12
 1.32781E-01  1.78756E-12
 1.39051E-01  1.18402E-12
 1.45618E-01  7.79964E-13
 1.52495E-01  4.78828E-13
 1.59697E-01  2.86791E-13
 1.67238E-01  1.57194E-13
 1.75136E-01  4.49907E-13
 1.83407E-01  7.57520E-13
 1.92068E-01  1.86891E-12
 2.01139E-01  7.95266E-13
 2.10638E-01  4.97106E-13
 2.20585E-01  1.42293E-13
 2.31002E-01  9.97421E-14
 2.41911E-01  5.43404E-14
 2.53336E-01  2.46819E-14
 2.65300E-01  8.47606E-15
 2.77828E-01  3.34086E-15
 2.90949E-01  1.60039E-15
 3.04689E-01  6.90467E-16
 3.19078E-01  3.68220E-16
 3.34146E-01  1.50212E-16
 3.49927E-01  7.59290E-17
 3.66452E-01  4.06445E-17
 3.83758E-01  2.52959E-17
 4.01881E-01  2.00280E-17
 4.20860E-01  1.02192E-17
 4.40735E-01  1.35243E-17
 4.61549E-01  1.55377E-17
 4.83345E-01  2.92245E-17
 5.06171E-01  5.45632E-17
 5.30075E-01  2.05363E-16
 5.55108E-01  1.38068E-15
 5.81323E-01  1.57555E-14
 6.08777E-01  4.38094E-13
 6.37526E-01  3.61296E-11
 6.67633E-01  8.41304E-09
 6.99163E-01  1.44770E-05
 7.32181E-01  8.54919E-05
 7.66758E-01  9.88340E-05
 8.02968E-01  1.10625E-04
 8.40889E-01  1.24655E-04
 8.80600E-01  1.26049E-04
 9.08427E-01  1.16102E-04
 9.08533E-01  1.16063E-04
 9.08639E-01  1.16024E-04
 9.08745E-01  1.15985E-04
 9.08851E-01  1.15947E-04
 9.08957E-01  1.15908E-04
 9.09064E-01  1.15869E-04
 9.09170E-01  1.15830E-04
 9.09276E-01  1.15791E-04
 9.09382E-01  1.15753E-04
 9.09489E-01  1.15714E-04
 9.09595E-01  1.15675E-04
 9.09701E-01  1.15636E-04
 9.09808E-01  1.15597E-04
 9.09914E-01  1.15558E-04
 9.10020E-01  1.15519E-04
 9.10127E-01  1.15480E-04
 9.10233E-01  1.15441E-04
 9.10340E-01  1.15402E-04
 9.10446E-01  1.15363E-04
 9.10553E-01  1.15324E-04
 9.10659E-01  1.15285E-04
 9.10766E-01  1.15246E-04
 9.10873E-01  1.15207E-04
 9.10979E-01  1.15168E-04
 9.11086E-01  1.15129E-04
 9.11192E-01  1.15090E-04
 9.11299E-01  1.15051E-04
 9.11406E-01  1.15012E-04
 9.11513E-01  1.14972E-04
 9.11619E-01  1.14933E-04
 9.11726E-01  1.14894E-04
 9.11833E-01  1.14855E-04
 9.11940E-01  1.14816E-04
 9.12047E-01  1.14776E-04
 9.12154E-01  1.14737E-04
 9.12261E-01  1.14698E-04
 9.12368E-01  1.14659E-04
 9.12475E-01  1.14619E-04
 9.12582E-01  1.14580E-04
 9.12689E-01  1.14541E-04
 9.12796E-01  1.14501E-04
 9.12903E-01  1.14462E-04
 9.13010E-01  1.14423E-04
 9.13117E-01  1.14383E-04
 9.13224E-01  1.14344E-04
 9.13331E-01  1.14305E-04
 9.13438E-01  1.14265E-04
 9.13546E-01  1.14226E-04
 9.13653E-01  1.14186E-04
 9.13760E-01  1.14147E-04
 9.13868E-01  1.14107E-04
 9.13975E-01  1.14068E-04
 9.14082E-01  1.14028E-04
 9.14190E-01  1.13989E-04
 9.14297E-01  1.13949E-04
 9.14404E-01  1.13910E-04
 9.14512E-01  1.13870E-04
 9.14619E-01  1.13830E-04
 9.14727E-01  1.13791E-04
 9.14834E-01  1.13751E-04
 9.14942E-01  1.13711E-04
 9.15050E-01  1.13672E-04
 9.15157E-01  1.13632E-04
 9.15265E-01  1.13592E-04
 9.15372E-01  1.13553E-04
 9.15480E-01  1.13513E-04
 9.15588E-01  1.13473E-04
 9.15696E-01  1.13434E-04
 9.15803E-01  1.13394E-04
 9.15911E-01  1.13354E-04
 9.16019E-01  1.13314E-04
 9.16127E-01  1.13274E-04
 9.16235E-01  1.13235E-04
 9.16342E-01  1.13195E-04
 9.16450E-01  1.13155E-04
 9.16558E-01  1.13115E-04
 9.16666E-01  1.13075E-04
 9.16774E-01  1.13035E-04
 9.16882E-01  1.12995E-04
 9.16990E-01  1.12955E-04
 9.17098E-01  1.12915E-04
 9.17206E-01  1.12875E-04
 9.17315E-01  1.12835E-04
 9.17423E-01  1.12795E-04
 9.17531E-01  1.12755E-04
 9.17639E-01  1.12715E-04
 9.17747E-01  1.12675E-04
 9.17856E-01  1.12635E-04
 9.17964E-01  1.12595E-04
 9.18072E-01  1.12555E-04
 9.18180E-01  1.12515E-04
 9.18289E-01  1.12475E-04
 9.18397E-01  1.12435E-04
 9.18506E-01  1.12394E-04
 9.18614E-01  1.12354E-04
 9.18722E-01  1.12314E-04
 9.18831E-01  1.12274E-04
 9.18939E-01  1.12234E-04
 9.19048E-01  1.12193E-04
 9.19156E-01  1.12153E-04
 9.19265E-01  1.12113E-04
 9.19374E-01  1.12073E-04
 9.19482E-01  1.12032E-04
 9.19591E-01  1.11992E-04
 9.19700E-01  1.11952E-04
 9.19808E-01  1.11911E-04
 9.19917E-01  1.11871E-04
 9.20026E-01  1.11830E-04
 9.20135E-01  1.11790E-04
 9.20243E-01  1.11750E-04
 9.20352E-01  1.11709E-04
 9.20461E-01  1.11669E-04
 9.20570E-01  1.11628E-04
 9.20679E-01  1.11588E-04
 9.20788E-01  1.11547E-04
 9.20897E-01  1.11507E-04
 9.21006E-01  1.11466E-04
 9.21115E-01  1.11426E-04
 9.21224E-01  1.11385E-04
 9.21333E-01  1.11345E-04
 9.21442E-01  1.11304E-04
 9.21551E-01  1.11483E-04
 9.21660E-01  1.11223E-04
 9.21769E-01  1.11182E-04
 9.21879E-01  1.11142E-04
 9.21988E-01  1.11101E-04
 9.22097E-01  1.11060E-04
 9.22186E-01  1.11027E-04
 9.22206E-01  1.11035E-04
 9.22316E-01  1.11079E-04
 9.22425E-01  1.11123E-04
 9.22534E-01  1.11167E-04
 9.22644E-01  1.11211E-04
 9.22753E-01  1.11255E-04
 9.22862E-01  1.11299E-04
 9.22972E-01  1.11343E-04
 9.23081E-01  1.11387E-04
 9.23191E-01  1.11431E-04
 9.23300E-01  1.11475E-04
 9.23410E-01  1.11519E-04
 9.23520E-01  1.11563E-04
 9.23629E-01  1.11607E-04
 9.23739E-01  1.11651E-04
 9.23848E-01  1.11695E-04
 9.23958E-01  1.11739E-04
 9.24068E-01  1.11783E-04
 9.24178E-01  1.11827E-04
 9.24287E-01  1.11871E-04
 9.24397E-01  1.11916E-04
 9.24507E-01  1.11960E-04
 9.24617E-01  1.12004E-04
 9.24727E-01  1.12048E-04
 9.24837E-01  1.12092E-04
 9.24946E-01  1.12137E-04
 9.25056E-01  1.12181E-04
 9.25166E-01  1.12225E-04
 9.25276E-01  1.12269E-04
 9.25386E-01  1.12314E-04
 9.25496E-01  1.12358E-04
 9.25607E-01  1.12402E-04
 9.25717E-01  1.12447E-04
 9.25827E-01  1.12491E-04
 9.25937E-01  1.12535E-04
 9.26047E-01  1.12580E-04
 9.26157E-01  1.12624E-04
 9.26268E-01  1.12669E-04
 9.26378E-01  1.12713E-04
 9.26488E-01  1.12758E-04
 9.26598E-01  1.12802E-04
 9.26709E-01  1.12846E-04
 9.26819E-01  1.12891E-04
 9.26929E-01  1.12935E-04
 9.27040E-01  1.12980E-04
 9.27150E-01  1.13024E-04
 9.27261E-01  1.13069E-04
 9.27371E-01  1.13114E-04
 9.27482E-01  1.13158E-04
 9.27592E-01  1.13203E-04
 9.27703E-01  1.13247E-04
 9.27814E-01  1.13292E-04
 9.27924E-01  1.13337E-04
 9.28035E-01  1.13381E-04
 9.28146E-01  1.13426E-04
 9.28256E-01  1.13470E-04
 9.28367E-01  1.13582E-04
 9.28478E-01  1.13560E-04
 9.28589E-01  1.13605E-04
 9.28699E-01  1.13649E-04
 9.28810E-01  1.13694E-04
 9.28921E-01  1.13739E-04
 9.29032E-01  1.13784E-04
 9.29143E-01  1.13828E-04
 9.29254E-01  1.13873E-04
 9.29365E-01  1.13918E-04
 9.29476E-01  1.13963E-04
 9.29587E-01  1.14008E-04
 9.29698E-01  1.14052E-04
 9.29809E-01  1.14097E-04
 9.29920E-01  1.14142E-04
 9.30031E-01  1.14187E-04
 9.30142E-01  1.14232E-04
 9.30254E-01  1.14277E-04
 9.30365E-01  1.14322E-04
 9.30476E-01  1.14367E-04
 9.30587E-01  1.14601E-04
 9.30699E-01  1.14457E-04
 9.30810E-01  1.14502E-04
 9.30921E-01  1.14547E-04
 9.31033E-01  1.14850E-04
 9.31144E-01  1.14637E-04
 9.31255E-01  1.14731E-04
 9.31367E-01  1.14727E-04
 9.31478E-01  1.15586E-04
 9.31590E-01  1.14817E-04
 9.31701E-01  1.14862E-04
 9.31813E-01  1.14907E-04
 9.31925E-01  1.14953E-04
 9.32036E-01  1.15737E-04
 9.32148E-01  1.15043E-04
 9.32259E-01  1.15363E-04
 9.32371E-01  1.15133E-04
 9.32483E-01  1.15967E-04
 9.32595E-01  1.15910E-04
 9.32706E-01  1.15269E-04
 9.32818E-01  1.15314E-04
 9.32930E-01  1.15360E-04
 9.33042E-01  1.15405E-04
 9.33154E-01  1.16177E-04
 9.33266E-01  1.16318E-04
 9.33378E-01  1.15541E-04
 9.33490E-01  1.15586E-04
 9.33602E-01  1.17875E-04
 9.33714E-01  1.17846E-04
 9.33826E-01  1.16531E-04
 9.33938E-01  1.19434E-04
 9.34050E-01  1.22637E-04
 9.34162E-01  1.17887E-04
 9.34274E-01  1.23396E-04
 9.34386E-01  1.33071E-04
 9.34498E-01  1.39484E-04
 9.34611E-01  1.54273E-04
 9.34723E-01  1.95202E-04
 9.34835E-01  2.93448E-04
 9.34947E-01  3.92630E-04
 9.35060E-01  6.35545E-04
 9.35172E-01  8.56317E-04
 9.35285E-01  1.14428E-03
 9.35397E-01  1.45085E-03
 9.35509E-01  1.83813E-03
 9.35622E-01  2.00502E-03
 9.35734E-01  2.14549E-03
 9.35847E-01  2.17863E-03
 9.35959E-01  2.08857E-03
 9.36072E-01  2.07964E-03
 9.36185E-01  1.90512E-03
 9.36297E-01  1.85147E-03
 9.36410E-01  1.79470E-03
 9.36523E-01  1.73828E-03
 9.36635E-01  1.76037E-03
 9.36748E-01  1.70290E-03
 9.36861E-01  1.59420E-03
 9.36974E-01  1.48481E-03
 9.37087E-01  1.36438E-03
 9.37199E-01  1.34966E-03
 9.37312E-01  1.33935E-03
 9.37425E-01  1.21220E-03
 9.37538E-01  1.23511E-03
 9.37651E-01  1.14459E-03
 9.37764E-01  1.14103E-03
 9.37877E-01  1.13496E-03
 9.37990E-01  1.10472E-03
 9.38103E-01  1.06033E-03
 9.38216E-01  1.06847E-03
 9.38329E-01  1.05230E-03
 9.38443E-01  1.01886E-03
 9.38556E-01  9.89208E-04
 9.38669E-01  9.88963E-04
 9.38782E-01  9.66291E-04
 9.38895E-01  9.55482E-04
 9.39009E-01  9.28993E-04
 9.39122E-01  9.08801E-04
 9.39235E-01  8.89265E-04
 9.39349E-01  8.77065E-04
 9.39462E-01  8.47187E-04
 9.39576E-01  8.26726E-04
 9.39689E-01  8.29942E-04
 9.39802E-01  7.56477E-04
 9.39916E-01  7.62992E-04
 9.40030E-01  7.10572E-04
 9.40143E-01  7.43716E-04
 9.40257E-01  6.97505E-04
 9.40370E-01  6.41280E-04
 9.40484E-01  6.02728E-04
 9.40598E-01  6.06699E-04
 9.40711E-01  5.89099E-04
 9.40825E-01  5.65642E-04
 9.40939E-01  5.47416E-04
 9.41053E-01  5.29524E-04
 9.41166E-01  4.96350E-04
 9.41280E-01  4.58388E-04
 9.41394E-01  4.52673E-04
 9.41508E-01  4.03349E-04
 9.41622E-01  4.16840E-04
 9.41736E-01  3.92730E-04
 9.41850E-01  3.64675E-04
 9.41964E-01  3.47293E-04
 9.42078E-01  3.26883E-04
 9.42192E-01  3.09629E-04
 9.42306E-01  3.10365E-04
 9.42420E-01  2.84160E-04
 9.42534E-01  2.72136E-04
 9.42648E-01  2.69061E-04
 9.42763E-01  2.44885E-04
 9.42877E-01  2.26189E-04
 9.42991E-01  2.26409E-04
 9.43105E-01  2.18547E-04
 9.43220E-01  1.99539E-04
 9.43334E-01  2.01062E-04
 9.43448E-01  1.89926E-04
 9.43563E-01  1.87310E-04
 9.43677E-01  1.80373E-04
 9.43792E-01  1.70129E-04
 9.43906E-01  1.68039E-04
 9.44021E-01  1.59325E-04
 9.44135E-01  1.58786E-04
 9.44250E-01  1.49732E-04
 9.44364E-01  1.45365E-04
 9.44479E-01  1.45714E-04
 9.44594E-01  1.39372E-04
 9.44708E-01  1.41564E-04
 9.44823E-01  1.35054E-04
 9.44938E-01  1.37072E-04
 9.45052E-01  1.34517E-04
 9.45167E-01  1.31473E-04
 9.45282E-01  1.28724E-04
 9.45397E-01  1.28065E-04
 9.45512E-01  1.26905E-04
 9.45627E-01  1.27644E-04
 9.45741E-01  1.25651E-04
 9.45856E-01  1.25174E-04
 9.45971E-01  1.24205E-04
 9.46086E-01  1.26110E-04
 9.46201E-01  1.23905E-04
 9.46316E-01  1.24573E-04
 9.46432E-01  1.23283E-04
 9.46547E-01  1.22189E-04
 9.46662E-01  1.22518E-04
 9.46777E-01  1.22345E-04
 9.46892E-01  1.22117E-04
 9.47007E-01  1.22629E-04
 9.47123E-01  1.22237E-04
 9.47238E-01  1.22150E-04
 9.47353E-01  1.21891E-04
 9.47469E-01  1.21966E-04
 9.47584E-01  1.22350E-04
 9.47699E-01  1.21671E-04
 9.47815E-01  1.21584E-04
 9.47930E-01  1.21818E-04
 9.48046E-01  1.21754E-04
 9.48161E-01  1.21723E-04
 9.48277E-01  1.21756E-04
 9.48392E-01  1.21670E-04
 9.48508E-01  1.21864E-04
 9.48624E-01  1.21755E-04
 9.48739E-01  1.21804E-04
 9.48855E-01  1.21950E-04
 9.48971E-01  1.22083E-04
 9.49086E-01  1.22063E-04
 9.49202E-01  1.22033E-04
 9.49318E-01  1.22119E-04
 9.49434E-01  1.22083E-04
 9.49549E-01  1.22130E-04
 9.49665E-01  1.22189E-04
 9.49781E-01  1.22225E-04
 9.49897E-01  1.22273E-04
 9.50013E-01  1.22321E-04
 9.50129E-01  1.22378E-04
 9.50245E-01  1.22415E-04
 9.50361E-01  1.22463E-04
 9.50477E-01  1.22511E-04
 9.50593E-01  1.22558E-04
 9.50710E-01  1.22606E-04
 9.50826E-01  1.22654E-04
 9.50942E-01  1.22701E-04
 9.51058E-01  1.22749E-04
 9.51174E-01  1.22797E-04
 9.51291E-01  1.22903E-04
 9.51407E-01  1.22892E-04
 9.51523E-01  1.22940E-04
 9.51640E-01  1.22988E-04
 9.51756E-01  1.23035E-04
 9.51872E-01  1.23083E-04
 9.51989E-01  1.23131E-04
 9.52105E-01  1.23179E-04
 9.52222E-01  1.23227E-04
 9.52338E-01  1.23274E-04
 9.52455E-01  1.23322E-04
 9.52571E-01  1.23370E-04
 9.52688E-01  1.23418E-04
 9.52805E-01  1.23466E-04
 9.52921E-01  1.23514E-04
 9.53038E-01  1.23562E-04
 9.53155E-01  1.23610E-04
 9.53272E-01  1.23658E-04
 9.53388E-01  1.23706E-04
 9.53505E-01  1.23754E-04
 9.53622E-01  1.23802E-04
 9.53739E-01  1.23850E-04
 9.53856E-01  1.23898E-04
 9.53973E-01  1.23946E-04
 9.54090E-01  1.23994E-04
 9.54207E-01  1.24042E-04
 9.54324E-01  1.24090E-04
 9.54441E-01  1.24138E-04
 9.54558E-01  1.24187E-04
 9.54675E-01  1.24235E-04
 9.54792E-01  1.24283E-04
 9.54909E-01  1.24331E-04
 9.55026E-01  1.24379E-04
 9.55144E-01  1.24428E-04
 9.55261E-01  1.24476E-04
 9.55378E-01  1.24524E-04
 9.55495E-01  1.24572E-04
 9.55613E-01  1.24621E-04
 9.55730E-01  1.24669E-04
 9.55847E-01  1.25020E-04
 9.55965E-01  1.24766E-04
 9.56082E-01  1.24814E-04
 9.56200E-01  1.24862E-04
 9.56317E-01  1.24911E-04
 9.56435E-01  1.24959E-04
 9.56552E-01  1.25009E-04
 9.56670E-01  1.25056E-04
 9.56788E-01  1.25105E-04
 9.56905E-01  1.25153E-04
 9.57023E-01  1.25202E-04
 9.57141E-01  1.25250E-04
 9.57258E-01  1.25299E-04
 9.57376E-01  1.25347E-04
 9.57494E-01  1.25396E-04
 9.57612E-01  1.25444E-04
 9.57730E-01  1.25493E-04
 9.57847E-01  1.25541E-04
 9.57965E-01  1.25590E-04
 9.58083E-01  1.25639E-04
 9.58201E-01  1.25687E-04
 9.58319E-01  1.25736E-04
 9.58437E-01  1.25785E-04
 9.58555E-01  1.25833E-04
 9.58673E-01  1.25882E-04
 9.58792E-01  1.25931E-04
 9.58910E-01  1.25980E-04
 9.59028E-01  1.26028E-04
 9.59146E-01  1.26077E-04
 9.59264E-01  1.26126E-04
 9.59383E-01  1.26175E-04
 9.59501E-01  1.26224E-04
 9.59619E-01  1.26272E-04
 9.59737E-01  1.26321E-04
 9.59856E-01  1.26370E-04
 9.59974E-01  1.26419E-04
 9.60093E-01  1.26468E-04
 9.60211E-01  1.26517E-04
 9.60330E-01  1.26566E-04
 9.60448E-01  1.26615E-04
 9.60567E-01  1.26664E-04
 9.60685E-01  1.26713E-04
 9.60804E-01  1.26762E-04
 9.60923E-01  1.26811E-04
 9.61041E-01  1.26860E-04
 9.61160E-01  1.26909E-04
 9.61279E-01  1.26958E-04
 9.61397E-01  1.27007E-04
 9.61516E-01  1.27056E-04
 9.61635E-01  1.27105E-04
 9.61754E-01  1.27154E-04
 9.61873E-01  1.27203E-04
 9.61992E-01  1.27253E-04
 9.62110E-01  1.27302E-04
 9.62229E-01  1.27351E-04
 9.62348E-01  1.27400E-04
 9.62467E-01  1.27449E-04
 9.62587E-01  1.27499E-04
 9.62706E-01  1.27548E-04
 9.62825E-01  1.27597E-04
 9.62944E-01  1.27647E-04
 9.63063E-01  1.27696E-04
 9.63182E-01  1.27745E-04
 9.63301E-01  1.27795E-04
 9.63421E-01  1.27844E-04
 9.63540E-01  1.27893E-04
 9.63659E-01  1.27943E-04
 9.63779E-01  1.27992E-04
 9.63898E-01  1.28042E-04
 9.64017E-01  1.28091E-04
 9.64137E-01  1.28140E-04
 9.64256E-01  1.28190E-04
 9.64376E-01  1.28239E-04
 9.64495E-01  1.28289E-04
 9.64615E-01  1.28338E-04
 9.65737E-01  1.28803E-04
 1.01134E+00  1.35465E-04
 1.05910E+00  1.35074E-04
 1.10912E+00  1.34994E-04
 1.16150E+00  1.30566E-04
 1.21635E+00  1.26132E-04
 1.27379E+00  1.28421E-04
 1.33395E+00  1.25452E-04
 1.39695E+00  1.22977E-04
 1.46292E+00  1.16224E-04
 1.53200E+00  1.12512E-04
 1.60435E+00  1.07585E-04
 1.68012E+00  1.04351E-04
 1.75946E+00  1.02621E-04
 1.84255E+00  1.02168E-04
 1.92957E+00  1.02452E-04
 2.02069E+00  1.03192E-04
 2.11612E+00  1.01655E-04
 2.21605E+00  1.01016E-04
 2.32071E+00  9.98351E-05
 2.43030E+00  9.80331E-05
 2.54507E+00  9.65712E-05
 2.66527E+00  9.51063E-05
 2.79113E+00  9.53906E-05
 2.92295E+00  1.27945E-04
 3.06098E+00  1.48341E-04
 3.20554E+00  1.50727E-04
 3.35692E+00  1.46912E-04
 3.51545E+00  1.50227E-04
 3.68147E+00  1.43865E-04
 3.85533E+00  1.43667E-04
 4.03739E+00  1.40022E-04
 4.22806E+00  1.38562E-04
 4.42773E+00  1.36874E-04
 4.63683E+00  1.34402E-04
 4.85581E+00  1.31783E-04
 5.08512E+00  1.27809E-04
 5.32527E+00  1.27951E-04
 5.57676E+00  1.25851E-04
 5.84012E+00  1.24187E-04
 6.11592E+00  1.22571E-04
 6.40475E+00  1.20835E-04
 6.70721E+00  1.22228E-04
 7.02396E+00  1.24105E-04
 7.35567E+00  1.23372E-04
 7.70304E+00  1.21588E-04
 8.06682E+00  1.19627E-04
 8.44778E+00  1.16295E-04
 8.84673E+00  1.14666E-04
 9.26451E+00  1.12281E-04
 9.70203E+00  1.10067E-04
 1.01602E+01  1.08726E-04
 1.06400E+01  1.06856E-04
 1.11425E+01  1.06013E-04
 1.16687E+01  1.05652E-04
 1.22198E+01  1.04357E-04
 1.27969E+01  1.02491E-04
 1.34012E+01  9.70785E-05
 1.40341E+01  9.16113E-05
 1.46968E+01  8.58338E-05
 1.53909E+01  8.11535E-05
 1.61177E+01  7.66224E-05
 1.68789E+01  7.18958E-05
 1.76760E+01  6.55077E-05
 1.85107E+01  5.80456E-05
 1.93849E+01  5.49578E-05
 2.03004E+01  5.23966E-05
 2.12591E+01  5.00236E-05
 2.22630E+01  4.73321E-05
 2.33144E+01  4.41648E-05
 2.44154E+01  4.12580E-05
 2.55685E+01  3.76389E-05
 2.67759E+01  3.47035E-05
 2.80404E+01  3.21967E-05
 2.93646E+01  2.89126E-05
 3.07514E+01  2.73533E-05
 3.22036E+01  2.52093E-05
 3.37245E+01  2.12592E-05
 3.53171E+01  1.85720E-05
 3.69850E+01  1.75041E-05
 3.87316E+01  1.61047E-05
 4.05607E+01  1.53819E-05
 4.24762E+01  1.46244E-05
 4.44821E+01  1.34566E-05
 4.65828E+01  1.24422E-05
 4.87827E+01  1.18999E-05
 5.10864E+01  1.09462E-05
 5.34990E+01  1.00989E-05
 5.60255E+01  9.20578E-06
 5.86713E+01  8.65084E-06
 6.14421E+01  7.71398E-06
 6.43437E+01  6.85973E-06
 6.73823E+01  6.47328E-06
 7.05645E+01  5.57695E-06
 7.38969E+01  4.99128E-06
 7.73867E+01  4.74555E-06
 8.10413E+01  4.29106E-06
 8.48685E+01  4.18332E-06
 8.88764E+01  3.96336E-06
 9.30736E+01  3.90546E-06
 9.74691E+01  3.86134E-06
 1.02072E+02  3.62953E-06
 1.06892E+02  3.73931E-06
 1.11940E+02  4.29757E-06
 1.17227E+02  5.71462E-06
 1.22763E+02  9.37884E-06
 1.28560E+02  1.78970E-05
 1.34632E+02  3.26801E-05
 1.40990E+02  5.92417E-05
 1.47648E+02  9.89980E-05
 1.54621E+02  1.54627E-04
 1.61923E+02  2.41381E-04
 1.69569E+02  3.71231E-04
 1.77577E+02  5.46373E-04
 1.85964E+02  8.16334E-04
 1.94746E+02  1.19157E-03
 2.03943E+02  1.71507E-03
 2.13574E+02  2.45776E-03
 2.23660E+02  3.44497E-03
 2.34222E+02  4.73296E-03
 2.45284E+02  6.33378E-03
 2.56867E+02  8.23529E-03
 2.68998E+02  1.03128E-02
 2.81701E+02  1.25432E-02
 2.95005E+02  1.48519E-02
 3.08936E+02  1.72169E-02
 3.23526E+02  1.95825E-02
 3.38804E+02  2.19529E-02
 3.54804E+02  2.42294E-02
 3.71560E+02  2.64586E-02
 3.89107E+02  2.85685E-02
 4.07483E+02  3.05447E-02
 4.26726E+02  3.22085E-02
 4.46878E+02  3.35834E-02
 4.67982E+02  3.47660E-02
 4.90083E+02  3.54220E-02
 5.13227E+02  3.58364E-02
 5.37464E+02  3.59193E-02
 5.62846E+02  3.55365E-02
 5.89427E+02  3.48563E-02
 6.17263E+02  3.39107E-02
 6.46413E+02  3.27456E-02
 6.76940E+02  3.13167E-02
 7.08909E+02  2.98159E-02
 7.42387E+02  2.80824E-02
 7.77446E+02  2.63708E-02
 8.14161E+02  2.46012E-02
 8.52610E+02  2.28112E-02
 8.92875E+02  2.10604E-02
 9.35041E+02  1.94463E-02
 9.79199E+02  1.79545E-02
 1.02544E+03  1.65684E-02
 1.07387E+03  1.50308E-02
 1.12458E+03  1.33111E-02
 1.17769E+03  1.17004E-02
 1.23331E+03  1.03537E-02
 1.29155E+03  9.09646E-03
 1.35254E+03  8.00081E-03
 1.41642E+03  7.01194E-03
 1.48331E+03  6.13847E-03
 1.55336E+03  5.37259E-03
 1.62672E+03  4.68214E-03
 1.70354E+03  4.01576E-03
 1.78399E+03  3.54506E-03
 1.86824E+03  2.97842E-03
 1.95646E+03  2.58898E-03
 2.04886E+03  2.18319E-03
 2.14562E+03  1.85170E-03
 2.24694E+03  1.57573E-03
 2.35306E+03  1.33544E-03
 2.46418E+03  1.11630E-03
 2.58055E+03  9.36234E-04
 2.70242E+03  7.99390E-04
 2.83004E+03  6.77512E-04
 2.96369E+03  5.90637E-04
 3.10365E+03  4.99836E-04
 3.25022E+03  4.24232E-04
 3.40371E+03  3.54280E-04
 3.56445E+03  2.79294E-04
 3.73279E+03  2.50109E-04
 3.90907E+03  2.21292E-04
 4.09367E+03  1.72258E-04
 4.28700E+03  1.46866E-04
 4.48945E+03  1.35908E-04
 4.70147E+03  1.05796E-04
 4.92350E+03  9.48944E-05
 5.15601E+03  8.19456E-05
 5.39950E+03  6.45664E-05
 5.65449E+03  5.82006E-05
 5.92153E+03  5.16871E-05
 6.20117E+03  4.72450E-05
 6.49403E+03  3.63700E-05
 6.80071E+03  2.57349E-05
 7.12187E+03  2.51535E-05
 7.45820E+03  2.14494E-05
